94.04
93.83
93.60
93.39
93.10
92.81
92.53
92.33
92.12
91.86
91.53
91.20
90.77
90.49
90.15
89.89
89.69
89.26
89.04
88.76
88.44
88.10
87.79
87.40
87.07
86.76
86.46
86.15
85.75
85.43
85.10
84.73
84.42
84.08
83.77
83.44
83.03
82.70
82.37
82.09
81.89
81.69
81.49
81.29
81.01
80.70
80.42
80.09
79.82
79.50
79.15
78.96
78.61
78.30
77.95
77.63
77.31
76.99
76.69
76.51
76.32
76.11
75.93
75.73
75.53
75.33
75.13
74.94
74.73
74.54
74.36
74.17
73.97
73.78
73.58
73.38
73.20
73.00
72.78
72.54
72.34
72.13
71.92
71.67
71.47
71.26
71.07
70.85
70.66
70.44
70.25
70.06
69.86
69.65
69.43
69.24
69.03
68.81
68.62
68.42
68.22
68.02
67.80
67.59
67.38
67.18
66.98
66.79
66.51
66.28
66.08
65.88
65.63
65.38
65.13
64.92
64.70
64.50
64.32
64.07
63.89
63.68
63.47
63.19
62.99
62.80
62.59
62.40
62.21
61.99
61.78
61.47
61.15
60.87
60.58
60.58
60.46
60.36
60.26
60.15
60.06
59.95
59.84
59.76
59.60
59.47
59.37
59.27
59.17
59.07
58.96
58.86
58.75
58.63
58.54
58.44
58.33
58.22
58.11
57.99
57.85
57.74
57.61
57.50
57.38
57.29
57.16
57.08
56.94
56.85
56.76
56.66
56.55
56.45
56.34
56.25
