88.45
88.24
88.02
87.82
87.63
87.34
87.04
86.74
86.55
86.30
86.00
85.70
85.43
85.18
84.88
84.57
84.26
83.93
83.60
83.27
82.94
82.63
82.28
81.92
81.60
81.27
80.94
80.62
80.28
79.96
79.60
79.29
78.99
78.66
78.32
77.97
77.53
77.20
76.88
76.54
76.33
76.11
75.90
75.70
75.43
75.17
74.89
74.58
74.24
73.92
73.54
73.34
73.02
72.75
72.42
72.06
71.71
71.37
71.04
70.81
70.61
70.40
70.22
70.03
69.82
69.60
69.39
69.20
69.00
68.81
68.62
68.41
68.19
67.97
67.73
67.51
67.30
67.09
66.85
66.65
66.44
66.22
66.01
65.80
65.60
65.41
65.22
65.04
64.84
64.65
64.44
64.23
64.03
63.79
63.57
63.36
63.13
62.90
62.68
62.48
62.30
62.13
61.91
61.72
61.49
61.29
61.09
60.89
60.89
60.77
60.68
60.55
60.44
60.30
60.11
59.92
59.83
59.73
59.61
59.51
59.31
59.22
59.11
59.01
58.86
58.77
58.67
58.57
58.47
58.39
58.28
57.98
57.64
57.32
56.99
56.65
56.54
56.45
56.33
56.22
56.10
56.03
55.93
55.82
55.65
55.52
55.42
55.31
55.20
55.09
54.99
54.89
54.80
54.68
54.59
54.48
54.40
54.29
54.19
54.09
53.99
53.88
53.80
53.71
53.61
53.50
53.42
53.30
53.19
53.04
52.92
52.80
52.68
52.56
52.46
52.37
