92.49
92.27
92.03
91.82
91.58
91.29
90.99
90.68
90.48
90.20
89.87
89.62
89.31
89.04
88.74
88.30
87.90
87.56
87.18
86.79
86.49
86.19
85.87
85.58
85.30
84.96
84.67
84.40
83.97
83.56
83.14
82.76
82.38
81.99
81.80
81.47
81.08
80.73
80.41
80.10
79.88
79.68
79.48
79.28
79.02
78.75
78.44
78.10
77.82
77.51
77.11
76.91
76.56
76.24
75.90
75.53
75.18
74.89
74.59
74.39
74.19
73.98
73.79
73.59
73.37
73.18
72.97
72.77
72.57
72.37
72.16
71.97
71.75
71.55
71.35
71.15
70.94
70.72
70.52
70.33
70.11
69.90
69.69
69.47
69.27
69.07
68.87
68.66
68.44
68.24
68.05
67.85
67.67
67.46
67.26
67.05
66.82
66.65
66.43
66.24
66.02
65.80
65.58
65.38
65.18
64.97
64.79
64.58
64.29
64.08
63.88
63.67
63.45
63.19
62.89
62.69
62.49
62.26
62.07
61.82
61.65
61.44
61.25
60.97
60.79
60.59
60.39
60.19
59.98
59.77
59.41
58.98
58.61
58.22
57.85
57.67
57.46
57.26
57.05
56.87
56.66
56.44
56.25
56.25
56.15
56.03
55.92
55.81
55.70
55.58
55.50
55.40
55.29
55.21
55.07
54.95
54.87
54.78
54.68
54.56
54.46
54.35
54.24
54.14
54.03
53.94
53.86
53.73
53.60
53.48
53.39
53.28
53.15
53.05
52.94
52.84
