71.95
71.75
71.51
71.31
71.13
70.83
70.52
70.21
70.01
69.76
69.42
69.12
68.78
68.44
68.14
68.14
68.00
67.80
67.53
67.36
67.12
66.94
66.67
66.44
66.18
65.95
65.71
65.50
65.26
64.99
64.77
64.52
64.36
64.11
63.89
63.65
63.39
63.08
62.83
62.62
62.44
62.34
62.25
62.17
62.09
61.91
61.73
61.49
61.29
61.12
60.94
60.64
60.54
60.30
60.11
59.90
59.63
59.41
59.20
58.99
58.86
58.76
58.65
58.56
58.46
58.33
58.22
58.11
58.01
57.91
57.81
57.73
57.62
57.53
57.43
57.33
57.24
57.15
57.06
56.97
56.87
56.73
56.63
56.52
56.42
56.31
56.20
56.10
56.01
55.90
55.79
55.69
55.61
55.51
55.38
55.27
55.18
55.07
54.96
54.85
54.75
54.66
54.56
54.48
54.38
54.29
54.19
54.08
53.99
53.80
53.67
53.59
53.47
53.26
53.11
52.96
52.83
52.71
52.60
52.50
52.32
52.24
52.15
52.05
51.86
51.75
51.66
51.59
51.49
51.39
51.28
51.20
50.98
50.77
50.57
50.37
50.18
50.08
49.98
49.89
49.78
49.67
49.57
49.48
49.28
49.14
49.04
48.90
48.81
48.70
48.60
48.50
48.38
48.30
48.18
48.07
47.97
47.85
47.73
47.60
47.52
47.42
47.31
47.20
47.10
46.99
46.89
46.76
46.65
46.53
46.44
46.35
46.22
46.11
46.01
45.91
