93.53
93.33
93.12
92.91
92.72
92.41
92.08
91.74
91.55
91.14
90.84
90.52
90.19
89.87
89.57
89.28
88.93
88.63
88.34
88.02
87.74
87.42
87.09
86.78
86.47
86.15
85.82
85.48
85.10
84.88
84.57
84.21
83.88
83.55
83.23
82.91
82.51
82.16
81.85
81.55
81.37
81.16
80.97
80.79
80.52
80.21
79.90
79.62
79.29
78.98
78.58
78.38
78.05
77.69
77.34
76.97
76.67
76.36
76.04
75.83
75.63
75.44
75.25
75.07
74.87
74.67
74.46
74.26
74.06
73.85
73.64
73.44
73.21
73.02
72.82
72.64
72.45
72.25
72.06
71.82
71.59
71.39
71.19
70.97
70.77
70.56
70.35
70.16
69.93
69.73
69.52
69.32
69.10
68.84
68.61
68.41
68.20
68.01
67.78
67.59
67.37
67.16
66.95
66.75
66.54
66.34
66.12
65.91
65.62
65.42
65.21
65.00
65.00
64.92
64.77
64.61
64.49
64.40
64.26
64.14
63.98
63.89
63.79
63.68
63.49
63.37
63.28
63.18
63.09
62.99
62.88
62.80
62.58
62.36
62.14
61.93
61.71
61.63
61.54
61.45
61.36
61.25
61.13
61.05
60.84
60.76
60.66
60.55
60.46
60.34
60.24
60.10
59.99
59.89
59.77
59.68
59.58
59.46
59.36
59.26
59.16
59.06
58.95
58.85
58.76
58.68
58.59
58.46
58.37
58.24
58.13
58.00
57.90
57.82
57.70
57.63
