81.15
80.92
80.71
80.51
80.29
79.98
79.68
79.42
79.23
78.91
78.58
78.28
77.81
77.48
77.15
76.81
76.60
76.14
75.92
75.61
75.25
74.88
74.53
74.21
73.88
73.52
73.23
72.90
72.52
72.21
71.89
71.53
71.20
70.86
70.51
70.19
69.87
69.60
69.30
69.00
68.79
68.60
68.38
68.18
67.80
67.42
67.02
66.68
66.27
65.86
65.86
65.74
65.41
65.08
64.79
64.46
64.10
63.76
63.46
63.34
63.24
63.13
63.03
62.92
62.82
62.71
62.59
62.50
62.39
62.29
62.21
62.10
62.00
61.92
61.83
61.71
61.58
61.50
61.36
61.25
61.17
61.07
60.97
60.87
60.74
60.61
60.50
60.42
60.31
60.21
60.11
60.01
59.91
59.80
59.65
59.53
59.45
59.35
59.24
59.13
59.02
58.91
58.78
58.68
58.58
58.47
58.36
58.26
58.14
57.97
57.85
57.74
57.65
57.49
57.33
57.15
57.02
56.92
56.82
56.73
56.52
56.40
56.29
56.19
56.04
55.94
55.83
55.74
55.65
55.54
55.43
55.32
55.11
54.89
54.68
54.48
54.24
54.13
54.04
53.92
53.80
53.69
53.59
53.51
53.36
53.24
53.13
53.04
52.93
52.85
52.76
52.62
52.51
52.39
52.28
52.17
52.08
51.99
51.88
51.75
51.62
51.49
51.41
51.31
51.22
51.14
51.03
50.93
50.84
50.72
50.61
50.49
50.38
50.24
50.14
50.04
