95.87
95.66
95.44
95.25
95.05
94.73
94.41
94.12
93.90
93.63
93.29
92.98
92.69
92.41
92.10
91.80
91.47
91.13
90.82
90.51
90.18
89.83
89.49
89.15
88.83
88.51
88.12
87.74
87.41
87.20
86.85
86.47
86.14
85.72
85.34
84.97
84.54
84.17
83.76
83.56
83.34
83.16
82.96
82.76
82.52
82.25
81.91
81.57
81.22
80.89
80.52
80.32
80.01
79.67
79.32
78.96
78.60
78.28
77.96
77.76
77.55
77.34
77.15
76.96
76.74
76.54
76.34
76.13
75.94
75.75
75.57
75.37
75.17
74.98
74.78
74.59
74.41
74.23
74.00
73.78
73.56
73.35
73.14
72.93
72.72
72.53
72.34
72.14
71.93
71.70
71.49
71.31
71.12
70.89
70.69
70.48
70.28
70.04
69.83
69.64
69.45
69.23
69.05
68.84
68.63
68.43
68.19
67.98
67.68
67.48
67.28
67.07
66.77
66.77
66.68
66.51
66.40
66.29
66.19
66.09
65.91
65.82
65.72
65.63
65.46
65.35
65.26
65.16
65.07
64.96
64.88
64.75
64.56
64.33
64.14
63.95
63.71
63.62
63.50
63.40
63.27
63.19
63.11
63.00
62.83
62.72
62.62
62.53
62.42
62.33
62.22
62.10
61.99
61.89
61.78
61.67
61.58
61.47
61.37
61.24
61.11
60.99
60.87
60.77
60.67
60.57
60.49
60.38
60.27
60.18
60.10
60.00
59.86
59.76
59.64
59.52
