75.32
75.11
74.91
74.70
74.30
73.90
73.55
73.37
73.19
73.19
73.06
72.87
72.64
72.41
72.20
71.99
71.77
71.58
71.32
71.14
70.96
70.73
70.49
70.28
69.99
69.77
69.55
69.32
69.12
68.83
68.61
68.38
68.16
67.92
67.67
67.45
67.23
66.97
66.76
66.55
66.37
66.27
66.18
66.08
65.98
65.81
65.66
65.46
65.24
65.01
64.79
64.55
64.44
64.19
63.96
63.75
63.52
63.28
63.02
62.81
62.70
62.59
62.49
62.39
62.29
62.18
62.09
61.97
61.86
61.75
61.67
61.56
61.47
61.37
61.28
61.19
61.08
60.98
60.85
60.74
60.65
60.53
60.42
60.33
60.21
60.10
59.99
59.90
59.80
59.70
59.59
59.49
59.38
59.27
59.12
59.06
58.95
58.87
58.76
58.65
58.55
58.48
58.38
58.26
58.15
58.04
57.94
57.84
57.71
57.53
57.43
57.32
57.22
57.06
56.90
56.74
56.63
56.54
56.45
56.36
56.21
56.11
56.00
55.90
55.71
55.60
55.50
55.41
55.30
55.20
55.09
55.00
54.79
54.58
54.41
54.22
54.04
53.94
53.83
53.73
53.61
53.49
53.40
53.30
53.13
53.01
52.90
52.78
52.67
52.58
52.46
52.37
52.27
52.19
52.07
51.95
51.85
51.76
51.67
51.56
51.45
51.31
51.22
51.13
51.02
50.92
50.81
50.72
50.60
50.47
50.37
50.25
50.12
50.02
49.91
49.80
