78.51
78.30
78.09
77.89
77.70
77.42
77.11
76.81
76.61
76.29
75.96
75.66
75.36
75.03
74.73
74.41
74.11
73.73
73.41
73.11
72.60
72.18
71.77
71.38
71.00
70.62
70.23
69.86
69.86
69.55
69.19
68.86
68.51
68.20
67.86
67.53
67.18
66.82
66.73
66.49
66.27
66.16
66.05
65.96
65.85
65.66
65.49
65.28
65.06
64.84
64.60
64.35
64.25
64.04
63.80
63.57
63.32
63.07
62.83
62.60
62.47
62.37
62.25
62.15
62.06
61.96
61.87
61.76
61.67
61.57
61.47
61.36
61.27
61.15
61.04
60.92
60.81
60.71
60.58
60.47
60.38
60.28
60.19
60.09
59.99
59.90
59.81
59.72
59.61
59.52
59.43
59.33
59.24
59.13
58.96
58.82
58.71
58.62
58.51
58.42
58.32
58.24
58.15
58.07
57.98
57.88
57.79
57.69
57.59
57.40
57.28
57.20
57.09
56.90
56.73
56.57
56.49
56.38
56.26
56.17
56.03
55.96
55.86
55.76
55.57
55.47
55.36
55.24
55.13
55.02
54.90
54.80
54.57
54.35
54.14
53.92
53.70
53.58
53.49
53.40
53.29
53.19
53.08
52.97
52.79
52.63
52.52
52.41
52.29
52.18
52.06
51.96
51.87
51.76
51.64
51.54
51.45
51.36
51.27
51.18
51.05
50.94
50.84
50.74
50.64
50.52
50.41
50.28
50.14
50.05
49.96
49.87
49.72
49.63
49.50
49.41
