113.82
113.58
113.36
113.15
112.94
112.60
112.22
111.87
111.50
111.16
110.56
110.13
109.75
109.37
109.15
108.78
108.24
108.03
107.72
107.40
107.07
106.88
106.57
106.20
105.89
105.57
105.27
104.96
104.67
104.26
104.05
103.79
103.55
103.35
103.05
102.69
102.38
102.05
101.78
101.49
101.20
100.90
100.70
100.46
100.25
100.06
99.60
99.18
98.95
98.62
98.41
98.20
97.89
97.67
97.45
97.18
96.90
96.56
96.25
96.03
95.73
95.51
95.27
94.99
94.71
94.50
94.20
94.00
93.73
93.47
93.27
93.03
92.73
92.51
92.30
92.07
91.85
91.63
91.43
91.21
90.93
90.59
90.35
90.05
89.84
89.61
89.41
89.20
88.99
88.75
88.50
88.30
88.09
87.89
87.66
87.44
87.22
86.94
86.68
86.46
86.24
85.85
85.65
85.34
85.02
84.80
84.53
84.21
83.89
83.54
83.26
83.03
82.71
82.40
82.20
81.89
81.53
81.20
81.20
81.10
80.90
80.70
80.59
80.43
80.30
80.13
79.96
79.86
79.77
79.60
79.51
79.43
79.35
79.23
79.13
79.04
78.94
78.80
78.65
78.54
78.41
78.30
78.14
78.03
77.95
77.80
77.62
77.52
77.33
77.21
77.07
76.94
76.82
76.70
76.53
76.35
76.23
76.14
76.00
75.88
75.75
75.63
75.51
75.38
75.29
75.17
75.02
74.86
74.72
74.60
74.47
74.36
74.24
74.11
73.93
73.82
73.69
73.58
73.42
73.29
73.14
73.04
72.88
72.76
72.63
72.52
72.37
72.20
72.09
71.97
71.87
71.72
71.63
71.51
71.35
71.26
71.16
71.03
70.92
70.83
70.60
70.50
70.40
70.20
70.07
69.95
69.84
69.73
69.62
69.50
69.40
69.21
69.05
68.87
68.72
68.58
68.49
68.40
68.28
68.18
68.09
67.98
67.84
67.75
67.56
67.38
67.28
67.16
67.07
66.95
66.77
66.68
66.56
66.43
66.34
66.22
66.10
65.98
65.84
65.70
65.54
65.43
65.29
65.18
65.07
64.97
64.81
64.69
64.58
64.49
64.30
64.18
64.09
63.96
63.82
63.64
63.42
63.22
63.10
62.99
62.83
62.68
62.54
62.44
62.34
62.23
62.10
61.99
61.87
61.76
61.65
61.52
