113.93
113.70
113.50
113.31
113.09
112.79
112.46
112.04
111.67
111.31
110.86
110.47
110.15
109.78
109.49
109.12
108.84
108.50
108.17
107.80
107.50
107.26
106.94
106.57
106.26
105.86
105.39
105.01
104.66
104.30
103.88
103.61
103.33
103.13
102.87
102.55
102.24
101.91
101.53
101.19
100.91
100.57
100.37
100.17
100.00
99.75
99.49
99.21
98.90
98.60
98.40
98.18
97.90
97.69
97.49
97.21
96.91
96.62
96.34
96.10
95.84
95.65
95.48
95.23
94.95
94.74
94.48
94.27
94.00
93.76
93.51
93.26
92.93
92.69
92.48
92.21
91.94
91.71
91.50
91.26
91.03
90.74
90.51
90.22
89.96
89.71
89.51
89.30
89.08
88.87
88.64
88.44
88.19
87.98
87.75
87.55
87.33
87.10
86.84
86.66
86.43
86.11
85.90
85.55
85.24
85.03
84.69
84.37
84.37
84.25
84.02
83.78
83.41
83.09
82.96
82.65
82.29
82.17
81.72
81.60
81.42
81.24
81.06
80.84
80.73
80.55
80.45
80.31
80.20
79.96
79.85
79.76
79.68
79.51
79.38
79.25
79.16
79.07
78.92
78.79
78.62
78.50
78.39
78.29
78.17
78.05
77.82
77.70
77.58
77.46
77.24
77.15
77.01
76.88
76.77
76.62
76.51
76.40
76.29
76.17
76.04
75.93
75.78
75.67
75.59
75.46
75.30
75.11
74.97
74.86
74.75
74.66
74.57
74.44
74.27
74.16
74.05
73.95
73.83
73.72
73.59
73.47
73.36
73.22
73.06
72.94
72.84
72.75
72.63
72.49
72.39
72.26
72.10
71.97
71.82
71.72
71.63
71.50
71.40
71.29
71.10
71.01
70.89
70.74
70.61
70.47
70.35
70.20
70.06
69.92
69.79
69.66
69.51
69.41
69.31
69.20
69.09
69.01
68.85
68.74
68.60
68.50
68.41
68.29
68.15
67.96
67.86
67.72
67.61
67.50
67.32
67.19
67.09
66.98
66.87
66.77
66.65
66.55
66.42
66.29
66.17
66.06
65.95
65.84
65.71
65.59
65.46
65.36
65.24
65.11
64.92
64.77
64.64
64.48
64.38
64.21
64.02
63.89
63.69
63.56
63.44
63.31
63.19
63.10
62.99
62.91
62.79
62.68
62.56
62.45
62.34
62.24
