114.73
114.51
114.28
114.07
113.85
113.56
113.21
112.87
112.50
112.19
111.74
111.29
110.95
110.55
110.26
109.88
109.60
109.23
108.94
108.59
108.27
108.08
107.76
107.43
107.14
106.85
106.51
106.19
105.89
105.51
105.21
105.00
104.74
104.55
104.23
103.87
103.60
103.24
102.89
102.59
102.33
102.02
101.78
101.55
101.34
101.15
100.85
100.48
100.11
99.90
99.70
99.38
99.14
98.92
98.70
98.51
98.19
97.87
97.60
97.37
97.11
96.86
96.65
96.42
96.14
95.94
95.67
95.45
95.21
94.88
94.58
94.32
93.99
93.79
93.60
93.38
93.15
92.93
92.72
92.51
92.28
91.96
91.74
91.49
91.29
91.07
90.89
90.70
90.50
90.29
90.04
89.80
89.57
89.38
89.15
88.94
88.63
88.34
88.11
87.90
87.69
87.39
87.11
87.11
86.94
86.72
86.43
86.18
86.07
85.89
85.47
85.32
85.20
84.98
84.81
84.68
84.43
84.16
83.92
83.76
83.59
83.44
83.33
83.16
83.04
82.82
82.67
82.49
82.39
82.23
82.12
82.01
81.93
81.81
81.72
81.62
81.54
81.45
81.29
81.16
81.06
80.95
80.75
80.64
80.53
80.40
80.20
80.11
79.95
79.86
79.71
79.58
79.45
79.35
79.21
79.02
78.92
78.80
78.64
78.52
78.36
78.25
78.10
77.99
77.90
77.78
77.65
77.53
77.36
77.25
77.14
77.04
76.91
76.76
76.60
76.49
76.40
76.28
76.13
76.00
75.87
75.79
75.70
75.57
75.42
75.32
75.19
75.04
74.93
74.84
74.73
74.63
74.49
74.35
74.25
74.16
74.05
73.95
73.85
73.66
73.47
73.39
73.28
73.05
72.92
72.76
72.62
72.51
72.42
72.26
72.15
71.99
71.82
71.73
71.60
71.51
71.43
71.32
71.21
71.11
71.00
70.86
70.75
70.66
70.51
70.37
70.27
70.13
70.01
69.86
69.72
69.63
69.53
69.40
69.28
69.13
68.88
68.73
68.62
68.49
68.32
68.18
68.04
67.96
67.84
67.71
67.59
67.47
67.35
67.24
67.09
66.97
66.85
66.73
66.60
66.40
66.23
66.00
65.81
65.71
65.53
65.33
65.21
65.11
65.01
64.91
64.76
64.62
64.48
64.37
64.24
64.14
