114.25
114.01
113.79
113.55
113.34
112.98
112.62
112.31
111.96
111.59
111.14
110.72
110.36
109.98
109.64
109.28
109.02
108.61
108.29
107.98
107.59
107.39
107.07
106.74
106.41
106.08
105.76
105.46
105.15
104.74
104.54
104.24
103.97
103.74
103.50
103.13
102.82
102.53
102.20
101.90
101.69
101.37
101.17
100.97
100.77
100.58
100.30
100.00
99.65
99.36
99.10
98.88
98.55
98.27
98.05
97.84
97.53
97.22
96.92
96.68
96.46
96.24
96.06
95.82
95.60
95.41
95.06
94.82
94.54
94.23
94.03
93.80
93.49
93.18
92.98
92.79
92.53
92.30
92.10
91.88
91.58
91.28
91.08
90.83
90.62
90.40
90.22
90.04
89.86
89.64
89.43
89.22
88.99
88.80
88.56
88.35
88.06
87.80
87.49
87.29
87.05
86.73
86.52
86.17
85.85
85.64
85.36
85.03
84.73
84.43
84.16
83.92
83.59
83.27
83.05
82.73
82.38
82.03
81.74
81.41
81.41
81.30
81.11
80.95
80.83
80.65
80.48
80.35
80.23
80.04
79.95
79.82
79.69
79.49
79.37
79.26
79.16
79.05
78.89
78.76
78.66
78.52
78.36
78.25
78.08
77.92
77.68
77.57
77.39
77.30
77.13
77.05
76.91
76.80
76.67
76.46
76.30
76.21
76.11
75.97
75.85
75.73
75.58
75.49
75.38
75.24
75.09
74.94
74.82
74.70
74.58
74.47
74.35
74.26
74.13
74.03
73.90
73.78
73.62
73.50
73.37
73.26
73.13
72.99
72.87
72.76
72.63
72.51
72.32
72.21
72.05
71.91
71.78
71.66
71.46
71.34
71.25
71.14
71.02
70.93
70.81
70.71
70.59
70.39
70.27
70.11
70.03
69.92
69.78
69.65
69.54
69.36
69.22
69.14
69.02
68.90
68.78
68.69
68.56
68.47
68.38
68.25
68.16
68.07
67.94
67.77
67.66
67.52
67.40
67.26
67.05
66.93
66.79
66.66
66.55
66.46
66.29
66.18
66.03
65.91
65.78
65.70
65.58
65.41
65.28
65.20
65.07
64.95
64.80
64.70
64.60
64.47
64.36
64.21
64.11
63.92
63.67
63.55
63.43
63.27
63.11
63.01
62.88
62.79
62.68
62.55
62.45
62.31
62.20
62.13
62.01
61.92
