114.07
113.84
113.61
113.38
113.04
112.79
112.40
112.05
111.70
111.42
110.96
110.55
110.25
109.97
109.61
109.30
108.99
108.65
108.34
108.04
107.73
107.54
107.24
106.87
106.56
106.26
105.95
105.56
105.27
104.83
104.64
104.28
104.03
103.84
103.56
103.20
102.88
102.42
101.99
101.65
101.26
101.00
100.80
100.58
100.37
100.15
99.94
99.64
99.39
99.08
98.83
98.61
98.34
98.07
97.89
97.66
97.37
96.99
96.70
96.47
96.18
95.98
95.78
95.50
95.25
95.02
94.71
94.49
94.20
93.88
93.65
93.43
93.11
92.83
92.62
92.40
92.13
91.93
91.71
91.51
91.32
90.98
90.75
90.50
90.28
90.07
89.85
89.64
89.40
89.16
88.92
88.70
88.46
88.26
88.02
87.80
87.47
87.21
86.96
86.73
86.50
86.18
85.97
85.58
85.24
84.99
84.72
84.43
84.13
83.85
83.56
83.33
83.04
82.73
82.54
82.24
81.90
81.56
81.22
80.93
80.64
80.42
80.15
79.91
79.66
79.32
79.10
78.88
78.62
78.41
78.23
78.00
78.00
77.90
77.78
77.65
77.57
77.47
77.34
77.19
77.09
76.97
76.81
76.71
76.56
76.43
76.22
76.12
75.99
75.90
75.74
75.65
75.52
75.43
75.34
75.18
75.06
74.93
74.81
74.70
74.55
74.43
74.27
74.14
74.04
73.90
73.76
73.52
73.42
73.29
73.18
73.06
72.94
72.83
72.64
72.53
72.42
72.32
72.17
72.07
71.95
71.83
71.74
71.60
71.46
71.33
71.21
71.11
70.99
70.88
70.74
70.58
70.42
70.32
70.19
70.06
69.96
69.85
69.75
69.65
69.45
69.36
69.26
69.00
68.88
68.77
68.66
68.51
68.42
68.25
68.13
68.00
67.90
67.77
67.55
67.44
67.30
67.21
67.11
67.01
66.90
66.79
66.67
66.55
66.39
66.26
66.15
66.02
65.88
65.74
65.57
65.45
65.35
65.21
65.10
65.00
64.86
64.74
64.57
64.42
64.27
64.19
64.06
63.90
63.75
63.65
63.52
63.41
63.27
63.17
63.00
62.84
62.74
62.63
62.49
62.32
62.12
61.97
61.87
61.73
61.60
61.48
61.36
61.24
61.15
61.04
60.92
60.79
60.62
60.52
60.42
60.33
