114.84
114.62
114.40
114.20
113.98
113.62
113.25
112.89
112.51
112.17
111.72
111.33
110.99
110.57
110.20
109.86
109.43
109.18
108.85
108.49
108.17
107.95
107.66
107.33
107.02
106.68
106.37
106.02
105.74
105.26
105.04
104.76
104.49
104.12
103.70
103.32
102.92
102.55
102.12
101.73
101.51
101.16
100.95
100.73
100.54
100.32
100.07
99.77
99.50
99.19
98.90
98.66
98.39
98.20
98.00
97.80
97.50
97.20
96.92
96.71
96.45
96.23
96.04
95.76
95.49
95.26
94.95
94.72
94.45
94.20
93.97
93.76
93.44
93.21
93.02
92.78
92.48
92.28
92.08
91.88
91.69
91.37
91.14
90.86
90.66
90.43
90.26
90.04
89.83
89.62
89.40
89.15
88.93
88.68
88.44
88.24
87.97
87.71
87.46
87.27
87.03
86.74
86.54
86.21
85.90
85.51
85.14
84.93
84.65
84.19
83.96
83.76
83.42
83.10
82.87
82.59
82.24
81.94
81.62
81.29
81.00
80.79
80.79
80.71
80.59
80.40
80.29
80.14
80.05
79.90
79.79
79.70
79.58
79.44
79.30
79.19
79.09
78.99
78.85
78.73
78.60
78.46
78.31
78.21
78.06
77.90
77.65
77.54
77.35
77.23
77.00
76.90
76.78
76.69
76.60
76.39
76.25
76.15
76.04
75.95
75.82
75.71
75.54
75.41
75.30
75.23
75.10
74.99
74.86
74.74
74.65
74.55
74.45
74.32
74.13
74.03
73.90
73.77
73.66
73.49
73.38
73.26
73.16
73.06
72.94
72.83
72.70
72.59
72.47
72.35
72.25
72.13
72.02
71.89
71.75
71.65
71.57
71.49
71.39
71.25
71.09
71.01
70.92
70.74
70.65
70.51
70.40
70.29
70.17
70.04
69.94
69.74
69.63
69.51
69.28
69.15
69.04
68.93
68.81
68.72
68.57
68.39
68.27
68.18
67.97
67.80
67.70
67.54
67.39
67.24
66.96
66.85
66.76
66.64
66.51
66.40
66.29
66.18
66.02
65.92
65.77
65.67
65.56
65.42
65.30
65.19
65.07
64.94
64.83
64.69
64.56
64.46
64.32
64.19
64.09
63.89
63.74
63.61
63.45
63.27
63.14
63.03
62.90
62.80
62.67
62.55
62.42
62.26
62.14
62.04
61.91
61.82
