113.40
113.22
113.02
112.82
112.59
112.09
111.69
111.25
110.81
110.35
109.93
109.44
109.06
108.82
108.44
108.09
107.81
107.48
107.17
106.83
106.51
106.32
105.96
105.41
105.05
104.68
104.33
104.04
103.56
103.30
103.08
102.77
102.52
102.28
102.01
101.69
101.43
101.16
100.84
100.58
100.34
100.06
99.86
99.66
99.47
99.27
99.02
98.73
98.33
97.96
97.67
97.46
97.19
96.95
96.74
96.35
95.99
95.63
95.43
95.22
94.96
94.72
94.49
94.22
93.99
93.78
93.78
93.63
93.52
93.31
93.17
93.02
92.88
92.69
92.55
92.47
92.35
92.19
92.11
91.99
91.90
91.80
91.52
91.41
91.21
91.09
90.97
90.87
90.72
90.59
90.50
90.38
90.27
90.15
90.00
89.87
89.77
89.58
89.42
89.27
89.18
89.08
88.84
88.76
88.55
88.35
88.24
88.08
87.89
87.74
87.54
87.33
87.21
86.94
86.68
86.59
86.39
86.17
85.95
85.81
85.60
85.43
85.32
85.15
85.01
84.82
84.72
84.58
84.50
84.32
84.21
84.10
84.00
83.87
83.74
83.64
83.53
83.43
83.28
83.13
82.99
82.82
82.64
82.52
82.41
82.26
82.05
81.95
81.67
81.56
81.38
81.29
81.18
81.08
80.97
80.85
80.72
80.61
80.47
80.35
80.24
80.12
79.96
79.85
79.76
79.61
79.49
79.30
79.20
79.09
78.93
78.82
78.71
78.61
78.42
78.31
78.19
78.07
77.94
77.83
77.70
77.58
77.48
77.36
77.23
77.11
76.98
76.88
76.71
76.62
76.49
76.38
76.26
76.12
75.99
75.89
75.78
75.68
75.59
75.48
75.31
75.20
75.11
74.87
74.74
74.59
74.47
74.35
74.23
74.05
73.94
73.80
73.67
73.53
73.33
73.20
73.09
72.99
72.85
72.73
72.62
72.47
72.35
72.25
72.12
71.98
71.88
71.75
71.65
71.50
71.29
71.18
71.07
70.94
70.82
70.71
70.54
70.42
70.27
70.14
69.98
69.87
69.72
69.62
69.47
69.34
69.25
69.13
68.97
68.86
68.75
68.61
68.50
68.31
68.21
68.00
67.79
67.60
67.49
67.40
67.24
67.10
66.99
66.87
66.76
66.68
66.58
66.42
66.31
66.21
66.10
66.00
