114.27
114.01
113.79
113.60
113.38
113.05
112.73
112.37
112.06
111.69
111.23
110.88
110.55
110.12
109.74
109.43
109.01
108.73
108.40
108.15
107.80
107.63
107.35
106.96
106.57
106.25
105.93
105.60
105.28
104.82
104.61
104.28
103.99
103.73
103.46
103.16
102.86
102.54
102.23
101.90
101.61
101.28
101.08
100.87
100.67
100.48
100.26
99.82
99.36
99.18
98.92
98.57
98.33
98.13
97.93
97.70
97.40
97.03
96.74
96.52
96.26
96.06
95.88
95.63
95.33
95.12
94.89
94.67
94.42
94.14
93.89
93.63
93.33
93.12
92.92
92.68
92.42
92.20
92.01
91.77
91.49
91.16
90.92
90.62
90.40
90.18
89.98
89.78
89.52
89.26
88.99
88.77
88.52
88.33
88.11
87.91
87.60
87.35
87.08
86.87
86.64
86.31
86.10
85.76
85.42
85.22
84.92
84.59
84.34
84.04
83.73
83.37
83.02
82.78
82.38
82.01
81.60
81.24
80.80
80.58
80.28
80.02
79.77
79.54
79.25
78.98
78.74
78.54
78.54
78.41
78.31
78.21
78.10
77.98
77.84
77.72
77.61
77.51
77.35
77.20
77.12
76.97
76.85
76.76
76.66
76.52
76.29
76.18
76.01
75.89
75.70
75.59
75.46
75.36
75.23
75.06
74.93
74.84
74.73
74.60
74.48
74.36
74.21
74.11
74.00
73.89
73.76
73.61
73.49
73.38
73.27
73.17
73.02
72.91
72.71
72.56
72.45
72.33
72.19
72.07
71.96
71.85
71.74
71.64
71.51
71.41
71.31
71.15
71.06
70.92
70.80
70.67
70.58
70.47
70.36
70.25
70.16
70.07
69.97
69.84
69.67
69.57
69.49
69.32
69.24
69.11
69.02
68.87
68.75
68.54
68.43
68.28
68.11
67.99
67.85
67.71
67.60
67.46
67.30
67.20
67.06
66.88
66.76
66.66
66.52
66.35
66.24
66.11
66.02
65.87
65.70
65.62
65.50
65.38
65.26
65.14
65.02
64.91
64.75
64.60
64.47
64.35
64.23
64.07
63.87
63.72
63.64
63.54
63.39
63.27
63.13
63.00
62.90
62.76
62.68
62.50
62.34
62.15
61.98
61.88
61.73
61.59
61.51
61.41
61.29
61.14
61.04
60.92
60.81
60.71
60.62
60.51
