115.03
114.78
114.54
114.34
114.15
113.82
113.49
113.03
112.65
112.25
111.85
111.57
111.21
110.87
110.59
110.21
109.93
109.58
109.25
108.92
108.44
108.24
107.93
107.61
107.33
107.04
106.73
106.39
106.10
105.65
105.43
105.08
104.76
104.53
104.24
103.94
103.63
103.35
103.03
102.70
102.42
102.10
101.91
101.69
101.50
101.31
101.02
100.73
100.46
100.13
99.91
99.68
99.41
99.21
99.00
98.79
98.46
98.17
97.87
97.65
97.39
97.20
96.97
96.69
96.42
96.22
95.96
95.76
95.49
95.21
94.94
94.75
94.45
94.24
94.03
93.78
93.60
93.40
93.20
92.98
92.73
92.48
92.26
91.96
91.75
91.53
91.34
91.13
90.93
90.70
90.47
90.24
90.03
89.82
89.59
89.39
89.11
88.83
88.58
88.38
87.98
87.78
87.39
87.00
86.81
86.56
86.13
85.73
85.38
84.99
84.78
84.57
84.25
84.25
84.09
83.96
83.72
83.44
83.20
82.98
82.74
82.56
82.44
82.30
82.16
81.96
81.82
81.69
81.59
81.41
81.28
81.18
81.09
80.92
80.78
80.67
80.59
80.50
80.34
80.22
80.02
79.91
79.79
79.70
79.58
79.46
79.23
79.11
78.77
78.66
78.43
78.31
78.18
78.05
77.92
77.73
77.59
77.48
77.32
77.19
77.09
76.95
76.80
76.70
76.62
76.49
76.36
76.18
76.07
75.96
75.86
75.77
75.68
75.57
75.44
75.32
75.21
75.08
74.94
74.80
74.67
74.57
74.46
74.36
74.24
74.12
74.01
73.91
73.77
73.64
73.55
73.44
73.29
73.16
73.06
72.94
72.84
72.71
72.59
72.45
72.32
72.21
72.11
71.94
71.82
71.64
71.50
71.39
71.23
71.08
70.98
70.82
70.70
70.57
70.43
70.34
70.22
70.10
69.97
69.86
69.75
69.61
69.51
69.42
69.27
69.11
69.01
68.90
68.81
68.71
68.47
68.34
68.24
68.11
68.01
67.89
67.71
67.58
67.41
67.28
67.17
67.07
66.93
66.77
66.62
66.49
66.36
66.25
66.10
65.99
65.85
65.77
65.66
65.53
65.42
65.18
64.94
64.75
64.63
64.52
64.43
64.32
64.16
64.08
63.97
63.88
63.74
63.63
63.48
63.38
63.28
63.16
