113.76
113.54
113.28
113.07
112.85
112.54
112.16
111.76
111.40
111.12
110.65
110.20
109.92
109.51
109.21
108.87
108.61
108.28
107.98
107.43
107.19
106.80
106.41
106.20
105.90
105.58
105.33
105.02
104.72
104.35
104.13
103.82
103.55
103.34
103.05
102.74
102.41
102.14
101.78
101.47
101.17
100.81
100.58
100.36
100.16
99.96
99.73
99.45
99.21
98.88
98.56
98.31
98.02
97.80
97.61
97.38
97.01
96.70
96.42
96.17
95.89
95.67
95.43
95.22
95.01
94.78
94.51
94.25
94.00
93.74
93.47
93.23
92.92
92.71
92.50
92.31
92.03
91.83
91.63
91.42
91.21
90.94
90.71
90.41
90.19
89.94
89.72
89.50
89.27
89.03
88.80
88.58
88.37
88.10
87.85
87.65
87.41
87.14
86.90
86.69
86.46
86.13
85.91
85.58
85.27
85.04
84.75
84.43
84.43
84.30
84.10
83.92
83.82
83.59
83.33
83.23
83.03
82.82
82.59
82.35
82.17
82.03
81.93
81.73
81.60
81.41
81.29
81.15
81.05
80.89
80.80
80.71
80.60
80.44
80.31
80.18
80.08
79.97
79.81
79.68
79.45
79.34
79.21
79.09
78.96
78.78
78.53
78.43
78.28
78.19
78.01
77.92
77.77
77.65
77.53
77.35
77.22
77.11
77.01
76.91
76.84
76.75
76.58
76.46
76.37
76.26
76.11
75.97
75.82
75.67
75.58
75.46
75.30
75.19
75.03
74.93
74.80
74.68
74.59
74.46
74.31
74.19
74.08
73.99
73.86
73.77
73.62
73.50
73.39
73.30
73.21
73.09
72.96
72.83
72.73
72.62
72.52
72.44
72.33
72.18
72.00
71.90
71.79
71.61
71.51
71.35
71.21
71.07
70.98
70.84
70.75
70.62
70.46
70.31
70.07
69.97
69.80
69.71
69.59
69.50
69.35
69.23
69.10
69.00
68.85
68.69
68.60
68.47
68.33
68.18
68.01
67.88
67.78
67.66
67.54
67.42
67.30
67.20
67.05
66.91
66.78
66.69
66.59
66.47
66.36
66.24
66.10
65.99
65.84
65.75
65.60
65.46
65.36
65.19
65.08
64.92
64.66
64.54
64.43
64.35
64.15
64.04
63.91
63.79
63.70
63.59
63.49
63.35
63.18
63.11
62.98
62.87
