112.97
112.76
112.55
112.35
112.14
111.79
111.26
110.90
110.52
110.12
110.12
109.68
109.30
108.92
108.52
108.14
107.77
107.42
107.08
106.79
106.63
106.26
106.18
105.98
105.73
105.54
105.29
105.09
104.89
104.68
104.38
104.29
104.10
103.96
103.85
103.64
103.36
103.15
102.91
102.71
102.46
102.25
102.07
101.96
101.86
101.73
101.62
101.53
101.28
101.11
100.93
100.81
100.70
100.49
100.37
100.27
100.13
99.91
99.66
99.46
99.33
99.19
99.06
98.96
98.82
98.62
98.52
98.34
98.22
98.07
97.90
97.73
97.63
97.34
97.19
97.08
96.89
96.70
96.58
96.46
96.33
96.16
95.89
95.77
95.58
95.45
95.33
95.23
95.13
94.98
94.85
94.73
94.62
94.51
94.39
94.22
94.14
93.95
93.79
93.64
93.55
93.43
93.20
93.09
92.85
92.60
92.50
92.33
92.11
91.95
91.74
91.52
91.43
91.20
90.96
90.88
90.70
90.44
90.21
90.05
89.86
89.67
89.52
89.37
89.27
89.08
88.95
88.83
88.73
88.58
88.47
88.37
88.26
88.08
87.95
87.86
87.76
87.67
87.52
87.38
87.17
87.03
86.93
86.84
86.73
86.54
86.30
86.19
85.92
85.81
85.64
85.50
85.37
85.27
85.13
84.98
84.85
84.74
84.62
84.45
84.32
84.22
84.11
83.98
83.88
83.79
83.65
83.54
83.43
83.31
83.22
83.14
83.00
82.90
82.74
82.61
82.49
82.39
82.26
82.13
81.99
81.90
81.81
81.71
81.55
81.41
81.28
81.16
80.95
80.84
80.70
80.53
80.41
80.29
80.12
80.01
79.92
79.77
79.66
79.55
79.39
79.26
79.15
78.93
78.83
78.71
78.57
78.44
78.34
78.23
78.13
77.99
77.84
77.71
77.55
77.43
77.29
77.18
77.06
76.96
76.81
76.59
76.49
76.41
76.24
76.08
75.98
75.86
75.76
75.62
75.44
75.33
75.23
75.06
74.93
74.81
74.67
74.58
74.43
74.33
74.22
74.12
74.01
73.89
73.80
73.69
73.58
73.48
73.33
73.26
73.12
73.01
72.91
72.80
72.69
72.57
72.38
72.20
72.10
71.98
71.80
71.63
71.50
71.40
71.31
71.21
71.09
70.97
70.81
70.72
70.63
70.51
