112.53
112.33
112.12
111.92
111.58
111.33
110.87
110.45
110.05
109.67
109.19
108.69
108.34
108.34
108.18
107.97
107.72
107.52
107.20
106.98
106.80
106.56
106.42
106.20
105.94
105.76
105.50
105.26
104.99
104.76
104.51
104.39
104.19
104.00
103.86
103.66
103.44
103.25
103.00
102.75
102.54
102.34
102.10
101.99
101.88
101.77
101.67
101.52
101.26
101.08
100.84
100.71
100.57
100.38
100.29
100.17
100.02
99.86
99.65
99.45
99.33
99.22
99.15
99.05
98.91
98.75
98.65
98.51
98.38
98.30
98.04
97.90
97.81
97.67
97.56
97.46
97.35
97.12
97.00
96.88
96.77
96.64
96.47
96.35
96.14
96.03
95.87
95.76
95.67
95.54
95.40
95.30
95.11
94.98
94.81
94.71
94.61
94.48
94.25
94.00
93.90
93.76
93.58
93.50
93.30
93.08
92.93
92.79
92.59
92.41
92.17
91.85
91.72
91.52
91.31
91.16
90.91
90.65
90.41
90.27
90.11
89.95
89.87
89.73
89.61
89.42
89.31
89.16
89.04
88.87
88.76
88.63
88.53
88.40
88.24
88.11
88.01
87.90
87.75
87.60
87.47
87.35
87.21
87.10
87.00
86.84
86.61
86.50
86.34
86.22
85.98
85.86
85.75
85.63
85.53
85.33
85.22
85.11
84.98
84.82
84.70
84.57
84.35
84.24
84.13
84.00
83.91
83.77
83.63
83.53
83.43
83.34
83.23
83.12
82.95
82.84
82.73
82.59
82.43
82.33
82.19
82.08
81.98
81.85
81.70
81.57
81.42
81.27
81.16
81.02
80.92
80.79
80.64
80.52
80.41
80.32
80.23
80.12
80.03
79.87
79.66
79.56
79.44
79.25
79.11
78.92
78.80
78.71
78.60
78.49
78.39
78.17
78.06
77.98
77.87
77.68
77.58
77.48
77.36
77.24
77.11
76.93
76.82
76.69
76.52
76.31
76.21
76.07
75.97
75.81
75.67
75.55
75.45
75.29
75.19
75.06
74.95
74.82
74.68
74.53
74.44
74.33
74.20
74.08
73.88
73.78
73.63
73.53
73.41
73.29
73.15
73.08
73.00
72.88
72.73
72.54
72.32
72.16
72.03
71.88
71.76
71.67
71.53
71.45
71.35
71.26
71.14
71.02
70.89
70.80
70.70
