114.82
114.60
114.41
114.20
113.97
113.62
113.30
112.93
112.53
112.08
111.53
111.12
110.75
110.39
109.97
109.58
109.28
108.83
108.47
108.24
107.82
107.62
107.31
106.95
106.67
106.31
106.00
105.68
105.42
105.04
104.84
104.59
104.34
104.15
103.86
103.51
103.20
102.74
102.38
102.10
101.76
101.51
101.32
101.11
100.92
100.71
100.51
100.20
99.93
99.61
99.36
99.14
98.85
98.62
98.39
98.05
97.75
97.41
97.18
96.96
96.70
96.47
96.30
96.05
95.81
95.60
95.35
95.11
94.83
94.58
94.35
94.10
93.80
93.52
93.32
93.10
92.86
92.65
92.45
92.23
92.01
91.72
91.48
91.22
91.02
90.79
90.59
90.37
90.16
89.91
89.66
89.32
89.12
88.92
88.72
88.51
88.26
88.01
87.80
87.61
87.40
87.07
86.87
86.55
86.24
86.03
85.72
85.34
85.06
84.75
84.41
84.20
83.81
83.46
83.26
82.94
82.61
82.27
81.99
81.68
81.43
81.21
80.99
80.74
80.74
80.64
80.48
80.38
80.27
80.10
79.98
79.87
79.76
79.58
79.45
79.29
79.20
79.10
78.96
78.84
78.74
78.63
78.47
78.36
78.25
78.12
77.93
77.82
77.67
77.56
77.42
77.27
77.16
77.07
76.95
76.81
76.70
76.59
76.45
76.28
76.15
76.03
75.88
75.70
75.61
75.50
75.35
75.19
75.08
74.98
74.88
74.77
74.67
74.54
74.33
74.19
74.08
73.96
73.82
73.70
73.58
73.45
73.34
73.22
73.10
72.98
72.87
72.75
72.62
72.48
72.36
72.22
72.10
71.99
71.88
71.79
71.68
71.56
71.45
71.33
71.17
71.08
70.98
70.83
70.73
70.61
70.49
70.36
70.21
70.06
69.96
69.77
69.59
69.47
69.36
69.22
69.10
68.97
68.84
68.72
68.57
68.36
68.26
68.15
67.99
67.84
67.73
67.58
67.42
67.26
67.11
67.02
66.93
66.83
66.73
66.60
66.49
66.41
66.23
66.07
65.96
65.85
65.74
65.63
65.47
65.34
65.22
65.13
64.98
64.87
64.79
64.67
64.58
64.46
64.35
64.16
64.03
63.84
63.71
63.62
63.45
63.34
63.18
63.06
62.91
62.76
62.65
62.53
62.38
62.27
62.16
62.07
