115.21
115.02
114.80
114.52
114.28
113.91
113.66
113.33
113.00
112.65
112.30
111.93
111.63
111.32
110.96
110.65
110.14
109.88
109.57
109.21
108.91
108.68
108.35
108.05
107.71
107.39
107.07
106.80
106.34
106.00
105.79
105.45
105.17
104.81
104.40
103.99
103.59
103.17
102.79
102.36
102.13
101.84
101.58
101.31
101.10
100.83
100.59
100.28
100.03
99.74
99.53
99.32
99.04
98.82
98.63
98.41
98.03
97.70
97.41
97.15
96.93
96.74
96.47
96.27
96.07
95.86
95.61
95.38
95.13
94.92
94.70
94.52
94.28
94.04
93.79
93.54
93.34
93.10
92.89
92.70
92.46
92.26
92.05
91.83
91.61
91.38
91.13
90.92
90.72
90.52
90.31
90.11
89.91
89.65
89.44
89.22
88.93
88.70
88.48
88.26
88.04
87.72
87.51
87.18
86.92
86.60
86.28
86.05
85.74
85.29
85.06
84.85
84.52
84.16
83.92
83.62
83.30
83.02
82.68
82.35
82.06
81.85
81.85
81.73
81.60
81.47
81.33
81.23
81.13
80.96
80.86
80.70
80.54
80.38
80.29
80.19
80.06
79.93
79.75
79.59
79.47
79.36
79.20
79.11
78.98
78.85
78.70
78.53
78.36
78.26
78.14
78.03
77.88
77.75
77.61
77.49
77.37
77.24
77.11
77.00
76.90
76.80
76.67
76.55
76.40
76.19
76.10
75.97
75.86
75.71
75.58
75.46
75.37
75.25
