113.63
113.43
113.19
112.95
112.69
112.35
112.07
111.75
111.45
111.12
110.71
110.36
110.01
109.66
109.33
108.98
108.53
108.20
107.81
107.59
107.24
107.01
106.72
106.39
106.10
105.81
105.47
105.19
104.80
104.46
104.22
103.94
103.94
103.84
103.72
103.51
103.33
103.17
102.95
102.68
102.46
102.26
102.05
101.96
101.79
101.67
101.45
101.35
101.09
100.87
100.67
100.56
100.44
100.24
100.13
100.01
99.88
99.52
99.31
99.11
98.94
98.81
98.68
98.50
98.37
98.25
98.14
97.91
97.79
97.69
97.60
97.46
97.33
97.18
96.99
96.81
96.67
96.56
96.45
96.34
96.23
96.07
95.96
95.84
95.73
95.62
95.51
95.38
95.26
95.12
95.01
94.93
94.84
94.72
94.56
94.43
94.29
94.15
93.95
93.86
93.71
93.62
93.40
93.28
93.02
92.84
92.72
92.52
92.32
92.08
91.93
91.73
91.61
91.36
91.13
91.02
90.75
90.54
90.33
90.08
89.87
89.67
89.59
89.47
89.35
89.22
89.09
88.99
88.86
88.70
88.59
88.44
88.32
88.08
87.97
87.88
87.76
87.65
87.52
87.35
87.22
87.08
86.99
86.88
86.76
86.62
86.45
86.31
86.15
86.00
85.89
85.78
85.65
85.49
85.36
85.28
85.06
84.91
84.75
84.64
84.55
84.44
84.35
84.24
84.10
84.00
83.90
83.81
83.69
83.59
83.46
83.33
83.21
83.09
