112.97
112.74
112.48
112.25
111.93
111.65
111.20
110.84
110.43
110.02
110.02
109.73
109.36
109.05
108.65
108.36
107.93
107.64
107.32
106.99
106.87
106.61
106.43
106.17
105.92
105.66
105.48
105.27
105.10
104.85
104.65
104.53
104.32
104.10
104.01
103.79
103.63
103.45
103.25
103.04
102.81
102.58
102.37
102.25
102.05
101.92
101.77
101.63
101.44
101.19
101.01
100.92
100.79
100.58
100.44
100.29
100.17
99.91
99.69
99.41
99.28
99.16
99.05
98.95
98.85
98.76
98.65
98.40
98.24
98.11
97.99
97.87
97.73
97.61
97.50
97.29
97.17
97.07
96.95
96.85
96.75
96.64
96.51
96.39
96.25
95.99
95.86
95.70
95.59
95.48
95.39
95.25
95.17
95.07
94.93
94.84
94.75
94.60
94.43
94.33
94.22
94.13
93.86
93.76
93.49
93.30
93.20
92.90
92.69
92.46
92.25
92.03
91.92
91.72
91.50
91.38
91.15
90.85
90.63
90.40
90.15
89.93
89.83
89.59
89.41
89.25
89.07
88.96
88.86
88.70
88.53
88.38
88.26
88.07
87.97
87.86
87.76
87.63
87.48
87.38
87.27
87.17
87.04
86.92
86.83
86.73
86.59
86.43
86.29
86.17
86.06
85.92
85.81
85.63
85.51
85.42
85.28
85.15
85.00
84.88
84.79
84.66
84.55
84.46
84.35
84.17
84.06
83.94
83.82
83.68
83.55
83.42
83.32
83.19
