115.02
114.79
114.56
114.32
114.12
113.78
113.51
113.21
112.87
112.45
112.12
111.79
111.42
111.04
110.64
110.20
109.82
109.41
108.98
108.74
108.37
108.14
107.82
107.45
107.08
106.72
106.38
106.10
105.76
105.43
105.21
104.92
104.56
104.37
104.04
103.74
103.49
103.03
102.74
102.42
102.07
101.86
101.63
101.39
101.20
100.93
100.71
100.40
100.07
99.76
99.56
99.36
99.02
98.79
98.57
98.29
97.89
97.55
97.33
97.11
96.94
96.68
96.44
96.25
96.04
95.82
95.49
95.17
94.93
94.70
94.49
94.29
94.03
93.81
93.58
93.37
93.15
92.91
92.66
92.39
92.19
91.94
91.70
91.45
91.23
90.97
90.71
90.49
90.29
90.11
89.90
89.70
89.50
89.28
89.08
88.86
88.61
88.29
88.06
87.81
87.63
87.30
87.10
86.80
86.51
86.33
86.03
85.71
85.38
85.06
84.74
84.54
84.23
83.92
83.72
83.43
83.11
82.86
82.53
82.20
81.89
81.69
81.39
81.18
81.18
81.08
80.99
80.85
80.75
80.57
80.41
80.26
80.14
79.95
79.86
79.72
79.57
79.48
79.27
79.14
79.01
78.90
78.79
78.71
78.59
78.47
78.34
78.21
78.12
78.02
77.88
77.78
77.65
77.54
77.40
77.30
77.14
77.02
76.87
76.77
76.66
76.52
76.40
76.27
76.15
75.93
75.82
75.69
75.57
75.41
75.28
75.14
75.03
74.86
