113.25
113.00
112.81
112.54
112.31
111.94
111.65
111.30
111.01
110.68
110.34
109.96
109.60
109.18
109.18
109.04
108.74
108.36
108.26
108.04
107.57
107.43
107.05
106.65
106.53
106.32
106.14
105.89
105.70
105.44
105.26
105.07
104.86
104.65
104.54
104.34
104.17
103.93
103.68
103.46
103.27
103.03
102.84
102.69
102.48
102.37
102.21
102.11
101.88
101.66
101.47
101.34
101.24
101.01
100.84
100.72
100.63
100.35
100.14
99.93
99.83
99.69
99.58
99.45
99.35
99.24
99.12
98.96
98.80
98.68
98.55
98.45
98.33
98.19
98.05
97.92
97.82
97.69
97.57
97.48
97.36
97.25
97.15
97.02
96.89
96.68
96.59
96.45
96.32
96.24
96.16
96.05
95.93
95.81
95.69
95.59
95.49
95.30
95.16
95.05
94.81
94.70
94.40
94.28
94.06
93.85
93.72
93.53
93.34
93.16
93.00
92.82
92.72
92.52
92.28
92.13
91.95
91.74
91.58
91.32
91.04
90.82
90.69
90.48
90.35
90.19
90.08
90.00
89.89
89.73
89.63
89.48
89.36
89.21
89.07
88.97
88.85
88.74
88.58
88.43
88.28
88.17
88.02
87.88
87.76
87.64
87.52
87.36
87.23
87.14
87.00
86.88
86.79
86.63
86.47
86.37
86.16
85.97
85.84
85.75
85.63
85.50
85.38
85.27
85.12
84.90
84.79
84.70
84.57
84.42
84.30
84.16
84.07
83.95
