115.03
114.81
114.57
114.29
114.04
113.73
113.41
113.08
112.75
112.43
112.05
111.69
111.33
111.00
110.65
110.30
110.01
109.64
109.34
108.97
108.65
108.39
108.07
107.64
107.30
107.01
106.63
106.32
105.92
105.60
105.28
105.07
104.78
104.55
104.21
103.88
103.58
103.28
102.97
102.67
102.30
102.03
101.80
101.55
101.33
101.07
100.87
100.47
100.15
99.94
99.75
99.46
99.20
98.97
98.68
98.47
98.12
97.83
97.51
97.24
96.98
96.75
96.52
96.31
96.10
95.89
95.61
95.36
95.16
94.92
94.72
94.54
94.33
94.12
93.86
93.62
93.40
93.17
92.96
92.74
92.52
92.32
92.09
91.89
91.62
91.41
91.14
90.94
90.72
90.54
90.34
90.15
89.96
89.73
89.53
89.28
89.01
88.76
88.57
88.31
88.11
87.80
87.62
87.62
87.48
87.25
86.92
86.60
86.47
86.25
85.94
85.83
85.73
85.51
85.21
85.09
84.88
84.65
84.54
84.31
84.02
83.79
83.69
83.52
83.42
83.27
83.13
83.02
82.91
82.78
82.66
82.50
82.37
82.18
82.08
81.99
81.87
81.75
81.57
81.43
81.31
81.16
81.03
80.92
80.76
80.64
80.50
80.32
80.17
80.04
79.87
79.74
79.61
79.49
79.30
79.20
79.04
78.88
78.71
78.60
78.50
78.41
78.27
78.18
78.05
77.85
77.75
77.60
77.47
77.35
77.25
77.11
76.98
76.82
