114.22
114.01
113.76
113.51
113.27
112.97
112.60
112.29
112.01
111.62
111.24
110.84
110.47
110.13
109.90
109.53
109.01
108.78
108.48
108.15
107.84
107.60
107.36
106.96
106.64
106.31
106.00
105.69
105.33
105.01
104.81
104.47
104.18
103.98
103.70
103.44
103.17
102.85
102.51
102.16
101.82
101.51
101.27
100.88
100.62
100.38
99.99
99.62
99.38
99.06
98.85
98.65
98.36
98.12
97.89
97.66
97.28
97.00
96.68
96.46
96.23
96.02
95.77
95.55
95.33
95.12
94.86
94.60
94.36
94.13
93.89
93.64
93.44
93.21
92.97
92.74
92.49
92.29
92.07
91.88
91.64
91.42
91.18
90.97
90.70
90.46
90.23
90.03
89.80
89.57
89.35
89.14
88.94
88.74
88.54
88.33
88.05
87.83
87.65
87.44
87.24
86.91
86.68
86.24
85.92
85.73
85.35
85.03
84.71
84.35
84.05
83.82
83.50
83.16
82.97
82.67
82.34
82.08
82.08
81.90
81.66
81.47
81.37
81.24
81.10
80.91
80.75
80.65
80.57
80.41
80.31
80.15
80.02
79.82
79.67
79.55
79.37
79.26
79.05
78.93
78.79
78.63
78.49
78.34
78.17
78.04
77.89
77.77
77.65
77.58
77.46
77.34
77.23
77.09
76.96
76.85
76.75
76.56
76.44
76.32
76.22
76.08
75.99
75.90
75.75
75.61
75.50
75.37
75.25
75.11
75.01
74.83
74.73
74.61
