113.95
113.75
113.51
113.25
113.02
112.68
112.37
112.06
111.69
111.31
110.92
110.57
110.27
109.90
109.54
109.17
108.83
108.54
108.27
107.79
107.60
107.12
106.63
106.41
106.13
105.84
105.51
105.24
104.92
104.59
104.33
104.05
103.78
103.57
103.21
102.91
102.60
102.23
101.88
101.53
101.25
100.95
100.74
100.49
100.28
100.04
99.84
99.49
99.17
98.92
98.70
98.49
98.18
97.93
97.65
97.37
97.01
96.73
96.44
96.18
95.99
95.76
95.56
95.34
95.13
94.91
94.62
94.43
94.19
93.96
93.75
93.54
93.27
93.02
92.77
92.55
92.29
92.06
91.83
91.65
91.44
91.17
90.95
90.73
90.47
90.23
89.95
89.74
89.56
89.36
89.16
88.95
88.74
88.55
88.33
88.12
87.88
87.68
87.47
87.24
87.03
86.73
86.52
86.18
85.87
85.65
85.31
84.99
84.99
84.85
84.69
84.45
84.31
84.07
83.82
83.72
83.51
83.34
83.12
82.88
82.66
82.48
82.39
82.29
82.15
81.98
81.82
81.72
81.60
81.39
81.28
81.11
80.99
80.82
80.68
80.55
80.45
80.33
80.16
80.01
79.89
79.74
79.64
79.53
79.42
79.31
79.14
78.98
78.83
78.73
78.64
78.54
78.42
78.30
78.14
78.04
77.89
77.72
77.56
77.46
77.36
77.25
77.14
77.03
76.89
76.67
76.58
76.46
76.37
76.24
76.08
75.96
75.83
75.66
