114.79
114.57
114.37
114.11
113.87
113.45
113.14
112.85
112.52
112.18
111.81
111.45
111.12
110.71
110.48
110.15
109.85
109.53
109.25
108.95
108.60
108.35
107.98
107.59
107.28
106.99
106.67
106.41
106.04
105.74
105.49
105.21
104.93
104.73
104.44
104.17
103.86
103.54
103.24
102.88
102.62
102.34
102.09
101.84
101.63
101.40
101.18
100.83
100.49
100.16
99.96
99.77
99.48
99.23
99.01
98.78
98.35
98.06
97.78
97.54
97.31
97.10
96.88
96.69
96.46
96.24
95.99
95.76
95.53
95.29
95.07
94.88
94.64
94.40
94.16
93.94
93.73
93.52
93.30
93.10
92.90
92.67
92.44
92.21
91.95
91.71
91.47
91.23
91.00
90.80
90.59
90.39
90.17
89.93
89.74
89.53
89.53
89.43
89.20
89.07
88.92
88.82
88.57
88.45
88.20
88.01
87.90
87.67
87.44
87.24
87.02
86.78
86.68
86.47
86.25
86.13
85.90
85.66
85.49
85.24
85.01
84.84
84.76
84.62
84.49
84.33
84.22
84.12
84.02
83.87
83.74
83.62
83.47
83.28
83.14
83.03
82.85
82.75
82.62
82.48
82.36
82.22
82.12
82.04
81.90
81.80
81.69
81.56
81.41
81.33
81.21
81.11
81.01
80.89
80.73
80.60
80.46
80.30
80.18
80.04
79.93
79.84
79.73
79.62
79.50
79.32
79.19
79.03
78.92
78.78
78.64
78.50
78.39
78.28
