114.45
114.24
114.01
113.68
113.41
113.09
112.76
112.43
112.10
111.76
111.46
111.10
110.75
110.38
110.01
109.77
109.45
109.12
108.85
108.51
108.16
107.94
107.62
107.25
106.95
106.62
106.34
106.05
105.72
105.43
105.21
104.92
104.64
104.43
104.12
103.85
103.52
103.17
102.87
102.57
102.24
101.97
101.75
101.47
101.25
100.96
100.74
100.45
100.12
99.78
99.58
99.39
99.07
98.81
98.61
98.40
98.00
97.64
97.31
97.09
96.90
96.66
96.39
96.17
95.94
95.75
95.36
95.12
94.92
94.70
94.45
94.23
93.99
93.80
93.54
93.31
93.10
92.85
92.63
92.41
92.22
92.05
91.82
91.60
91.41
91.16
90.89
90.67
90.45
90.26
90.05
89.86
89.64
89.46
89.25
89.05
88.80
88.54
88.31
88.07
87.85
87.53
87.30
86.97
86.65
86.40
86.10
85.80
85.49
85.18
84.88
84.69
84.33
84.00
83.79
83.45
83.16
82.85
82.51
82.16
82.16
82.03
81.94
81.73
81.59
81.41
81.26
81.16
81.04
80.88
80.75
80.64
80.51
80.35
80.24
80.11
79.95
79.82
79.66
79.51
79.41
79.25
79.13
79.02
78.90
78.81
78.63
78.48
78.31
78.16
78.04
77.93
77.82
77.72
77.54
77.44
77.33
77.17
77.03
76.93
76.84
76.73
76.64
76.51
76.36
76.12
76.00
75.88
75.78
75.64
75.55
75.46
75.34
75.20
