1	94.10	92.19	71.29	72.34	75.35	80.38	73.50	85.64	92.99	82.90	69.23	89.49	91.52	97.62	93.95
2	93.87	91.99	71.06	72.12	75.12	80.15	73.32	85.41	92.78	82.69	69.05	89.27	91.27	97.40	93.73
3	93.66	91.77	70.87	71.92	74.89	79.95	73.10	85.18	92.56	82.48	68.85	89.06	91.05	97.20	93.53
4	93.47	91.57	70.68	71.72	74.68	79.75	72.91	84.97	92.36	82.28	68.66	88.85	90.85	97.02	93.31
5	93.25	91.36	70.48	71.50	74.46	79.54	72.69	84.72	92.12	82.05	68.44	88.65	90.64	96.80	93.09
6	93.01	91.12	70.25	71.32	74.28	79.34	72.49	84.52	91.92	81.81	68.23	88.44	90.42	96.58	92.90
7	92.78	90.91	70.05	71.11	74.05	79.12	72.28	84.30	91.71	81.61	68.00	88.24	90.21	96.38	92.70
8	92.58	90.69	69.85	70.90	73.85	78.92	72.06	84.08	91.51	81.39	67.78	88.02	90.00	96.17	92.48
9	92.37	90.50	69.64	70.69	73.65	78.71	71.88	83.89	91.29	81.18	67.40	87.71	89.79	95.94	92.27
10	92.06	90.14	69.33	70.36	73.32	78.36	71.53	83.54	90.94	80.85	66.98	87.41	89.47	95.61	91.90
11	91.71	89.79	69.03	70.07	73.02	78.03	71.25	83.25	90.63	80.58	66.80	87.17	89.13	95.28	91.59
12	91.47	89.56	68.83	69.85	72.81	77.82	71.03	83.06	90.39	80.36	66.58	86.97	88.89	95.05	91.38
13	91.09	89.31	68.55	69.85	72.55	77.54	70.79	82.65	90.14	80.10	66.32	86.73	88.60	94.77	91.10
14	90.79	89.02	68.28	69.74	72.06	77.27	70.47	82.29	89.76	79.80	66.04	86.48	88.28	94.47	90.81
15	90.47	88.72	67.96	69.54	71.84	76.98	70.14	81.91	89.55	79.51	65.72	86.13	87.95	94.17	90.47
16	90.20	88.41	67.66	69.30	71.40	76.67	69.83	81.55	89.14	79.20	65.40	85.81	87.60	93.88	90.15
17	89.89	88.13	67.66	69.11	71.20	76.37	69.54	81.20	88.88	78.90	64.93	85.50	87.29	93.55	89.86
18	89.69	87.84	67.53	68.90	70.90	76.07	69.28	81.00	88.52	78.64	64.56	85.19	86.98	93.22	89.55
19	89.37	87.51	67.31	68.70	70.59	75.74	68.97	80.70	88.22	78.33	64.19	84.84	86.63	92.91	89.23
20	89.05	87.19	67.09	68.49	70.28	75.43	68.68	80.39	87.91	78.04	63.84	84.52	86.31	92.60	88.88
21	88.80	86.92	66.89	68.27	69.99	75.15	68.41	80.14	87.60	77.78	63.47	84.23	86.02	92.32	88.62
22	88.33	86.50	66.70	68.09	69.50	74.82	67.98	79.74	87.36	77.44	63.47	83.81	85.69	91.90	88.25
23	88.04	86.22	66.38	67.85	69.13	74.55	67.67	79.50	86.85	77.16	63.39	83.54	85.35	91.62	87.96
24	87.77	85.84	66.15	67.65	68.91	74.19	67.30	79.16	86.46	76.84	62.97	83.17	85.02	91.26	87.60
25	87.46	85.52	65.94	67.39	68.61	73.91	67.00	78.85	86.07	76.52	62.61	82.92	84.67	90.93	87.31
26	87.14	85.19	65.71	67.15	68.19	73.60	66.70	78.55	85.70	76.23	62.29	82.63	84.36	90.61	86.94
27	86.83	84.89	65.52	66.96	67.85	73.29	66.36	78.24	85.34	75.93	61.98	82.31	84.03	90.35	86.62
28	86.53	84.58	65.32	66.77	67.50	72.98	66.03	77.81	84.98	75.65	61.64	82.04	83.74	89.97	86.33
29	86.22	84.22	65.12	66.55	67.25	72.66	65.70	77.45	84.58	75.28	61.31	81.69	83.39	89.62	86.08
30	85.89	83.89	64.92	66.32	66.90	72.34	65.36	77.06	84.38	74.97	60.98	81.39	83.08	89.28	85.76
31	85.58	83.60	64.66	66.08	66.47	72.08	65.05	76.69	84.09	74.72	60.87	81.09	82.80	88.97	85.36
32	85.23	83.26	64.44	65.85	66.11	71.76	64.74	76.50	83.77	74.41	60.63	80.75	82.49	88.67	85.17
33	84.90	82.92	64.24	65.66	65.74	71.43	64.38	76.21	83.43	74.13	60.41	80.44	82.17	88.36	84.85
34	84.52	82.61	64.02	65.44	65.39	71.13	64.05	75.86	83.09	73.81	60.19	79.99	81.85	88.05	84.51
35	84.20	82.29	63.78	65.23	65.03	70.82	63.73	75.54	82.67	73.48	59.95	79.61	81.54	87.76	84.19
36	83.92	81.97	63.57	65.00	64.81	70.82	63.38	75.25	82.44	73.21	59.75	79.24	81.21	87.54	83.83
37	83.59	81.69	63.32	64.77	64.49	70.68	63.11	74.92	82.15	72.89	59.54	78.91	80.92	87.25	83.53
38	83.30	81.41	63.14	64.57	64.19	70.50	62.83	74.62	81.86	72.57	59.37	78.52	80.59	86.94	83.24
39	83.00	81.10	62.95	64.35	63.90	70.35	62.54	74.32	81.58	72.27	59.19	78.14	80.26	86.62	82.93
40	82.78	80.79	62.72	64.14	63.58	70.19	62.22	74.01	81.26	71.93	59.01	77.94	79.94	86.30	82.63
41	82.58	80.59	62.52	63.91	63.41	70.00	62.02	73.84	81.05	71.73	58.79	77.72	79.73	86.11	82.43
42	82.38	80.38	62.42	63.80	63.21	69.88	61.82	73.63	80.85	71.52	58.67	77.50	79.53	85.88	82.21
43	82.17	80.20	62.31	63.67	62.99	69.74	61.58	73.41	80.61	71.30	58.54	77.14	79.32	85.65	81.88
44	81.84	79.90	62.19	63.53	62.68	69.62	61.28	73.14	80.30	71.05	58.43	76.75	79.02	85.35	81.55
45	81.51	79.58	61.96	63.31	62.36	69.49	61.28	72.81	79.98	70.71	58.22	76.38	78.70	85.04	81.22
46	81.01	79.28	61.72	63.09	62.03	69.29	61.13	72.49	79.67	70.36	57.99	76.02	78.40	84.75	80.93
47	80.62	78.99	61.52	62.88	61.72	69.09	60.73	72.18	79.35	70.05	57.78	75.67	78.06	84.44	80.63
48	80.24	78.67	61.29	62.65	61.40	68.87	60.42	71.84	79.03	69.73	57.57	75.32	77.76	84.03	80.32
49	79.88	78.33	61.07	62.40	61.11	68.66	60.13	71.51	78.73	69.42	57.37	74.95	77.44	83.71	80.10
50	79.49	78.03	60.84	62.20	60.82	68.44	59.79	71.19	78.43	69.13	57.13	74.63	77.13	83.42	79.79
51	79.27	77.69	60.63	61.97	60.48	68.24	59.43	70.86	78.10	68.79	56.96	74.20	76.78	83.12	79.44
52	78.87	77.38	60.38	61.73	60.48	68.04	59.31	70.53	77.61	68.45	56.72	73.86	76.48	82.86	79.17
53	78.56	77.10	60.15	61.49	60.33	67.84	59.09	70.24	77.26	68.17	56.51	73.53	76.18	82.59	78.88
54	78.27	76.76	59.97	61.29	60.12	67.68	58.87	69.97	76.89	67.88	56.30	73.28	75.92	82.35	78.59
55	78.07	76.43	59.76	61.07	59.86	67.42	58.63	69.66	76.68	67.58	56.12	72.96	75.63	82.04	78.25
56	77.86	76.21	59.58	60.88	59.62	67.20	58.38	69.43	76.45	67.36	55.91	72.73	75.41	81.86	78.04
57	77.63	76.00	59.50	60.78	59.51	67.09	58.25	69.20	76.24	67.15	55.79	72.53	75.21	81.55	77.66
58	77.33	75.67	59.37	60.65	59.39	66.96	58.11	68.87	75.90	66.81	55.69	72.19	74.87	81.22	77.28
59	77.01	75.39	59.18	60.46	59.17	66.77	57.91	68.54	75.58	66.49	55.45	71.86	74.54	81.00	77.07
60	76.82	75.17	58.96	60.22	58.95	66.57	57.68	68.33	75.36	66.30	55.25	71.65	74.34	80.80	76.86
61	76.64	74.97	58.84	60.11	58.83	66.45	57.56	68.13	75.15	66.08	55.15	71.43	74.14	80.59	76.66
62	76.41	74.75	58.75	60.02	58.73	66.32	57.46	67.93	74.95	65.88	55.05	71.23	73.94	80.38	76.45
63	76.16	74.52	58.65	59.91	58.64	66.21	57.35	67.73	74.69	65.65	54.92	71.03	73.73	80.17	76.24
64	75.98	74.33	58.54	59.80	58.55	66.07	57.23	67.52	74.50	65.45	54.78	70.83	73.53	79.98	76.04
65	75.79	74.10	58.44	59.68	58.47	65.98	57.13	67.32	74.29	65.22	54.67	70.64	73.34	79.78	75.83
66	75.60	73.88	58.33	59.57	58.36	65.85	57.00	67.12	74.06	65.00	54.53	70.41	73.10	79.57	75.61
67	75.39	73.70	58.21	59.44	58.23	65.70	56.90	66.91	73.85	64.81	54.41	70.21	72.87	79.37	75.40
68	75.13	73.48	58.11	59.36	58.13	65.60	56.82	66.68	73.62	64.60	54.32	69.97	72.63	79.13	75.19
69	74.91	73.28	57.95	59.17	58.00	65.47	56.72	66.49	73.42	64.41	54.25	69.75	72.43	78.91	74.98
70	74.70	73.05	57.83	59.05	57.90	65.37	56.61	66.28	73.19	64.20	54.16	69.55	72.21	78.68	74.76
71	74.50	72.80	57.74	58.96	57.76	65.22	56.47	66.03	72.98	64.00	54.02	69.31	71.97	78.48	74.56
72	74.29	72.59	57.64	58.82	57.65	65.08	56.36	65.82	72.77	63.77	53.91	69.11	71.75	78.27	74.35
73	74.09	72.40	57.49	58.72	57.51	64.96	56.23	65.62	72.57	63.59	53.79	68.87	71.56	78.08	74.14
74	73.88	72.19	57.37	58.60	57.40	64.83	56.11	65.40	72.38	63.35	53.69	68.67	71.31	77.88	73.91
75	73.65	71.98	57.24	58.51	57.29	64.71	55.98	65.15	72.17	63.16	53.56	68.43	71.09	77.66	73.69
76	73.46	71.77	57.10	58.39	57.14	64.60	55.86	64.92	71.97	62.96	53.43	68.19	70.85	77.44	73.46
77	73.25	71.56	56.99	58.26	57.01	64.51	55.76	64.69	71.75	62.73	53.31	67.95	70.64	77.22	73.25
78	73.06	71.37	56.86	58.12	56.86	64.37	55.66	64.48	71.54	62.53	53.18	67.75	70.41	77.02	73.05
79	72.86	71.16	56.76	58.02	56.75	64.26	55.53	64.27	71.35	62.32	53.08	67.55	70.20	76.82	72.84
80	72.65	70.96	56.64	57.92	56.63	64.16	55.42	64.06	71.16	62.12	52.98	67.35	69.99	76.58	72.63
81	72.43	70.76	56.53	57.81	56.51	64.06	55.30	63.86	70.95	61.92	52.86	67.13	69.80	76.38	72.44
82	72.22	70.57	56.41	57.70	56.40	63.93	55.22	63.65	70.74	61.71	52.74	66.91	69.59	76.17	72.22
83	72.03	70.33	56.30	57.61	56.28	63.83	55.10	63.46	70.52	61.46	52.62	66.71	69.41	75.93	72.00
84	71.82	70.12	56.17	57.49	56.15	63.73	54.96	63.22	70.31	61.25	52.53	66.50	69.18	75.71	71.78
85	71.61	69.94	56.08	57.40	56.03	63.62	54.85	63.02	70.10	61.03	52.41	66.28	68.96	75.52	71.60
86	71.38	69.76	55.99	57.32	55.92	63.53	54.75	62.80	69.90	60.81	52.30	66.05	68.77	75.31	71.38
87	71.20	69.51	55.87	57.20	55.83	63.39	54.64	62.61	69.66	60.61	52.18	65.82	68.53	75.10	71.15
88	70.98	69.27	55.77	57.07	55.72	63.28	54.53	62.40	69.44	60.37	52.09	65.62	68.31	74.87	70.92
89	70.78	69.05	55.66	56.95	55.58	63.19	54.41	62.17	69.22	60.19	52.00	65.42	68.13	74.65	70.72
90	70.56	68.85	55.55	56.83	55.46	63.06	54.31	61.96	69.00	59.97	51.86	65.22	67.92	74.44	70.53
91	70.33	68.63	55.45	56.74	55.35	62.97	54.18	61.77	68.78	59.73	51.75	64.97	67.69	74.21	70.30
92	70.10	68.42	55.31	56.62	55.22	62.85	54.08	61.56	68.55	59.50	51.62	64.75	67.46	73.99	70.07
93	69.89	68.22	55.18	56.52	55.14	62.71	53.96	61.35	68.32	59.25	51.51	64.51	67.22	73.76	69.85
94	69.67	67.98	55.05	56.40	55.02	62.61	53.84	61.11	68.11	59.05	51.39	64.31	66.99	73.57	69.68
95	69.45	67.77	54.93	56.28	54.89	62.49	53.76	60.90	67.89	58.85	51.31	64.11	66.76	73.37	69.48
96	69.27	67.56	54.82	56.18	54.78	62.39	53.66	60.70	67.70	58.65	51.19	63.90	66.58	73.17	69.29
97	69.05	67.35	54.73	56.07	54.66	62.30	53.57	60.49	67.50	58.44	51.07	63.68	66.36	72.97	69.09
98	68.82	67.14	54.62	55.95	54.57	62.20	53.48	60.28	67.29	58.22	50.95	63.49	66.14	72.75	68.87
99	68.61	66.94	54.49	55.82	54.43	62.08	53.37	60.08	67.09	58.01	50.86	63.27	65.96	72.57	68.67
100	68.37	66.72	54.41	55.72	54.33	61.99	53.25	59.86	66.87	57.80	50.76	63.02	65.73	72.36	68.46
101	68.15	66.51	54.27	55.60	54.19	61.91	53.12	59.65	66.67	57.59	50.63	62.83	65.53	72.17	68.26
102	67.93	66.26	54.18	55.50	54.09	61.78	53.01	59.44	66.47	57.37	50.52	62.56	65.30	71.94	67.99
103	67.70	66.04	54.06	55.37	53.97	61.63	52.85	59.24	66.24	57.18	50.41	62.34	65.09	71.71	67.81
104	67.44	65.77	53.93	55.24	53.85	61.51	52.75	58.98	65.97	57.18	50.28	62.06	64.83	71.44	67.57
105	67.20	65.58	53.76	55.09	53.71	61.34	52.58	58.74	65.74	57.07	50.11	61.81	64.56	71.18	67.33
106	67.01	65.37	53.62	54.99	53.59	61.20	52.49	58.53	65.53	56.91	49.99	61.58	64.37	70.99	67.13
108	66.73	65.08	53.52	54.87	53.50	61.07	52.37	58.25	65.53	56.83	49.88	61.30	64.06	70.71	66.84
109	66.51	64.84	53.36	54.70	53.33	60.92	52.19	58.04	65.43	56.64	49.69	61.11	63.86	70.52	66.64
110	66.30	64.65	53.25	54.61	53.21	60.82	52.06	57.83	65.33	56.51	49.59	60.91	63.66	70.34	66.46
111	66.04	64.39	53.14	54.50	53.11	60.72	51.95	57.83	65.22	56.41	49.49	60.66	63.41	70.11	66.22
112	65.81	64.15	52.96	54.34	52.93	60.55	51.77	57.72	65.07	56.27	49.35	60.42	63.20	69.91	66.03
113	65.61	63.93	52.86	54.23	52.82	60.45	51.65	57.63	64.94	56.18	49.24	60.22	63.00	69.68	65.80
114	65.40	63.72	52.76	54.10	52.69	60.35	51.54	57.51	64.85	56.06	49.12	60.01	62.78	69.46	65.60
115	65.19	63.51	52.67	53.97	52.57	60.22	51.44	57.39	64.73	55.94	49.01	59.80	62.58	69.25	65.38
116	64.96	63.26	52.53	53.83	52.45	60.10	51.31	57.28	64.62	55.83	48.89	59.52	62.32	68.96	65.38
117	64.74	63.05	52.37	53.69	52.31	59.94	51.16	57.14	64.47	55.66	48.74	59.32	62.12	68.77	65.30
118	64.54	62.85	52.26	53.57	52.20	59.83	51.06	57.04	64.37	55.56	48.62	59.12	61.92	68.58	65.20
119	64.33	62.65	52.15	53.47	52.10	59.72	50.95	56.93	64.25	55.44	48.54	58.92	61.70	68.37	65.09
120	64.33	62.37	52.03	53.35	51.99	59.61	50.84	56.84	64.15	55.34	48.42	58.64	61.41	68.08	64.99
121	64.21	62.15	51.84	53.20	51.81	59.43	50.66	56.67	63.98	55.17	48.24	58.44	61.21	67.87	64.84
122	64.11	61.85	51.75	53.09	51.72	59.32	50.57	56.58	63.88	55.07	48.14	58.16	61.21	67.61	64.75
123	63.98	61.65	51.56	52.92	51.54	59.12	50.43	56.44	63.69	54.87	47.94	57.94	61.12	67.37	64.61
124	63.89	61.44	51.44	52.79	51.42	59.01	50.30	56.33	63.57	54.75	47.81	57.73	61.00	67.16	64.48
125	63.78	61.24	51.32	52.69	51.31	58.88	50.19	56.25	63.45	54.66	47.69	57.52	60.91	66.96	64.35
126	63.67	61.04	51.22	52.54	51.23	58.78	50.08	56.14	63.35	54.53	47.57	57.30	60.78	66.74	64.23
127	63.57	60.86	51.12	52.42	51.13	58.68	49.96	56.04	63.24	54.40	47.46	57.09	60.70	66.52	64.12
128	63.46	60.57	50.99	52.32	51.04	58.59	49.85	55.96	63.16	54.32	47.38	56.78	60.59	66.52	64.01
129	63.28	60.57	50.76	52.14	50.88	58.40	49.65	55.73	62.98	54.11	47.22	56.54	60.39	66.39	63.82
130	63.09	60.46	50.62	51.99	50.69	58.26	49.51	55.56	62.83	53.95	47.08	56.33	60.24	66.23	63.67
131	62.98	60.36	50.52	51.88	50.60	58.14	49.41	55.49	62.73	53.84	46.99	56.08	60.12	66.13	63.57
