1	84.84	101.01	89.15	78.31	92.26	87.34	83.18	71.61	75.66	81.87	78.07	83.12	80.39	72.59	98.72
2	84.62	100.81	88.94	78.10	92.09	87.12	82.97	71.42	75.46	81.65	77.86	82.91	80.19	72.38	98.51
3	84.41	100.60	88.75	77.91	91.88	86.93	82.76	71.22	75.27	81.46	77.66	82.72	79.97	72.17	98.31
4	84.13	100.33	88.51	77.66	91.70	86.68	82.53	70.96	75.04	81.22	77.40	82.50	79.75	71.89	98.04
5	83.89	100.08	88.23	77.40	91.46	86.40	82.25	70.66	74.77	80.98	77.10	82.25	79.48	71.89	97.78
6	83.66	99.89	88.05	77.20	91.26	86.20	82.06	70.44	74.57	80.76	76.70	81.96	79.28	71.79	97.58
7	83.35	99.42	87.72	76.91	90.94	85.90	81.74	70.14	74.27	80.44	76.34	81.68	78.96	71.69	97.26
8	83.00	99.02	87.37	76.55	90.61	85.61	81.38	69.78	73.92	80.11	75.95	81.37	78.70	71.27	96.93
9	82.67	98.67	87.01	76.24	90.30	85.26	81.02	69.45	73.57	79.77	75.58	81.01	78.36	70.91	96.62
10	82.37	98.30	86.70	75.90	90.00	84.97	80.72	69.12	73.28	79.45	75.39	80.81	78.04	70.59	96.30
11	82.08	97.87	86.41	75.61	89.72	84.69	80.43	68.83	73.00	79.16	75.08	80.51	77.74	70.27	96.00
12	81.74	97.51	86.10	75.26	89.37	84.35	80.09	68.49	72.65	78.84	74.73	80.17	77.39	69.93	95.68
13	81.43	97.28	85.76	74.96	89.10	84.05	79.81	68.19	72.35	78.56	74.45	79.92	77.11	69.59	95.37
14	81.16	97.00	85.48	74.69	88.80	83.75	79.50	68.19	72.10	78.27	74.20	79.65	76.84	69.48	95.09
15	80.96	96.82	85.29	74.49	88.60	83.57	79.30	68.09	71.90	78.07	74.01	79.47	76.65	69.32	94.90
16	80.76	96.63	85.10	74.27	88.40	83.36	79.12	68.01	71.53	77.89	73.79	79.27	76.43	69.23	94.68
17	80.43	96.33	84.79	73.98	88.07	83.04	78.81	67.67	71.15	77.54	73.44	78.94	76.12	69.14	94.39
18	80.09	95.99	84.45	73.69	87.79	82.70	78.52	67.34	70.77	77.21	73.09	78.67	75.78	68.93	94.06
19	79.75	95.67	84.14	73.37	87.48	82.38	78.23	67.00	70.57	76.88	72.76	78.38	75.47	68.70	93.75
20	79.52	95.46	83.92	73.16	87.25	82.16	77.98	66.88	70.17	76.66	72.54	78.16	75.27	68.52	93.41
21	79.17	95.13	83.59	72.84	86.91	81.84	77.64	66.51	69.81	76.32	72.17	77.87	74.95	68.42	93.08
22	78.88	94.80	83.27	72.51	86.60	81.52	77.34	66.42	69.39	75.98	71.84	77.51	74.60	68.22	92.77
23	78.56	94.47	82.92	72.17	86.30	81.22	77.02	66.23	69.00	75.64	71.52	77.21	74.27	68.00	92.43
24	78.24	94.18	82.62	71.89	86.00	80.88	76.68	66.02	68.80	75.31	71.21	76.86	73.92	67.77	92.24
25	78.01	93.98	82.41	71.67	85.79	80.67	76.47	65.77	68.60	75.10	71.01	76.64	73.70	67.56	92.05
26	77.79	93.76	82.22	71.48	85.59	80.45	76.28	65.66	68.42	74.89	70.81	76.45	73.49	67.47	91.85
27	77.57	93.53	82.00	71.26	85.40	80.25	76.09	65.56	68.22	74.69	70.60	76.24	73.27	67.39	91.65
28	77.37	93.29	81.80	71.07	85.17	80.02	75.87	65.44	68.00	74.49	70.38	76.01	73.05	67.27	91.46
29	77.17	93.06	81.60	70.84	84.94	79.83	75.69	65.32	67.76	74.31	70.19	75.81	72.85	67.15	91.22
30	76.96	92.86	81.41	70.65	84.74	79.62	75.51	65.22	67.53	74.10	69.98	75.59	72.66	67.00	91.02
31	76.75	92.64	81.20	70.44	84.53	79.40	75.33	65.11	67.32	73.87	69.78	75.38	72.46	66.90	90.80
32	76.55	92.45	80.99	70.25	84.33	79.20	75.12	64.99	67.15	73.67	69.55	75.16	72.27	66.80	90.60
33	76.28	92.19	80.70	70.25	84.08	78.94	74.86	64.89	66.91	73.39	69.30	74.88	72.02	66.70	90.33
34	76.09	91.99	80.49	70.15	83.88	78.72	74.67	64.71	66.70	73.18	69.08	74.67	71.82	66.51	90.14
35	75.89	91.72	80.26	70.02	83.65	78.50	74.44	64.60	66.48	72.98	68.88	74.29	71.62	66.40	89.80
36	75.60	91.35	79.97	69.91	83.36	78.21	74.11	64.47	66.20	72.65	68.58	73.90	71.32	66.25	89.50
37	75.27	91.00	79.69	69.70	83.04	77.90	73.84	64.24	65.88	72.34	68.28	73.52	71.00	66.00	89.17
38	74.95	90.67	79.39	69.49	82.74	77.57	73.53	64.03	65.58	72.01	67.93	73.14	70.66	65.77	88.88
39	74.67	90.38	79.11	69.28	82.46	77.25	73.25	63.79	65.29	71.70	67.62	72.82	70.35	65.57	88.60
40	74.35	90.08	78.78	69.11	82.17	76.95	72.92	63.60	65.00	71.36	67.29	72.47	70.05	65.39	88.24
42	74.05	89.77	78.47	68.90	81.86	76.61	72.60	63.39	65.00	71.05	66.95	72.08	69.72	65.19	87.90
43	73.69	89.46	78.16	68.68	81.54	76.28	72.28	63.19	64.84	70.73	66.60	71.85	69.41	64.98	87.68
44	73.49	89.26	77.97	68.45	81.35	76.07	72.10	62.94	64.62	70.54	66.39	71.67	69.23	64.76	87.45
45	73.26	89.05	77.80	68.36	81.16	75.87	71.91	62.85	64.52	70.33	66.21	71.46	69.02	64.63	87.25
46	73.05	88.84	77.60	68.28	80.94	75.67	71.71	62.73	64.43	70.13	66.00	71.25	68.81	64.52	87.06
47	72.84	88.62	77.37	68.19	80.73	75.47	71.50	62.62	64.34	69.94	65.79	71.04	68.59	64.42	86.87
48	72.63	88.43	77.15	68.09	80.54	75.26	71.29	62.51	64.22	69.74	65.59	70.84	68.38	64.31	86.67
49	72.43	88.22	76.97	67.99	80.33	75.06	71.08	62.40	64.09	69.53	65.39	70.63	68.19	64.21	86.48
50	72.21	88.03	76.77	67.89	80.12	74.84	70.87	62.29	64.01	69.32	65.18	70.43	68.00	64.10	86.11
51	71.88	87.71	76.43	67.78	79.81	74.56	70.51	62.18	63.70	68.95	64.81	70.14	67.62	63.99	85.72
52	71.59	87.40	76.13	67.57	79.51	74.26	70.19	62.01	63.33	68.63	64.48	69.83	67.30	63.77	85.31
53	71.27	87.10	75.83	67.37	79.21	73.95	69.86	61.80	63.00	68.32	64.15	69.50	67.00	63.54	84.95
54	70.96	86.82	75.49	67.15	78.87	73.62	69.55	61.59	62.68	67.98	63.82	69.20	66.67	63.31	84.56
55	70.64	86.53	75.15	66.96	78.55	73.35	69.27	61.36	62.36	67.67	63.82	68.89	66.67	63.14	84.14
56	70.33	86.17	74.85	66.71	78.21	73.07	68.95	61.15	61.99	67.36	63.65	68.53	66.51	62.95	83.95
57	70.14	85.86	74.47	66.49	78.01	72.85	68.75	60.89	61.92	67.15	63.44	68.34	66.30	62.70	83.77
58	69.87	85.65	74.28	66.38	77.72	72.56	68.45	60.77	61.75	66.88	63.33	68.07	66.19	62.57	83.50
59	69.68	85.42	74.06	66.18	77.54	72.34	68.22	60.59	61.58	66.69	63.14	67.85	66.00	62.38	83.29
60	69.47	85.21	73.87	66.05	77.34	72.14	68.03	60.50	61.46	66.50	63.06	67.63	65.88	62.29	83.08
61	69.25	84.92	73.54	65.94	77.16	71.95	67.83	60.41	61.36	66.27	62.96	67.44	65.77	62.19	82.88
62	68.99	84.65	73.36	65.85	76.84	71.68	67.36	60.31	61.26	65.99	62.86	67.17	65.67	62.10	82.57
63	68.67	84.30	73.04	65.66	76.53	71.39	67.02	60.12	61.08	65.67	62.64	66.86	65.51	61.89	82.27
64	68.41	84.00	72.58	65.43	76.21	71.08	66.64	59.91	60.85	65.35	62.44	66.57	65.30	61.66	81.97
65	68.11	83.65	72.25	65.21	75.90	70.79	66.28	59.67	60.62	65.01	62.26	66.29	65.10	61.43	81.65
66	67.80	83.35	71.90	64.99	75.59	70.49	65.90	59.44	60.41	64.70	62.08	65.98	64.89	61.22	81.33
67	67.48	83.15	71.59	64.77	75.28	70.20	65.52	59.22	60.19	64.38	61.87	65.65	64.66	61.00	81.01
68	67.14	82.84	71.38	64.55	74.96	69.91	65.31	59.03	59.98	64.03	61.62	65.32	64.48	60.76	80.71
69	66.92	82.52	71.03	64.30	74.75	69.70	65.12	58.82	59.74	63.84	61.40	65.10	64.29	60.51	80.51
70	66.61	82.31	70.81	64.18	74.48	69.41	64.82	58.73	59.63	63.52	61.29	64.80	64.20	60.41	80.21
71	66.41	81.99	70.48	63.97	74.29	69.22	64.61	58.52	59.44	63.34	61.07	64.61	63.97	60.20	80.01
72	66.10	81.68	70.11	63.87	73.99	68.89	64.35	58.41	59.32	63.01	60.96	64.29	63.88	60.09	79.70
73	65.77	81.40	69.73	63.63	73.73	68.62	64.04	58.18	59.16	62.70	60.78	63.97	63.65	59.92	79.43
74	65.43	81.19	69.53	63.45	73.41	68.28	63.73	57.96	58.92	62.37	60.58	63.65	63.45	59.71	79.09
75	65.22	80.99	69.32	63.22	73.19	68.10	63.53	57.72	58.70	62.15	60.37	63.44	63.24	59.47	78.90
76	65.00	80.77	69.12	63.13	72.98	67.87	63.31	57.63	58.59	61.95	60.25	63.25	63.13	59.37	78.69
77	64.79	80.56	68.88	63.02	72.75	67.65	63.09	57.52	58.49	61.78	60.13	63.03	63.02	59.25	78.51
78	64.57	80.36	68.66	62.92	72.56	67.46	62.90	57.39	58.38	61.56	60.04	62.83	62.92	59.16	78.29
79	64.38	80.17	68.47	62.83	72.34	67.24	62.70	57.30	58.28	61.35	59.93	62.63	62.84	59.05	78.08
80	64.19	79.98	68.27	62.72	72.14	67.02	62.51	57.20	58.18	61.14	59.83	62.46	62.75	58.94	77.90
81	63.99	79.79	68.08	62.61	71.95	66.83	62.31	57.08	58.08	60.95	59.74	62.26	62.64	58.84	77.70
82	63.76	79.60	67.87	62.52	71.75	66.64	62.11	56.97	57.98	60.74	59.64	62.03	62.56	58.72	77.48
83	63.55	79.40	67.65	62.44	71.55	66.43	61.88	56.87	57.89	60.52	59.55	61.84	62.44	58.59	77.24
84	63.33	79.18	67.43	62.36	71.35	66.21	61.68	56.80	57.77	60.32	59.43	61.63	62.32	58.51	77.03
85	63.11	78.95	67.20	62.25	71.15	66.00	61.46	56.68	57.66	60.11	59.31	61.43	62.23	58.39	76.83
86	62.89	78.73	66.99	62.14	70.94	65.79	61.26	56.56	57.57	59.91	59.20	61.24	62.11	58.31	76.61
87	62.65	78.53	66.77	62.05	70.71	65.59	61.06	56.46	57.46	59.72	59.08	61.03	62.01	58.19	76.42
88	62.45	78.33	66.57	61.95	70.50	65.39	60.88	56.36	57.34	59.53	58.96	60.84	61.92	58.07	76.23
89	62.26	78.13	66.37	61.86	70.30	65.21	60.68	56.27	57.24	59.32	58.86	60.64	61.82	57.97	76.03
90	62.08	77.92	66.18	61.76	70.10	64.99	60.47	56.17	57.13	59.12	58.76	60.44	61.71	57.88	75.83
91	61.89	77.71	65.98	61.66	69.90	64.76	60.25	56.07	57.03	58.91	58.66	60.25	61.59	57.80	75.61
92	61.70	77.48	65.78	61.57	69.69	64.56	60.06	55.97	56.91	58.69	58.52	60.03	61.48	57.69	75.41
93	61.50	77.29	65.59	61.47	69.50	64.36	59.88	55.86	56.81	58.50	58.40	59.82	61.36	57.59	75.20
94	61.29	77.06	65.35	61.38	69.29	64.15	59.68	55.76	56.70	58.29	58.29	59.62	61.26	57.50	74.99
95	61.09	76.85	65.16	61.27	69.06	63.94	59.47	55.65	56.59	58.10	58.19	59.41	61.13	57.38	74.76
96	60.86	76.66	64.92	61.16	68.85	63.70	59.23	55.53	56.48	57.88	58.09	59.21	61.01	57.27	74.56
97	60.64	76.45	64.72	61.05	68.64	63.48	59.02	55.43	56.37	57.68	57.98	59.01	60.87	57.13	74.35
98	60.43	76.25	64.52	60.93	68.45	63.26	58.82	55.34	56.26	57.48	57.89	58.83	60.78	57.01	74.13
99	60.21	76.05	64.32	60.84	68.25	63.04	58.59	55.24	56.17	57.28	57.80	58.63	60.68	56.91	73.92
100	59.99	75.86	64.07	60.73	68.05	62.83	58.39	55.14	56.08	57.04	57.69	58.41	60.57	56.81	73.73
101	59.71	75.58	63.78	60.63	68.05	62.56	58.12	55.03	55.99	56.76	57.60	58.14	60.43	56.71	73.48
102	59.51	75.37	63.58	60.44	67.97	62.37	57.91	54.87	55.81	56.55	57.41	57.95	60.24	56.56	73.28
103	59.30	75.18	63.38	60.33	67.88	62.17	57.73	54.77	55.71	56.34	57.32	57.74	60.13	56.48	73.09
104	59.05	74.91	63.13	60.22	67.78	61.96	57.50	54.66	55.59	56.13	57.24	57.49	60.02	56.36	72.83
105	58.79	74.64	62.86	60.11	67.66	61.73	57.21	54.49	55.43	56.13	57.11	57.23	59.92	56.21	72.55
106	58.57	74.44	62.63	59.97	67.49	61.49	56.93	54.35	55.27	56.03	56.94	57.01	59.75	56.06	72.32
107	58.39	74.23	62.41	59.80	67.37	61.28	56.71	54.18	55.15	55.91	56.81	56.81	59.62	55.98	72.12
108	58.19	74.05	62.20	59.71	67.26	61.06	56.51	54.09	55.07	55.82	56.71	56.58	59.52	55.86	71.90
109	57.78	73.82	61.97	59.59	67.15	60.86	56.30	53.98	54.93	55.73	56.62	56.37	59.41	55.75	71.69
110	57.44	73.53	61.67	59.51	67.04	60.59	56.00	53.88	54.84	55.38	56.52	56.06	59.30	55.64	71.41
111	57.07	73.23	61.39	59.30	66.83	60.32	55.76	53.67	54.63	55.09	56.28	55.83	59.12	55.41	71.15
112	56.70	72.92	61.39	59.09	66.69	60.03	55.48	53.49	54.43	54.76	56.13	55.55	58.97	55.27	70.84
113	56.48	72.63	61.25	58.92	66.50	59.72	55.19	53.29	54.24	54.41	55.97	55.25	58.78	55.11	70.54
114	56.28	72.44	61.08	58.70	66.28	59.51	55.00	53.10	54.04	54.31	55.76	55.05	58.59	54.90	70.31
115	56.10	72.23	60.97	58.62	66.18	59.33	54.80	52.97	53.94	54.20	55.65	54.87	58.50	54.79	70.13
116	55.90	72.01	60.87	58.53	66.07	59.14	54.60	52.87	53.83	54.12	55.55	54.68	58.38	54.70	69.93
117	55.69	71.79	60.78	58.43	65.98	58.95	54.41	52.79	53.75	54.01	55.44	54.47	58.26	54.60	69.70
118	55.48	71.58	60.67	58.32	65.85	58.71	54.19	52.67	53.65	53.89	55.33	54.28	58.15	54.49	69.47
119	55.28	71.38	60.55	58.20	65.72	58.51	53.98	52.54	53.51	53.76	55.21	54.06	58.05	54.35	69.28
120	55.01	71.14	60.45	58.11	65.63	58.28	53.74	52.44	53.42	53.67	55.11	53.83	57.95	54.26	69.28
121	54.80	70.94	60.29	57.94	65.50	58.08	53.52	52.30	53.24	53.50	54.96	53.63	57.82	54.10	69.19
122	54.58	70.75	60.21	57.85	65.40	57.88	53.31	52.19	53.13	53.40	54.84	53.41	57.69	53.98	69.08
123	54.35	70.55	60.10	57.74	65.30	57.67	53.11	52.09	53.03	53.29	54.76	53.17	57.58	53.87	68.98
124	54.08	70.28	60.01	57.61	65.20	57.67	52.87	51.97	52.90	53.18	54.65	52.93	57.47	53.74	68.89
125	53.83	69.98	59.87	57.47	65.03	57.57	52.61	51.80	52.73	53.00	54.48	52.93	57.32	53.57	68.73
126	53.83	69.71	59.64	57.24	64.83	57.40	52.34	51.63	52.56	52.80	54.33	52.82	57.20	53.38	68.53
127	53.73	69.52	59.49	57.07	64.64	57.26	52.14	51.46	52.41	52.65	54.13	52.65	57.04	53.21	68.36
128	53.64	69.34	59.37	56.96	64.52	57.17	51.92	51.37	52.29	52.54	54.02	52.53	56.93	53.08	68.26
129	53.53	69.34	59.27	56.86	64.43	57.07	51.65	51.24	52.18	52.44	53.91	52.44	56.84	52.97	68.16
130	53.39	69.26	59.13	56.72	64.29	56.94	51.46	51.07	51.99	52.29	53.77	52.32	56.69	52.82	67.99
131	53.30	69.14	59.00	56.62	64.20	56.83	51.27	50.96	51.90	52.17	53.65	52.22	56.58	52.73	67.87
