107.40
107.13
106.89
106.65
106.37
106.13
105.84
105.51
105.16
104.83
104.50
104.10
103.71
103.36
102.98
102.67
102.32
101.97
101.65
101.32
100.96
100.64
100.31
100.00
99.68
99.36
99.01
98.65
98.38
98.01
97.70
97.40
97.08
96.75
96.40
96.19
95.88
95.55
95.18
94.83
94.55
94.25
93.92
93.68
93.32
92.97
92.66
92.31
92.03
91.69
91.37
91.01
90.66
90.29
89.96
89.67
89.36
89.04
88.75
88.45
88.19
87.86
87.59
87.23
87.02
86.73
86.48
86.20
85.88
85.49
85.18
84.86
84.53
84.29
83.94
83.64
83.44
83.24
83.00
82.65
82.38
82.17
81.99
81.77
81.53
81.31
81.08
80.86
80.64
80.64
80.54
80.41
80.28
80.09
79.98
79.86
79.73
79.62
79.33
79.00
78.90
78.48
78.29
78.14
77.77
77.67
77.50
77.14
77.02
76.68
76.55
76.23
75.87
75.51
75.42
75.33
75.25
75.14
75.02
74.80
74.68
74.58
74.45
74.25
74.09
73.90
73.77
73.62
73.50
73.40
73.25
73.11
72.92
72.75
72.60
72.48
72.31
72.12
72.01
71.91
71.72
71.62
71.49
71.37
71.23
71.08
70.95
70.87
70.68
70.54
70.44
70.32
70.23
70.13
69.96
69.80
69.68
69.55
69.42
69.28
69.17
68.98
68.88
68.78
68.67
68.55
68.43
68.28
