106.72
106.49
106.27
106.00
105.80
105.46
105.06
104.72
104.41
104.07
103.67
103.31
102.92
102.53
102.12
101.69
101.34
101.03
100.59
100.39
100.04
99.69
99.31
99.01
98.70
98.37
98.10
97.74
97.39
97.08
96.75
96.43
96.10
95.77
95.43
95.23
94.91
94.55
94.17
93.83
93.41
93.04
92.68
92.33
91.98
91.75
91.42
91.11
90.83
90.38
89.99
89.57
89.33
88.79
88.59
88.32
87.89
87.49
87.08
86.83
86.57
86.22
85.89
85.59
85.36
84.97
84.75
84.45
84.14
83.81
83.49
83.15
82.81
82.57
82.23
81.92
81.71
81.51
81.28
81.01
80.77
80.57
80.35
80.15
79.90
79.69
79.45
79.23
79.03
78.75
78.55
78.33
78.05
77.82
77.58
77.34
77.10
76.89
76.51
76.20
75.89
75.59
75.28
75.05
74.73
74.49
74.27
73.96
73.70
73.40
73.18
72.82
72.49
72.19
71.99
71.81
71.59
71.38
71.02
70.78
70.54
70.30
70.04
70.04
69.93
69.78
69.65
69.54
69.43
69.29
69.13
69.01
68.85
68.70
68.58
68.47
68.26
68.05
67.92
67.78
67.60
67.50
67.34
67.19
67.05
66.87
66.75
66.62
66.43
66.28
66.17
66.05
65.92
65.80
65.63
65.50
65.38
65.28
65.14
64.97
64.87
64.73
64.65
64.54
64.43
64.25
64.14
63.98
