107.16
106.97
106.75
106.54
106.33
106.05
105.75
105.36
105.05
104.74
104.36
104.03
103.68
103.32
102.99
102.65
102.36
102.02
101.73
101.43
101.08
100.80
100.40
100.09
99.82
99.49
99.15
98.72
98.45
98.10
97.74
97.44
97.12
96.77
96.43
96.21
95.88
95.62
95.27
94.95
94.65
94.33
93.99
93.72
93.29
92.94
92.50
92.29
91.83
91.60
91.31
90.98
90.63
90.28
89.90
89.66
89.26
88.95
88.63
88.32
88.05
87.75
87.49
87.19
86.97
86.70
86.46
86.16
85.77
85.46
85.14
84.85
84.53
84.28
83.97
83.70
83.50
83.30
83.09
82.80
82.58
82.35
82.14
81.93
81.69
81.48
81.28
81.06
80.85
80.56
80.34
80.13
79.83
79.58
79.39
79.17
78.93
78.73
78.38
78.03
77.73
77.43
77.14
76.88
76.53
76.29
75.98
75.69
75.46
75.21
74.96
74.63
74.28
73.94
73.72
73.54
73.33
73.13
72.80
72.80
72.68
72.54
72.40
72.22
72.03
71.83
71.71
71.55
71.44
71.30
71.18
71.04
70.86
70.69
70.53
70.44
70.33
70.21
70.11
69.98
69.83
69.72
69.59
69.46
69.25
69.12
68.98
68.85
68.68
68.51
68.40
68.30
68.19
68.09
67.91
67.74
67.62
67.46
67.29
67.10
66.98
66.81
66.70
66.60
66.47
66.33
66.23
66.09
