107.21
106.98
106.75
106.48
106.27
105.97
105.63
105.30
104.98
104.62
104.29
103.99
103.64
103.32
102.96
102.66
102.38
102.06
101.75
101.41
101.09
100.77
100.47
100.13
99.88
99.57
99.22
98.79
98.48
98.14
97.82
97.49
97.18
96.85
96.46
96.25
95.86
95.54
95.15
94.94
94.54
94.17
93.93
93.52
93.17
92.91
92.56
92.24
91.86
91.66
91.33
91.01
90.67
90.37
90.04
89.69
89.42
89.22
88.89
88.59
88.29
87.96
87.71
87.43
87.23
86.94
86.69
86.20
85.76
85.34
85.00
84.79
84.43
84.21
83.88
83.56
83.36
83.16
82.93
82.68
82.49
82.25
82.06
81.85
81.63
81.40
81.19
80.97
80.77
80.51
80.31
80.08
79.79
79.55
79.30
79.09
78.85
78.66
78.25
77.96
77.64
77.32
77.05
76.80
76.51
76.21
75.97
75.64
75.43
75.17
74.95
74.61
74.29
73.99
73.79
73.61
73.39
73.17
72.83
72.57
72.36
72.10
71.85
71.61
71.33
71.10
70.88
70.67
70.48
70.26
70.00
69.70
69.42
69.14
68.92
68.63
68.40
68.20
67.97
67.70
67.48
67.22
67.00
66.74
66.54
66.27
66.01
66.01
65.90
65.77
65.67
65.54
65.43
65.29
65.15
65.00
64.88
64.75
64.59
64.39
64.28
64.15
64.03
63.95
63.85
63.75
63.65
63.51
