105.95
105.74
105.51
105.25
105.01
104.69
104.38
103.99
103.61
103.28
102.91
102.54
102.19
101.83
101.49
101.15
100.85
100.54
100.18
99.79
99.47
99.11
98.73
98.37
98.09
97.78
97.42
97.09
96.64
96.29
95.91
95.60
95.22
94.85
94.56
94.38
93.89
93.55
93.20
92.81
92.63
92.36
92.02
91.70
91.37
90.92
90.69
90.35
90.03
89.72
89.40
88.89
88.69
88.42
88.13
87.72
87.50
87.23
86.91
86.63
86.36
86.06
86.06
85.95
85.73
85.59
85.33
84.96
84.60
84.26
83.89
83.57
83.24
83.13
82.70
82.36
82.26
82.17
82.05
81.93
81.70
81.59
81.45
81.34
81.21
81.07
80.88
80.77
80.69
80.59
80.46
80.35
80.24
80.06
79.96
79.83
79.70
79.55
79.44
79.25
79.01
78.82
78.60
78.40
78.27
77.98
77.78
77.68
77.45
77.31
77.11
76.97
76.70
76.46
76.24
76.14
76.03
75.92
75.79
75.57
75.45
75.30
75.21
75.00
74.82
74.58
74.48
74.36
74.18
74.09
73.95
73.81
73.60
73.43
73.30
73.16
73.03
72.86
72.73
72.59
72.43
72.33
72.15
72.03
71.83
71.71
71.58
71.46
71.30
71.15
71.05
70.96
70.87
70.76
70.59
70.42
70.30
70.17
69.99
69.85
69.76
69.66
69.57
69.45
69.32
69.17
69.06
68.93
