107.92
107.73
107.51
107.25
107.05
106.80
106.48
106.13
105.78
105.42
105.05
104.71
104.35
103.98
103.55
103.18
102.76
102.41
102.07
101.75
101.44
101.11
100.74
100.38
100.08
99.69
99.33
98.97
98.66
98.33
97.99
97.66
97.32
96.99
96.66
96.47
96.18
95.88
95.48
95.13
94.80
94.43
94.11
93.79
93.41
93.12
92.76
92.41
92.08
91.77
91.50
91.21
90.89
90.58
90.26
89.99
89.71
89.42
89.09
88.78
88.49
88.22
87.95
87.68
87.46
87.09
86.83
86.61
86.24
85.95
85.63
85.35
85.02
84.81
84.43
84.14
83.93
83.72
83.52
83.21
82.98
82.76
82.55
82.34
82.15
81.93
81.71
81.49
81.26
80.99
80.75
80.57
80.29
80.05
79.80
79.55
79.33
79.06
78.63
78.31
77.93
77.60
77.40
77.14
76.76
76.53
76.10
75.85
75.49
75.28
74.86
74.50
74.12
73.88
73.69
73.48
73.27
73.06
72.66
72.38
72.16
71.83
71.83
71.68
71.51
71.29
71.15
71.02
70.90
70.77
70.65
70.53
70.36
70.18
70.04
69.95
69.83
69.68
69.56
69.44
69.26
69.13
68.96
68.86
68.67
68.52
68.38
68.24
68.09
67.95
67.85
67.72
67.61
67.49
67.32
67.14
67.04
66.94
66.81
66.69
66.58
66.45
66.32
66.20
66.06
65.95
65.84
65.70
