106.85
106.60
106.35
106.09
105.89
105.61
105.18
104.85
104.53
104.30
104.01
103.65
103.29
102.93
102.63
102.36
102.03
101.64
101.36
101.06
100.75
100.45
100.15
99.85
99.58
99.18
98.91
98.39
98.11
97.76
97.44
97.10
96.80
96.47
96.25
95.95
95.61
95.23
94.95
94.63
94.43
94.14
93.84
93.57
93.17
92.88
92.63
92.27
91.95
91.66
91.33
90.91
90.66
90.22
90.01
89.55
89.25
88.87
88.58
88.25
87.95
87.72
87.29
87.08
86.87
86.60
86.15
85.87
85.50
85.19
84.91
84.54
84.33
83.94
83.49
83.28
83.07
82.86
82.65
82.38
82.18
81.96
81.73
81.51
81.31
81.02
80.81
80.60
80.42
80.18
79.95
79.73
79.46
79.20
78.94
78.71
78.49
78.29
77.96
77.65
77.33
77.00
76.74
76.48
76.20
75.92
75.69
75.40
75.16
74.88
74.61
74.28
73.99
73.66
73.44
73.21
72.99
72.79
72.49
72.21
71.97
71.77
71.51
71.27
71.00
70.77
70.46
70.23
69.98
69.76
69.54
69.28
69.01
68.76
68.53
68.26
67.98
67.75
67.55
67.29
67.09
66.88
66.64
66.64
66.50
66.36
66.27
66.11
65.96
65.82
65.70
65.57
65.47
65.36
65.24
65.09
64.99
64.86
64.66
64.54
64.41
64.26
64.13
64.01
63.91
63.75
63.66
63.50
