105.73
105.53
105.28
105.02
104.80
104.51
104.16
103.77
103.43
103.12
102.74
102.40
102.05
101.73
101.39
101.05
100.46
100.08
99.86
99.50
99.19
98.84
98.42
98.15
97.89
97.55
97.03
96.55
96.19
95.98
95.56
95.15
94.83
94.43
94.17
93.96
93.63
93.26
92.95
92.66
92.36
92.03
91.70
91.42
91.05
90.75
90.37
90.04
90.04
89.90
89.70
89.48
89.24
89.01
88.78
88.61
88.39
88.14
87.94
87.75
87.53
87.37
87.18
86.99
86.79
86.65
86.40
86.22
86.06
85.79
85.58
85.35
85.12
84.93
84.79
84.53
84.34
84.24
84.12
83.99
83.78
83.64
83.52
83.40
83.27
83.14
82.96
82.84
82.72
82.62
82.49
82.37
82.26
82.09
81.97
81.82
81.69
81.58
81.48
81.27
81.07
80.84
80.66
80.49
80.37
80.17
79.97
79.85
79.66
79.54
79.37
79.24
79.03
78.83
78.58
78.49
78.36
78.24
78.07
77.92
77.78
77.68
77.53
77.33
77.15
76.93
76.84
76.70
76.61
76.47
76.34
76.20
75.99
75.81
75.65
75.53
75.41
75.21
75.08
74.94
74.75
74.63
74.48
74.34
74.08
73.91
73.78
73.62
73.47
73.31
73.21
73.13
73.05
72.89
72.72
72.53
72.44
72.33
72.17
72.01
71.87
71.72
71.61
71.52
71.41
71.25
71.15
70.99
