107.72
107.50
107.22
106.93
106.70
106.43
106.13
105.76
105.46
105.17
104.83
104.50
104.17
103.83
103.46
103.09
102.74
102.44
102.08
101.76
101.42
101.12
100.72
100.39
100.06
99.74
99.46
99.14
98.81
98.48
98.15
97.84
97.48
97.15
96.76
96.55
96.21
95.92
95.61
95.27
94.95
94.66
94.34
94.02
93.58
93.24
92.92
92.69
92.28
92.08
91.79
91.46
91.14
90.82
90.49
90.18
89.90
89.53
89.22
88.88
88.60
88.30
88.04
87.72
87.53
87.25
87.00
86.67
86.31
86.02
85.69
85.37
85.05
84.84
84.49
84.18
83.98
83.77
83.52
83.27
83.01
82.79
82.57
82.36
82.13
81.88
81.70
81.48
81.23
81.01
80.79
80.55
80.26
80.03
79.80
79.60
79.35
79.12
78.79
78.36
78.11
77.76
77.46
77.21
76.88
76.58
76.37
76.37
76.21
76.08
75.90
75.79
75.53
75.36
75.16
75.08
74.99
74.90
74.77
74.48
74.33
74.25
74.14
73.98
73.83
73.69
73.56
73.41
73.30
73.20
73.06
72.89
72.73
72.54
72.40
72.30
72.15
72.02
71.91
71.81
71.63
71.52
71.33
71.19
71.02
70.91
70.79
70.65
70.50
70.34
70.25
70.11
70.02
69.91
69.74
69.56
69.41
69.25
69.10
68.98
68.87
68.76
68.62
68.50
68.40
68.25
68.15
68.02
