105.57
105.34
105.09
104.84
104.66
104.34
103.87
103.42
102.99
102.62
102.62
102.28
101.95
101.60
101.28
100.96
100.63
100.25
99.92
99.59
99.26
98.92
98.56
98.22
97.90
97.56
97.21
96.87
96.70
96.46
96.23
96.03
95.81
95.55
95.25
95.06
94.96
94.73
94.46
94.27
94.07
93.87
93.62
93.43
93.29
93.07
92.86
92.67
92.50
92.29
92.08
91.88
91.68
91.43
91.20
90.95
90.76
90.49
90.22
90.01
89.82
89.66
89.41
89.20
88.97
88.86
88.64
88.47
88.29
87.99
87.73
87.48
87.27
87.02
86.89
86.63
86.38
86.23
86.12
85.99
85.82
85.69
85.57
85.44
85.33
85.18
85.06
84.92
84.80
84.64
84.44
84.35
84.26
84.08
83.95
83.82
83.68
83.54
83.42
83.20
82.97
82.75
82.53
82.36
82.24
82.01
81.83
81.71
81.47
81.29
81.12
81.02
80.80
80.59
80.41
80.30
80.20
80.10
79.96
79.73
79.59
79.49
79.26
79.16
79.03
78.84
78.73
78.62
78.51
78.43
78.33
78.15
78.06
77.86
77.77
77.67
77.51
77.34
77.23
77.13
76.93
76.83
76.69
76.56
76.42
76.29
76.18
76.05
75.90
75.77
75.66
75.53
75.42
75.28
75.13
74.98
74.90
74.75
74.60
74.44
74.34
74.18
74.07
73.97
73.88
73.72
73.62
73.49
