107.08
106.84
106.60
106.39
106.12
105.88
105.45
105.09
104.74
104.43
104.14
103.80
103.47
103.08
102.83
102.49
102.22
101.87
101.54
101.19
100.87
100.57
100.16
99.84
99.54
99.22
98.83
98.43
98.15
97.89
97.53
97.20
96.85
96.57
96.28
96.06
95.70
95.37
95.06
94.74
94.39
94.06
93.60
93.23
92.85
92.47
92.07
91.75
91.43
91.20
90.89
90.52
90.18
89.84
89.53
89.24
88.87
88.53
88.22
87.90
87.63
87.34
87.06
86.76
86.57
86.30
86.05
85.76
85.41
85.14
84.82
84.49
84.15
83.93
83.57
83.27
83.05
82.86
82.65
82.38
82.13
81.92
81.73
81.52
81.30
81.08
80.87
80.66
80.45
80.18
79.96
79.78
79.47
79.24
79.03
78.79
78.57
78.36
77.93
77.55
77.28
76.95
76.67
76.43
76.13
75.90
75.66
75.35
75.10
74.81
74.60
74.28
73.93
73.63
73.43
73.24
73.06
72.83
72.53
72.27
72.06
71.79
71.49
71.24
70.99
70.78
70.56
70.27
70.06
69.82
69.61
69.33
69.00
68.79
68.58
68.30
68.30
68.20
68.08
67.94
67.79
67.68
67.50
67.36
67.16
67.02
66.88
66.75
66.55
66.44
66.34
66.22
66.11
66.03
65.85
65.69
65.59
65.48
65.37
65.24
65.12
65.01
64.88
64.75
64.65
64.52
64.42
64.25
