106.59
106.41
106.18
105.90
105.71
105.43
105.09
104.76
104.45
104.12
103.86
103.47
103.10
102.74
102.38
102.05
101.72
101.38
101.05
100.73
100.43
100.14
99.80
99.50
99.21
98.85
98.45
98.03
97.75
97.40
97.07
96.78
96.47
96.14
95.78
95.57
95.22
94.93
94.55
94.27
93.97
93.61
93.27
92.99
92.63
92.31
91.98
91.69
91.36
91.05
90.72
90.37
90.02
89.68
89.35
88.99
88.61
88.30
87.96
87.64
87.37
87.06
86.80
86.53
86.32
86.01
85.76
85.47
85.06
84.73
84.44
84.16
83.88
83.66
83.29
83.02
82.82
82.62
82.40
82.12
81.89
81.69
81.49
81.27
81.06
80.83
80.60
80.40
80.19
79.95
79.75
79.54
79.25
79.01
78.72
78.47
78.21
78.03
77.70
77.38
77.03
76.76
76.50
76.28
75.94
75.94
75.81
75.62
75.46
75.32
75.14
75.03
74.79
74.59
74.40
74.32
74.21
74.07
73.92
73.69
73.58
73.44
73.23
73.06
72.88
72.69
72.56
72.47
72.33
72.20
72.03
71.91
71.71
71.52
71.37
71.26
71.11
70.95
70.81
70.68
70.48
70.37
70.21
70.08
69.89
69.72
69.60
69.45
69.30
69.16
69.05
68.93
68.81
68.69
68.53
68.39
68.26
68.14
68.02
67.86
67.76
67.63
67.50
67.38
67.28
67.17
67.07
66.92
