106.20
105.99
105.75
105.48
105.28
104.98
104.52
104.10
103.71
103.46
103.09
102.60
102.32
102.03
101.72
101.43
101.12
100.80
100.52
100.18
99.89
99.55
99.18
98.84
98.52
98.17
97.85
97.46
97.15
96.80
96.49
96.16
95.83
95.51
95.19
94.99
94.65
94.32
93.97
93.66
93.14
92.78
92.30
91.97
91.62
91.39
91.07
90.76
90.76
90.59
90.14
89.83
89.50
89.39
88.99
88.87
88.67
88.25
87.95
87.64
87.47
87.31
87.07
86.93
86.74
86.66
86.49
86.36
86.17
85.93
85.72
85.43
85.21
85.02
84.86
84.63
84.41
84.30
84.18
84.06
83.90
83.73
83.63
83.53
83.38
83.24
83.16
83.04
82.94
82.86
82.72
82.62
82.48
82.25
82.14
82.00
81.86
81.75
81.63
81.43
81.22
81.04
80.80
80.62
80.48
80.33
80.17
80.06
79.82
79.72
79.51
79.41
79.19
79.00
78.82
78.69
78.58
78.47
78.35
78.10
77.95
77.83
77.74
77.55
77.36
77.19
77.05
76.91
76.79
76.66
76.55
76.42
76.22
76.04
75.90
75.78
75.63
75.47
75.33
75.19
75.03
74.91
74.77
74.65
74.54
74.38
74.25
74.15
73.99
73.88
73.77
73.66
73.56
73.44
73.28
73.13
73.00
72.94
72.76
72.61
72.50
72.39
72.27
72.18
72.07
71.90
71.82
71.66
