105.33
105.07
104.84
104.63
104.26
104.06
103.60
103.18
102.80
102.44
102.03
101.66
101.20
100.83
100.83
100.72
100.47
100.24
99.98
99.76
99.50
99.27
99.01
98.72
98.53
98.35
98.07
97.78
97.54
97.31
97.07
96.84
96.60
96.38
96.12
95.88
95.75
95.46
95.22
94.96
94.72
94.53
94.39
94.27
94.11
93.88
93.67
93.42
93.20
92.97
92.74
92.51
92.27
91.99
91.75
91.48
91.22
91.01
90.81
90.56
90.34
90.18
89.98
89.72
89.48
89.31
88.98
88.85
88.69
88.47
88.25
88.05
87.87
87.61
87.46
87.21
86.96
86.81
86.71
86.58
86.42
86.28
86.16
86.05
85.92
85.78
85.66
85.51
85.39
85.31
85.16
85.06
84.95
84.79
84.60
84.46
84.35
84.19
84.08
83.81
83.61
83.40
83.17
83.02
82.90
82.70
82.53
82.37
82.17
82.08
81.93
81.79
81.50
81.30
81.16
81.07
80.95
80.82
80.71
80.48
80.27
80.13
79.89
79.69
79.52
79.36
79.26
79.11
78.99
78.83
78.72
78.61
78.41
78.22
78.08
77.98
77.83
77.67
77.57
77.44
77.27
77.15
76.95
76.82
76.63
76.49
76.35
76.24
76.08
75.95
75.84
75.73
75.59
75.47
75.28
75.14
75.07
74.94
74.79
74.66
74.54
74.35
74.24
74.11
73.97
73.84
73.74
73.61
