107.75
107.52
107.29
107.05
106.84
106.57
106.28
105.93
105.53
105.22
104.90
104.56
104.21
103.75
103.38
103.08
102.76
102.42
102.10
101.70
101.33
100.85
100.38
100.03
99.61
99.24
98.83
98.54
98.21
97.91
97.59
97.25
96.92
96.60
96.26
96.05
95.68
95.34
95.01
94.68
94.36
94.06
93.65
93.33
93.02
92.75
92.41
92.07
91.76
91.55
91.27
90.93
90.61
90.25
89.96
89.68
89.38
89.07
88.72
88.42
88.17
87.94
87.67
87.37
87.08
86.84
86.61
86.34
86.05
85.72
85.41
85.08
84.71
84.47
84.11
83.85
83.66
83.45
83.22
82.88
82.64
82.43
82.20
81.97
81.75
81.52
81.29
81.08
80.87
80.61
80.42
80.13
79.82
79.58
79.34
79.11
78.91
78.69
78.31
77.94
77.65
77.35
77.04
76.86
76.53
76.26
76.03
75.78
75.52
75.20
74.98
74.65
74.31
74.02
73.81
73.62
73.44
73.25
72.88
72.62
72.42
72.18
71.92
71.66
71.35
71.14
70.89
70.69
70.48
70.26
69.99
69.71
69.71
69.59
69.44
69.32
69.18
68.98
68.87
68.79
68.60
68.48
68.27
68.14
67.91
67.75
67.63
67.49
67.35
67.22
67.10
66.96
66.83
66.72
66.56
66.41
66.26
66.16
66.00
65.88
65.76
65.64
65.52
65.37
65.25
65.09
64.98
64.89
