101.74
101.49
101.26
101.04
100.83
100.54
100.03
99.69
99.31
98.90
98.90
98.53
98.15
97.78
97.45
97.16
96.84
96.52
96.16
95.80
95.69
95.46
95.37
95.13
94.87
94.63
94.41
94.19
93.97
93.88
93.65
93.57
93.39
93.23
92.98
92.75
92.53
92.31
92.11
91.89
91.67
91.43
91.31
91.16
91.03
90.89
90.70
90.50
90.28
90.16
89.99
89.90
89.77
89.65
89.55
89.45
89.23
88.96
88.81
88.63
88.50
88.39
88.28
88.18
88.04
87.91
87.76
87.62
87.40
87.28
87.14
87.00
86.85
86.73
86.60
86.49
86.40
86.25
86.14
86.01
85.90
85.80
85.69
85.54
85.43
85.31
85.20
85.10
84.96
84.87
84.77
84.68
84.54
84.40
84.30
84.19
84.07
83.91
83.74
83.48
83.29
83.18
82.97
82.85
82.64
82.42
82.32
82.19
82.00
81.83
81.70
81.56
81.47
81.32
81.21
81.04
80.93
80.80
80.65
80.46
80.24
80.13
79.98
79.80
79.61
79.40
79.29
78.96
78.81
78.62
78.47
78.25
78.14
77.93
77.82
77.70
77.55
77.42
77.29
77.19
77.11
77.01
76.87
76.77
76.66
76.51
76.39
76.25
76.16
76.04
75.92
75.77
75.67
75.54
75.42
75.30
75.14
75.01
74.84
74.69
74.59
74.50
74.36
74.21
74.08
73.97
73.85
73.71
73.54
73.44
73.26
73.18
73.05
72.76
72.53
72.43
72.29
72.08
71.98
71.83
71.71
71.59
71.49
71.39
71.31
71.20
71.10
70.96
70.81
70.71
70.63
70.52
70.38
70.26
70.14
69.90
69.76
69.59
69.49
69.40
69.25
69.11
68.97
68.79
68.69
68.58
68.44
68.31
68.12
68.00
67.89
67.75
67.61
67.50
67.36
67.26
67.13
66.96
66.87
66.75
66.63
66.50
66.39
66.29
66.19
66.09
65.96
65.81
65.62
65.47
65.35
65.25
65.10
65.00
64.88
64.74
64.63
64.49
64.35
64.25
64.13
64.00
63.87
63.75
63.60
63.47
63.33
63.23
63.13
63.02
62.91
62.77
62.68
62.58
62.39
62.27
62.13
61.99
61.88
61.76
61.64
61.51
61.35
61.19
61.10
60.99
60.89
60.79
60.63
60.52
60.36
60.22
60.06
59.92
59.84
59.73
59.62
59.48
59.36
59.27
59.17
59.06
