102.58
102.33
102.13
101.90
101.66
101.33
100.99
100.70
100.37
100.02
99.61
99.27
98.99
98.62
98.29
97.96
97.69
97.40
97.09
96.58
96.35
95.98
95.55
95.36
95.01
94.75
94.49
94.13
93.91
93.59
93.38
93.05
92.80
92.44
92.15
91.82
91.45
91.16
90.77
90.49
90.17
89.94
89.65
89.45
89.23
88.91
88.61
88.31
88.07
87.77
87.56
87.37
87.14
86.94
86.74
86.45
86.07
85.77
85.47
85.22
84.99
84.77
84.56
84.34
84.15
83.91
83.70
83.46
83.23
82.94
82.71
82.45
82.22
81.95
81.75
81.54
81.27
81.05
80.83
80.62
80.42
80.21
79.99
79.75
79.53
79.34
79.12
78.77
78.56
78.35
78.14
77.88
77.64
77.46
77.26
77.04
76.76
76.55
76.21
75.92
75.71
75.37
75.11
74.87
74.56
74.35
74.15
73.97
73.97
73.84
73.71
73.54
73.38
73.27
73.12
73.00
72.87
72.77
72.65
72.47
72.27
72.11
71.96
71.75
71.47
71.30
71.20
70.92
70.68
70.56
70.45
70.26
70.16
69.94
69.84
69.69
69.57
69.46
69.37
69.22
69.11
69.00
68.82
68.67
68.54
68.39
68.30
68.17
68.04
67.96
67.84
67.69
67.56
67.43
67.27
67.13
67.00
66.78
66.67
66.52
66.42
66.34
66.23
66.06
65.92
65.81
65.71
65.61
65.44
65.32
65.22
65.12
65.01
64.83
64.64
64.51
64.34
64.15
64.00
63.91
63.79
63.68
63.58
63.46
63.35
63.24
63.14
62.96
62.81
62.69
62.59
62.47
62.34
62.21
62.09
61.95
61.88
61.74
61.62
61.49
61.35
61.23
61.06
60.79
60.66
60.51
60.35
60.22
60.11
59.98
59.86
59.76
59.63
59.40
59.30
59.19
59.05
58.93
58.80
58.69
58.58
58.49
58.38
58.29
58.18
58.07
57.93
57.82
57.62
57.50
57.39
57.29
57.19
57.05
56.93
56.82
56.69
56.58
56.49
56.37
56.26
56.15
56.05
55.94
55.84
55.73
55.65
55.55
55.43
55.32
55.23
55.15
55.04
54.91
54.80
54.66
54.52
54.42
54.27
54.15
54.05
53.93
53.82
53.68
53.53
53.39
53.27
53.16
53.07
52.98
52.83
52.72
52.59
52.47
52.37
52.23
52.11
51.97
51.87
51.77
51.67
51.53
51.41
