102.20
101.98
101.78
101.56
101.33
101.00
100.60
100.33
100.00
99.63
99.21
98.89
98.56
98.20
97.75
97.32
96.85
96.64
96.33
96.02
95.78
95.56
95.25
94.92
94.64
94.36
94.01
93.69
93.44
93.05
92.86
92.64
92.64
92.54
92.28
92.08
91.88
91.69
91.48
91.27
91.12
90.89
90.79
90.55
90.45
90.31
90.10
89.86
89.67
89.54
89.33
89.24
89.11
88.99
88.89
88.76
88.57
88.27
88.10
87.87
87.75
87.65
87.54
87.44
87.33
87.24
87.06
86.95
86.77
86.65
86.53
86.40
86.21
86.13
86.00
85.88
85.77
85.67
85.57
85.45
85.33
85.22
85.09
84.94
84.83
84.71
84.52
84.42
84.31
84.21
84.13
84.01
83.88
83.71
83.63
83.47
83.33
83.15
83.01
82.81
82.61
82.48
82.27
82.17
82.04
81.87
81.71
81.58
81.48
81.26
81.15
81.05
80.88
80.73
80.64
80.48
80.38
80.27
80.17
80.00
79.77
79.62
79.50
79.31
79.09
78.86
78.74
78.46
78.26
78.01
77.89
77.65
77.51
77.28
77.15
77.05
76.94
76.84
76.72
76.55
76.45
76.33
76.22
76.11
76.01
75.87
75.75
75.60
75.47
75.32
75.20
75.08
74.92
74.80
74.66
74.53
74.40
74.29
74.15
74.02
73.90
73.79
73.61
73.48
73.35
73.24
73.14
73.04
72.86
72.76
72.55
72.45
72.34
72.17
71.93
71.82
71.67
71.50
71.35
71.18
71.08
70.94
70.86
70.75
70.63
70.53
70.43
70.33
70.21
70.03
69.90
69.80
69.67
69.53
69.39
69.23
69.14
69.01
68.90
68.79
68.67
68.58
68.41
68.28
68.17
68.06
67.94
67.80
67.68
67.55
67.42
67.31
67.20
67.06
66.92
66.79
66.68
66.55
66.47
66.35
66.25
66.15
66.04
65.90
65.78
65.68
65.57
65.48
65.29
65.17
65.05
64.92
64.83
64.73
64.62
64.50
64.38
64.26
64.16
64.05
63.94
63.80
63.69
63.57
63.41
63.29
63.20
63.06
62.97
62.84
62.68
62.57
62.45
62.31
62.16
62.03
61.89
61.79
61.70
61.59
61.46
61.32
61.16
61.06
60.94
60.81
60.70
60.58
60.45
60.33
60.20
60.08
59.86
59.74
59.61
59.49
59.40
59.25
59.14
59.03
58.86
58.70
58.59
