102.36
102.11
101.89
101.70
101.50
101.21
100.82
100.51
100.18
99.87
99.42
99.10
98.75
98.39
98.10
97.78
97.45
97.11
96.77
96.44
96.10
95.92
95.59
95.24
94.90
94.59
94.26
93.92
93.73
93.35
93.17
93.17
93.06
92.71
92.39
92.07
91.79
91.66
91.28
91.15
90.78
90.69
90.58
90.29
90.17
90.01
89.83
89.41
89.31
89.02
88.90
88.80
88.68
88.52
88.41
88.24
88.02
87.75
87.60
87.40
87.28
87.18
87.10
86.94
86.83
86.75
86.61
86.49
86.33
86.19
86.10
85.96
85.80
85.63
85.48
85.39
85.30
85.17
85.08
84.97
84.85
84.74
84.63
84.46
84.34
84.20
84.02
83.92
83.76
83.64
83.57
83.46
83.37
83.26
83.16
83.05
82.91
82.75
82.60
82.34
82.14
82.03
81.81
81.67
81.59
81.35
81.26
81.16
81.04
80.89
80.76
80.57
80.44
80.31
80.15
79.98
79.89
79.72
79.61
79.42
79.18
79.05
78.94
78.78
78.51
78.31
78.20
77.98
77.72
77.52
77.41
77.19
77.09
76.91
76.79
76.68
76.57
76.43
76.31
76.17
76.08
75.96
75.81
75.68
75.55
75.41
75.27
75.16
74.94
74.75
74.65
74.52
74.39
74.27
74.11
73.99
73.85
73.67
73.50
73.38
73.28
73.18
73.06
72.90
72.75
72.65
72.54
72.42
72.25
72.13
71.96
71.87
71.74
71.56
71.32
71.21
71.07
70.88
70.74
70.64
70.53
70.43
70.31
70.21
70.04
69.94
69.83
69.71
69.53
69.44
69.34
69.24
69.12
69.04
68.93
68.81
68.61
68.43
68.28
68.13
67.93
67.80
67.68
67.55
67.45
67.34
67.18
67.08
66.97
66.81
66.68
66.59
66.49
66.34
66.17
66.04
65.86
65.73
65.65
65.56
65.43
65.30
65.19
65.09
65.00
64.88
64.74
64.63
64.52
64.39
64.30
64.20
64.08
63.98
63.84
63.70
63.59
63.39
63.31
63.20
63.10
62.93
62.80
62.70
62.58
62.33
62.22
62.10
62.00
61.87
61.76
61.65
61.56
61.43
61.31
61.15
61.02
60.92
60.83
60.72
60.62
60.46
60.28
60.12
60.02
59.91
59.81
59.70
59.55
59.45
59.33
59.19
58.99
58.85
58.77
58.64
58.43
58.28
58.18
58.07
57.91
57.78
57.67
