101.90
101.64
101.43
101.21
101.02
100.70
100.28
99.94
99.61
99.31
98.86
98.54
98.20
97.87
97.87
97.70
97.44
97.19
97.00
96.78
96.35
96.22
95.92
95.58
95.45
95.26
95.00
94.76
94.50
94.37
94.14
94.04
93.89
93.75
93.47
93.24
93.00
92.76
92.56
92.39
92.24
92.00
91.86
91.60
91.50
91.39
91.15
90.90
90.69
90.55
90.39
90.30
90.20
90.03
89.92
89.83
89.61
89.38
89.18
88.96
88.80
88.69
88.61
88.46
88.37
88.28
88.18
88.05
87.82
87.74
87.62
87.51
87.33
87.19
87.02
86.92
86.82
86.66
86.54
86.44
86.30
86.15
86.06
85.92
85.75
85.60
85.44
85.33
85.23
85.13
85.02
84.94
84.84
84.73
84.64
84.45
84.30
84.10
84.00
83.74
83.53
83.44
83.21
83.11
83.01
82.81
82.72
82.60
82.40
82.20
82.11
81.92
81.79
81.68
81.57
81.42
81.32
81.19
81.09
80.91
80.66
80.49
80.34
80.18
79.95
79.64
79.51
79.29
79.04
78.90
78.80
78.55
78.44
78.20
78.07
77.97
77.81
77.72
77.61
77.49
77.37
77.22
77.12
77.01
76.89
76.75
76.59
76.48
76.34
76.23
76.08
75.97
75.84
75.72
75.58
75.46
75.31
75.18
75.04
74.92
74.81
74.70
74.57
74.39
74.24
74.14
74.02
73.92
73.77
73.66
73.48
73.35
73.18
73.02
72.88
72.78
72.66
72.50
72.37
72.26
72.17
72.03
71.94
71.80
71.66
71.52
71.40
71.30
71.18
71.05
70.92
70.82
70.70
70.57
70.43
70.28
70.19
70.05
69.93
69.83
69.71
69.60
69.47
69.36
69.26
69.12
68.96
68.87
68.75
68.63
68.51
68.40
68.27
68.13
68.03
67.91
67.75
67.63
67.47
67.30
67.21
67.06
66.95
66.82
66.72
66.60
66.45
66.35
66.20
66.07
65.94
65.76
65.64
65.49
65.35
65.24
65.10
65.01
64.90
64.79
64.70
64.53
64.41
64.26
64.09
63.90
63.79
63.68
63.58
63.43
63.34
63.23
63.14
62.98
62.87
62.76
62.68
62.56
62.44
62.30
62.20
62.11
61.87
61.75
61.66
61.52
61.42
61.24
61.14
61.04
60.91
60.78
60.56
60.46
60.36
60.23
60.12
60.02
59.92
59.80
59.68
59.56
59.45
