103.28
103.04
102.83
102.61
102.39
102.06
101.72
101.44
101.12
100.76
100.36
99.96
99.60
99.27
98.86
98.51
98.15
97.90
97.57
97.20
96.90
96.61
96.28
95.98
95.68
95.42
95.10
94.81
94.60
94.24
94.05
93.76
93.52
93.19
92.85
92.47
92.21
91.89
91.42
91.07
90.84
90.36
90.14
89.91
89.68
89.43
89.12
88.84
88.65
88.33
88.12
87.91
87.71
87.50
87.30
87.02
86.66
86.40
86.14
85.89
85.67
85.46
85.22
84.99
84.78
84.55
84.34
84.03
83.78
83.55
83.35
83.11
82.87
82.64
82.44
82.25
82.04
81.83
81.63
81.39
81.17
80.97
80.73
80.49
80.25
80.03
79.85
79.65
79.46
79.27
79.07
78.83
78.61
78.41
78.20
77.93
77.68
77.43
77.09
76.75
76.53
76.24
76.05
75.80
75.46
75.27
75.07
74.78
74.54
74.30
74.11
73.91
73.68
73.48
73.25
73.07
72.82
72.59
72.36
72.07
71.78
71.55
71.29
70.92
70.57
70.39
70.04
69.76
69.76
69.62
69.49
69.28
69.17
68.99
68.86
68.71
68.57
68.43
68.30
68.09
67.95
67.82
67.67
67.50
67.36
67.21
67.09
66.94
66.84
66.73
66.60
66.49
66.37
66.25
66.08
65.94
65.81
65.67
65.50
65.37
65.27
65.19
65.05
64.91
64.76
64.62
64.52
64.41
64.21
64.11
63.88
63.78
63.66
63.50
63.27
63.18
63.05
62.82
62.71
62.61
62.49
62.35
62.19
62.09
62.01
61.92
61.81
61.68
61.55
61.43
61.28
61.16
61.05
60.96
60.81
60.66
60.51
60.39
60.28
60.16
60.02
59.89
59.77
59.63
59.54
59.38
59.25
59.09
58.99
58.86
58.75
58.63
58.52
58.38
58.23
58.11
57.97
57.84
57.74
57.59
57.49
57.33
57.24
57.11
56.99
56.89
56.76
56.59
56.41
56.29
56.18
56.08
55.97
55.83
55.71
55.59
55.47
55.39
55.25
55.14
55.02
54.91
54.79
54.69
54.56
54.39
54.30
54.20
54.14
54.05
53.95
53.84
53.72
53.60
53.49
53.33
53.23
53.12
53.01
52.88
52.79
52.68
52.57
52.45
52.34
52.23
52.11
51.98
51.86
51.76
51.64
51.48
51.30
51.15
51.06
50.97
50.85
50.72
50.61
50.48
50.40
50.28
50.16
