102.43
102.23
101.99
101.77
101.50
100.93
100.54
100.14
99.78
99.43
98.95
98.60
98.22
97.98
97.65
97.33
97.02
96.69
96.35
96.04
95.69
95.50
95.19
94.73
94.32
93.92
93.55
93.35
92.93
92.72
92.52
92.20
92.01
91.68
91.40
91.09
90.78
90.44
90.15
89.86
89.55
89.34
89.00
88.78
88.57
88.29
87.97
87.71
87.50
87.19
87.00
86.79
86.58
86.37
86.01
85.60
85.16
84.80
84.58
84.35
84.09
83.87
83.65
83.43
83.23
83.03
82.82
82.82
82.69
82.53
82.42
82.29
82.15
82.02
81.86
81.76
81.65
81.52
81.43
81.32
81.21
81.07
80.92
80.77
80.67
80.53
80.38
80.27
80.14
80.03
79.93
79.84
79.71
79.60
79.51
79.37
79.22
79.03
78.92
78.68
78.50
78.40
78.20
78.11
78.04
77.81
77.69
77.58
77.47
77.27
77.17
77.00
76.88
76.72
76.59
76.43
76.33
76.23
76.12
75.98
75.84
75.69
75.52
75.28
75.12
74.90
74.76
74.53
74.30
74.12
73.98
73.72
73.60
73.43
73.31
73.20
73.09
72.99
72.86
72.68
72.53
72.40
72.18
72.07
71.96
71.80
71.68
71.53
71.40
71.26
71.12
71.02
70.93
70.82
70.66
70.52
70.40
70.23
70.08
69.96
69.85
69.74
69.65
69.49
69.35
69.24
69.13
69.02
68.82
68.72
68.52
68.42
68.28
68.16
67.84
67.75
67.60
67.44
67.29
67.19
67.10
66.98
66.89
66.79
66.60
66.51
66.43
66.30
66.14
65.99
65.88
65.75
65.63
65.51
65.38
65.19
65.07
64.90
64.79
64.68
64.56
64.41
64.28
64.15
64.03
63.91
63.80
63.70
63.57
63.45
63.33
63.23
63.08
62.95
62.81
62.71
62.55
62.40
62.28
62.15
62.03
61.94
61.85
61.74
61.64
61.55
61.41
61.32
61.16
61.08
60.97
60.81
60.70
60.58
60.45
60.35
60.22
60.10
59.97
59.87
59.75
59.62
59.52
59.39
59.30
59.16
59.04
58.93
58.80
58.69
58.59
58.51
58.40
58.27
58.14
57.99
57.88
57.78
57.65
57.52
57.40
57.27
57.16
57.06
56.96
56.83
56.71
56.59
56.46
56.36
56.22
56.10
55.93
55.80
55.67
55.56
55.47
55.36
55.24
55.13
55.03
54.90
54.79
