103.72
103.48
103.26
103.06
102.82
102.54
102.15
101.86
101.54
101.09
100.72
100.41
100.12
99.78
99.39
99.05
98.73
98.37
98.00
97.77
97.42
97.21
96.86
96.58
96.25
95.89
95.51
95.17
94.96
94.62
94.43
94.18
93.90
93.57
93.25
92.98
92.62
92.35
92.02
91.73
91.46
91.28
90.98
90.79
90.55
90.26
89.89
89.57
89.34
89.03
88.80
88.59
88.39
88.17
87.86
87.53
87.19
86.87
86.65
86.38
86.12
85.91
85.67
85.46
85.27
85.06
84.84
84.54
84.31
84.09
83.86
83.62
83.36
83.11
82.91
82.71
82.48
82.30
82.06
81.82
81.61
81.39
81.17
80.94
80.67
80.46
80.26
80.05
79.84
79.63
79.44
79.22
79.01
78.82
78.59
78.37
78.10
77.86
77.57
77.23
77.01
76.70
76.47
76.29
75.97
75.74
75.52
75.31
75.00
74.75
74.53
74.33
74.10
73.89
73.65
73.45
73.20
72.98
72.69
72.69
72.56
72.42
72.24
72.12
71.98
71.81
71.69
71.44
71.26
71.11
70.99
70.78
70.66
70.50
70.36
70.25
70.14
70.01
69.89
69.75
69.66
69.53
69.42
69.31
69.17
69.04
68.91
68.73
68.59
68.50
68.38
68.24
68.12
67.96
67.85
67.73
67.58
67.39
67.32
67.18
67.08
66.99
66.90
66.74
66.60
66.49
66.38
66.27
66.16
66.05
65.87
65.75
65.59
65.42
65.14
65.05
64.93
64.79
64.68
64.55
64.44
64.33
64.23
64.10
63.98
63.89
63.81
63.72
63.59
63.49
63.39
63.29
63.18
63.08
62.97
62.84
62.72
62.58
62.48
62.37
62.20
62.03
61.87
61.77
61.67
61.52
61.37
61.24
61.12
61.01
60.91
60.81
60.70
60.52
60.41
60.27
60.14
60.01
59.91
59.77
59.64
59.54
59.46
59.37
59.23
59.12
58.95
58.88
58.77
58.63
58.52
58.40
58.29
58.16
58.03
57.91
57.81
57.72
57.62
57.54
57.45
57.34
57.22
57.13
56.94
56.84
56.71
56.61
56.49
56.36
56.26
56.12
56.02
55.92
55.83
55.71
55.61
55.50
55.37
55.24
55.14
55.01
54.78
54.66
54.56
54.42
54.31
54.17
54.05
53.93
53.79
53.67
53.49
53.36
53.25
53.15
52.99
52.84
52.68
52.53
52.39
52.26
52.14
