102.87
102.63
102.39
102.17
101.95
101.62
101.15
100.84
100.56
100.27
99.86
99.50
99.08
98.68
98.48
98.17
97.53
97.32
96.99
96.65
96.37
96.17
95.87
95.52
95.20
94.86
94.57
94.25
94.04
93.66
93.48
93.20
92.93
92.63
92.32
92.02
91.67
91.38
91.05
90.70
90.39
90.18
89.89
89.63
89.37
89.03
88.62
88.39
88.04
87.84
87.64
87.45
87.22
87.00
86.79
86.46
86.12
85.87
85.56
85.31
85.11
84.91
84.65
84.45
84.26
84.05
83.84
83.51
83.30
83.07
82.85
82.62
82.33
82.02
81.82
81.62
81.39
81.18
80.98
80.76
80.53
80.33
80.04
79.84
79.60
79.35
79.12
78.89
78.69
78.46
78.27
78.03
77.81
77.60
77.36
77.15
76.88
76.68
76.34
76.01
75.80
75.47
75.25
75.05
74.75
74.55
74.34
74.15
73.88
73.67
73.38
73.17
72.96
72.70
72.47
72.25
72.01
71.81
71.81
71.69
71.45
71.26
71.15
70.96
70.80
70.63
70.51
70.23
70.00
69.82
69.71
69.51
69.40
69.18
69.06
68.92
68.79
68.67
68.54
68.41
68.30
68.20
68.09
67.97
67.84
67.70
67.60
67.48
67.32
67.21
67.09
66.98
66.86
66.74
66.62
66.50
66.35
66.21
66.08
65.97
65.86
65.76
65.65
65.49
65.35
65.23
65.11
64.98
64.82
64.66
64.46
64.36
64.23
64.07
63.86
63.71
63.57
63.39
63.29
63.16
63.06
62.93
62.83
62.72
62.60
62.51
62.40
62.24
62.07
61.96
61.88
61.77
61.67
61.55
61.44
61.29
61.21
61.03
60.92
60.84
60.70
60.57
60.43
60.32
60.19
60.07
59.97
59.86
59.74
59.57
59.45
59.36
59.24
59.16
59.04
58.91
58.77
58.66
58.58
58.47
58.35
58.23
58.13
57.99
57.89
57.77
57.61
57.50
57.40
57.24
57.13
57.00
56.86
56.72
56.58
56.46
56.34
56.22
56.12
56.01
55.91
55.79
55.69
55.59
55.47
55.29
55.14
55.01
54.90
54.76
54.64
54.54
54.43
54.29
54.18
54.01
53.89
53.77
53.65
53.53
53.42
53.30
53.15
53.07
52.97
52.85
52.74
52.60
52.45
52.34
52.20
52.09
51.93
51.78
51.64
51.54
51.39
51.26
51.11
50.99
50.87
50.73
50.62
