103.77
103.55
103.32
103.10
102.91
102.54
102.18
101.89
101.58
101.27
100.85
100.49
100.18
99.82
99.49
99.17
98.81
98.47
98.16
97.86
97.51
97.31
97.04
96.71
96.40
96.05
95.75
95.42
95.20
94.82
94.61
94.34
94.06
93.70
93.32
92.99
92.71
92.38
92.07
91.79
91.49
91.27
90.92
90.71
90.45
90.16
89.82
89.49
89.26
88.92
88.71
88.49
88.27
88.05
87.80
87.49
87.12
86.80
86.50
86.25
86.00
85.79
85.56
85.37
85.18
84.97
84.75
84.42
84.19
83.94
83.74
83.48
83.22
82.97
82.78
82.57
82.32
82.09
81.86
81.64
81.45
81.23
81.01
80.79
80.54
80.30
80.09
79.88
79.70
79.49
79.30
79.08
78.83
78.63
78.43
78.15
77.87
77.67
77.36
77.07
76.84
76.51
76.32
76.11
76.11
75.96
75.86
75.75
75.60
75.39
75.30
75.06
74.97
74.84
74.69
74.58
74.48
74.26
74.16
73.98
73.81
73.65
73.50
73.30
73.13
72.90
72.78
72.51
72.34
72.21
72.08
71.83
71.72
71.52
71.40
71.31
71.22
71.13
71.00
70.81
70.71
70.61
70.50
70.37
70.23
70.03
69.90
69.72
69.58
69.43
69.28
69.16
69.06
68.90
68.70
68.59
68.49
68.35
68.20
68.02
67.92
67.84
67.74
67.57
67.43
67.33
67.22
67.07
66.94
66.82
66.65
66.54
66.44
66.19
65.98
65.85
65.75
65.61
65.50
65.39
65.27
65.13
64.98
64.87
64.77
64.64
64.52
64.33
64.18
64.07
63.95
63.82
63.67
63.54
63.43
63.27
63.16
63.02
62.91
62.79
62.63
62.49
62.37
62.26
62.14
62.00
61.86
61.75
61.63
61.51
61.40
61.27
61.16
60.99
60.87
60.73
60.62
60.52
60.43
60.34
60.25
60.11
60.02
59.89
59.78
59.67
59.54
59.44
59.24
59.11
59.00
58.88
58.73
58.62
58.53
58.44
58.30
58.21
58.09
57.96
57.84
57.71
57.59
57.44
57.27
57.14
57.03
56.91
56.81
56.69
56.60
56.48
56.38
56.23
56.11
55.96
55.87
55.71
55.64
55.53
55.42
55.32
55.21
55.12
55.03
54.87
54.73
54.56
54.43
54.30
54.16
54.03
53.84
53.71
53.58
53.47
53.31
53.18
53.04
52.93
52.77
52.66
52.53
