103.74
103.46
103.21
102.98
102.77
102.48
102.11
101.80
101.48
101.12
100.72
100.38
100.08
99.75
99.44
99.11
98.78
98.45
98.13
97.82
97.53
97.34
96.89
96.57
96.29
96.04
95.69
95.35
95.11
94.74
94.55
94.29
94.03
93.71
93.39
93.07
92.78
92.51
92.11
91.78
91.57
91.25
91.05
90.83
90.53
90.23
89.96
89.70
89.50
89.22
89.01
88.80
88.56
88.37
88.11
87.77
87.41
87.14
86.83
86.60
86.41
86.22
85.98
85.79
85.58
85.34
85.13
84.80
84.58
84.35
84.14
83.86
83.58
83.34
83.12
82.91
82.68
82.46
82.20
81.95
81.72
81.50
81.29
81.11
80.86
80.58
80.38
80.14
79.94
79.75
79.55
79.34
79.11
78.90
78.69
78.43
78.18
77.94
77.65
77.38
77.15
76.87
76.67
76.45
76.13
75.88
75.66
75.40
75.15
74.94
74.94
74.82
74.68
74.58
74.48
74.32
74.20
74.05
73.94
73.76
73.53
73.38
73.27
73.04
72.84
72.64
72.54
72.30
72.09
71.84
71.69
71.48
71.35
71.21
71.07
70.99
70.88
70.75
70.64
70.49
70.40
70.30
70.20
70.09
69.97
69.82
69.71
69.58
69.46
69.33
69.21
69.06
68.93
68.83
68.68
68.54
68.42
68.29
68.16
68.03
67.95
67.85
67.73
67.58
67.40
67.31
67.17
67.02
66.89
66.77
66.58
66.46
66.33
66.17
65.94
65.83
65.70
65.53
65.42
65.32
65.20
64.99
64.89
64.79
64.64
64.54
64.41
64.29
64.17
64.07
63.97
63.87
63.73
63.61
63.47
63.33
63.22
63.06
62.95
62.80
62.63
62.47
62.33
62.21
62.12
62.02
61.89
61.80
61.66
61.52
61.39
61.25
61.12
61.01
60.86
60.73
60.61
60.51
60.39
60.27
60.17
60.05
59.95
59.86
59.72
59.60
59.49
59.40
59.25
59.12
58.99
58.88
58.75
58.61
58.50
58.43
58.28
58.18
58.10
57.99
57.88
57.77
57.65
57.54
57.39
57.20
57.09
56.95
56.82
56.71
56.60
56.49
56.40
56.25
56.14
55.99
55.87
55.77
55.67
55.55
55.40
55.30
55.15
55.03
54.89
54.79
54.69
54.52
54.39
54.29
54.17
54.08
53.90
53.74
53.63
53.50
53.35
53.23
53.10
52.96
52.84
52.71
52.61
