1	1	1	1	1	1	1	1	1	1	1	1	1	1	1	1	1	1	1	1	1
2	2	2	2	2	2	2	2	2	2	2	2	2	2	2	2	2	2	2	2	2
3	3	3	3	3	3	3	3	3	3	3	3	3	3	3	3	3	3	3	3	3
4	4	4	4	4	4	4	4	4	4	4	4	4	4	4	4	4	4	4	4	4
5	5	4	5	5	5	5	5	5	5	5	5	5	5	5	5	5	5	5	5	5
6	6	5	6	6	6	5	6	6	6	6	6	6	6	6	6	6	6	6	6	6
7	7	5	7	7	7	5	7	7	7	7	7	7	7	7	7	7	7	7	7	6
8	8	5	8	8	8	5	8	8	8	8	8	7	8	8	8	8	8	8	8	6
9	9	5	9	9	9	5	9	9	9	9	9	7	9	9	9	9	9	9	9	6
10	10	5	10	10	10	5	10	10	9	10	10	7	10	10	10	10	10	10	10	6
11	11	5	11	11	11	5	11	11	9	11	11	7	10	11	11	11	11	11	11	7
12	12	5	12	12	11	5	12	12	9	12	12	8	10	12	12	12	12	12	12	8
13	13	5	13	13	11	5	13	13	9	13	13	8	10	13	13	13	13	13	13	9
14	14	6	14	14	11	6	14	14	9	14	13	8	10	14	14	14	14	14	14	10
16	15	7	15	14	12	7	15	15	10	15	13	9	10	14	15	15	15	15	15	11
17	16	8	16	14	13	8	16	16	11	16	13	10	10	14	16	16	16	16	16	12
18	17	9	17	14	14	9	17	17	11	17	13	11	10	14	17	17	17	17	17	13
19	18	10	18	15	15	10	18	18	12	18	13	12	10	14	18	18	18	18	18	14
20	19	11	19	16	16	11	19	19	13	19	13	13	10	14	19	19	19	19	19	15
21	20	12	20	17	17	12	20	20	14	20	13	14	10	14	20	20	20	20	20	16
22	21	13	21	18	18	13	21	21	15	21	13	15	10	14	21	21	21	21	21	17
23	22	14	22	19	19	14	22	22	16	22	13	16	10	14	22	22	22	22	22	18
24	23	15	23	20	20	15	23	22	17	23	13	17	10	14	22	23	23	23	23	19
25	24	16	24	21	21	16	24	22	18	24	13	18	10	14	22	24	24	24	24	20
26	25	17	25	22	22	17	25	22	19	25	13	19	10	14	22	25	25	25	25	21
27	26	18	26	23	23	18	26	23	20	26	13	20	10	14	22	26	26	26	26	22
28	27	19	27	24	24	19	27	24	21	27	13	21	10	14	22	27	27	27	27	23
29	28	20	28	25	25	20	28	25	22	28	13	22	10	14	22	28	28	28	28	24
30	29	21	29	26	26	21	29	26	23	29	13	23	10	14	22	29	29	29	29	25
31	30	22	30	27	27	22	30	27	24	30	13	24	10	14	22	30	30	30	30	26
32	31	23	31	28	28	23	31	28	25	31	13	25	10	14	22	31	31	31	31	27
33	32	24	32	29	29	24	32	29	26	32	13	26	10	14	22	32	32	31	32	28
34	33	25	33	30	30	25	33	30	27	33	13	27	10	14	22	32	33	31	33	29
35	34	26	34	31	31	26	34	31	28	34	13	28	10	14	22	32	34	31	34	30
36	35	27	35	32	32	27	35	32	29	35	13	29	10	14	22	32	35	31	35	31
37	36	28	36	33	33	28	36	33	30	36	13	30	10	14	22	32	36	31	36	32
38	37	29	37	34	34	29	37	34	30	37	13	31	10	14	22	32	37	31	37	33
39	38	30	38	35	35	30	38	35	30	38	13	32	10	14	22	32	38	31	38	34
40	39	31	39	36	36	31	39	35	30	39	13	33	10	14	22	32	39	31	39	35
41	40	32	40	37	37	32	40	35	30	40	13	34	10	14	22	32	40	31	40	36
42	41	33	41	38	38	33	41	36	31	41	13	35	10	14	22	32	41	31	41	37
43	42	34	42	39	39	34	42	36	32	42	13	36	10	14	22	32	42	31	42	38
44	43	35	43	40	40	35	43	37	33	43	13	37	10	14	22	32	43	31	43	39
45	44	36	44	41	41	36	44	38	34	44	13	38	10	14	22	32	44	31	44	40
46	45	37	45	42	42	37	45	38	35	45	13	39	10	14	22	32	45	31	45	41
47	46	38	46	43	43	38	46	38	36	46	13	40	10	14	22	32	46	31	46	42
48	47	39	47	44	44	39	47	38	37	47	13	41	10	14	22	32	47	31	47	43
49	48	40	48	45	45	40	48	39	38	48	13	42	10	14	22	32	48	31	48	44
50	49	41	49	46	46	41	49	40	39	49	13	43	10	14	22	32	49	31	49	45
51	50	42	50	47	47	42	50	41	40	50	13	44	10	14	22	32	50	31	50	46
52	51	43	51	48	48	43	51	42	41	51	13	45	10	14	22	32	51	31	51	47
53	52	44	52	49	49	44	52	43	42	52	13	46	10	14	22	32	52	31	52	48
54	53	45	53	50	50	45	53	44	43	53	13	47	10	14	22	32	53	31	53	49
55	54	46	54	51	51	46	54	45	44	54	13	48	10	14	22	32	54	31	54	50
56	55	47	55	52	52	47	55	46	44	55	13	49	10	14	22	32	55	31	55	51
57	56	48	56	53	53	48	56	47	44	56	13	50	10	14	22	32	56	31	56	52
58	57	49	57	54	54	49	57	48	44	57	13	51	10	14	22	32	57	31	57	53
59	58	50	58	55	55	50	58	49	44	58	13	52	10	14	22	32	58	31	58	54
60	59	51	59	56	56	51	59	50	45	59	13	53	10	14	22	32	59	31	59	55
61	60	52	60	57	57	52	60	51	46	60	13	54	10	14	22	32	60	31	60	56
62	61	53	61	58	58	53	61	52	47	61	13	55	10	14	22	32	61	31	61	57
63	62	54	62	59	59	54	62	53	48	62	13	56	10	14	22	32	62	31	62	58
64	63	55	63	60	60	55	63	54	49	63	13	57	10	14	22	32	63	31	63	59
65	64	56	64	61	61	56	64	55	50	64	13	58	10	14	22	32	64	31	64	60
66	65	57	65	62	62	57	65	56	51	65	13	59	10	14	22	32	65	31	65	61
67	66	58	66	63	63	58	66	57	52	66	13	60	10	14	22	32	66	31	66	62
68	67	59	67	64	64	59	67	58	53	67	13	61	10	14	22	32	67	31	67	63
69	68	60	68	65	65	60	68	59	54	68	13	62	10	14	22	32	67	31	68	64
70	69	61	69	66	66	61	69	60	55	69	13	63	10	14	22	32	67	31	69	65
71	70	62	70	67	67	62	70	61	56	70	13	64	10	14	22	32	67	31	70	66
72	71	63	71	68	68	63	71	62	57	71	13	65	10	14	22	32	67	31	71	67
73	72	64	72	69	69	64	72	63	58	72	13	66	10	14	22	32	67	31	72	68
74	73	65	73	70	70	65	73	64	59	73	13	67	10	14	22	32	67	31	73	69
75	74	66	74	71	71	66	74	65	60	74	13	68	10	14	22	32	67	31	74	70
76	75	67	75	72	72	67	75	66	61	75	13	69	10	14	22	32	67	31	75	71
77	76	68	76	73	73	68	76	67	62	76	13	70	10	14	22	32	67	31	76	72
78	77	69	77	74	74	69	77	68	63	77	13	71	10	14	22	32	67	31	77	73
79	78	70	78	75	75	70	78	69	64	78	13	72	10	14	22	32	67	31	78	74
80	79	71	79	76	76	71	79	70	65	79	13	73	10	14	22	32	67	31	79	75
81	80	72	80	77	77	72	80	71	66	80	13	74	10	14	22	32	67	31	80	76
82	81	73	81	78	78	73	81	72	67	81	13	75	10	14	22	32	67	31	81	77
83	82	74	82	79	79	74	82	73	68	82	13	76	10	14	22	32	67	31	82	78
84	83	75	83	80	80	75	83	74	69	83	13	77	10	14	22	32	67	31	83	79
85	84	76	84	81	81	76	84	75	70	84	13	78	10	14	22	32	67	31	84	80
86	85	77	85	82	82	77	85	76	71	85	13	79	10	14	22	32	67	31	85	81
87	86	78	86	83	83	78	86	77	72	86	13	80	10	14	22	32	67	31	86	82
88	87	79	87	84	84	79	87	78	73	87	13	81	10	14	22	32	67	31	87	83
89	88	80	88	85	85	80	88	79	74	88	13	82	10	14	22	32	67	31	88	84
90	89	81	89	86	86	81	89	80	75	89	13	83	10	14	22	32	67	31	89	85
91	90	82	90	87	87	82	90	81	76	90	13	84	10	14	22	32	67	31	90	86
92	91	83	91	88	88	83	91	82	77	91	13	85	10	14	22	32	67	31	91	87
93	92	84	92	89	89	84	92	83	78	92	13	86	10	14	22	32	67	31	92	88
94	93	85	93	90	90	85	93	84	79	93	13	87	10	14	22	32	67	31	93	89
95	94	86	94	91	91	86	94	85	80	94	13	88	10	14	22	32	67	31	94	90
96	95	87	95	92	92	87	95	86	81	95	13	89	10	14	22	32	67	31	95	91
97	96	88	96	93	93	88	96	87	82	96	13	90	10	14	22	32	67	31	96	92
98	97	89	97	94	94	88	97	88	83	97	13	91	10	14	22	32	67	31	97	93
99	98	90	98	95	95	88	98	89	84	98	13	92	10	14	22	32	67	31	98	94
100	99	91	99	96	96	88	99	90	85	99	13	93	10	14	22	32	67	31	99	95
101	100	92	100	97	97	88	100	91	86	100	13	94	10	14	22	32	67	31	100	96
102	101	93	101	98	98	88	101	92	87	101	13	95	10	14	22	32	67	31	101	97
103	102	94	102	99	99	88	102	93	88	102	13	96	10	14	22	32	67	31	102	98
104	103	95	103	100	100	88	103	94	89	103	13	97	10	14	22	32	67	31	103	99
105	104	96	104	101	101	88	104	95	90	104	13	98	10	14	22	32	67	31	104	100
106	105	97	105	102	102	88	104	96	91	105	13	99	10	14	22	32	67	31	105	101
107	106	98	106	103	103	88	104	97	92	106	13	100	10	14	22	32	67	31	106	102
108	107	99	107	104	104	88	104	98	93	107	13	101	10	14	22	32	67	31	107	103
109	108	100	108	105	105	88	104	99	94	108	13	102	10	14	22	32	67	31	108	104
110	108	101	109	106	106	88	104	100	95	109	13	103	10	14	22	32	67	31	108	105
111	108	102	110	107	107	88	104	101	96	110	13	104	10	14	22	32	67	31	108	106
112	108	103	111	108	108	88	104	101	97	111	13	105	10	14	22	32	67	31	108	107
113	108	104	112	109	109	88	104	101	98	112	13	106	10	14	22	32	67	31	108	108
114	108	105	113	110	110	88	104	101	99	113	13	107	10	14	22	32	67	31	108	109
115	108	106	114	111	111	88	104	101	100	114	13	108	10	14	22	32	67	31	108	110
116	108	107	115	112	112	88	104	101	101	115	13	109	10	14	22	32	67	31	108	111
117	108	108	116	113	113	88	104	101	102	116	13	110	10	14	22	32	67	31	108	112
118	108	109	117	114	114	88	104	101	103	117	13	111	10	14	22	32	67	31	108	113
119	108	110	118	115	115	88	104	101	104	118	13	112	10	14	22	32	67	31	108	114
120	108	111	119	116	116	88	104	101	105	118	13	112	10	14	22	32	67	31	108	114
121	108	112	120	117	117	88	104	101	105	118	13	112	10	14	22	32	67	31	108	114
122	108	113	120	118	118	88	104	101	105	118	13	112	10	14	22	32	67	31	108	114
123	108	114	120	119	119	88	104	101	105	118	13	112	10	14	22	32	67	31	108	114
124	108	115	120	120	120	88	104	101	105	118	13	112	10	14	22	32	67	31	108	114
125	108	116	120	121	121	88	104	101	105	118	13	112	10	14	22	32	67	31	108	114
126	108	117	120	122	122	88	104	101	105	118	13	112	10	14	22	32	67	31	108	114
127	108	118	120	123	123	88	104	101	105	118	13	112	10	14	22	32	67	31	108	114
128	108	119	120	124	124	88	104	101	105	118	13	112	10	14	22	32	67	31	108	114
129	108	120	120	125	125	88	104	101	105	118	13	112	10	14	22	32	67	31	108	114
130	108	121	120	125	126	88	104	101	105	118	13	112	10	14	22	32	67	31	108	114
131	108	122	120	125	127	88	104	101	105	118	13	112	10	14	22	32	67	31	108	114
132	108	123	120	125	128	88	104	101	105	118	13	112	10	14	22	32	67	31	108	114
133	108	124	120	125	129	88	104	101	105	118	13	112	10	14	22	32	67	31	108	114
134	108	124	120	125	130	88	104	101	105	118	13	112	10	14	22	32	67	31	108	114
135	108	124	120	125	131	88	104	101	105	118	13	112	10	14	22	32	67	31	108	114
136	108	124	120	125	132	88	104	101	105	118	13	112	10	14	22	32	67	31	108	114
137	108	124	120	125	133	88	104	101	105	118	13	112	10	14	22	32	67	31	108	114
138	108	124	120	125	134	88	104	101	105	118	13	112	10	14	22	32	67	31	108	114
139	108	124	120	125	135	88	104	101	105	118	13	112	10	14	22	32	67	31	108	114
140	108	124	120	125	135	88	104	101	105	118	13	112	10	14	22	32	67	31	108	114
141	108	124	120	125	135	88	104	101	105	118	13	112	10	14	22	32	67	31	108	114
142	108	124	120	125	135	88	104	101	105	118	13	112	10	14	22	32	67	31	108	114
143	108	124	120	125	135	88	104	101	105	118	13	112	10	14	22	32	67	31	108	114
144	108	124	120	125	135	88	104	101	105	118	13	112	10	14	22	32	67	31	108	114
145	108	124	120	125	135	88	104	101	105	118	13	112	10	14	22	32	67	31	108	114
146	108	124	120	125	135	88	104	101	105	118	13	112	10	14	22	32	67	31	108	114
147	108	124	120	125	135	88	104	101	105	118	13	112	10	14	22	32	67	31	108	114
148	108	124	120	125	135	88	104	101	105	118	13	112	10	14	22	32	67	31	108	114
149	108	124	120	125	135	88	104	101	105	118	13	112	10	14	22	32	67	31	108	114
150	108	124	120	125	135	88	104	101	105	118	13	112	10	14	22	32	67	31	108	114
151	108	124	120	125	135	88	104	101	105	118	13	112	10	14	22	32	67	31	108	114
152	108	124	120	125	135	88	104	101	105	118	13	112	10	14	22	32	67	31	108	114
153	108	124	120	125	135	88	104	101	105	118	13	112	10	14	22	32	67	31	108	114
154	108	124	120	125	135	88	104	101	105	118	13	112	10	14	22	32	67	31	108	114
155	108	124	120	125	135	88	104	101	105	118	13	112	10	14	22	32	67	31	108	114
156	108	124	120	125	135	88	104	101	105	118	13	112	10	14	22	32	67	31	108	114
157	108	124	120	125	135	88	104	101	105	118	13	112	10	14	22	32	67	31	108	114
158	108	124	120	125	135	88	104	101	105	118	13	112	10	14	22	32	67	31	108	114
159	108	124	120	125	135	88	104	101	105	118	13	112	10	14	22	32	67	31	108	114
160	108	124	120	125	135	88	104	101	105	118	13	112	10	14	22	32	67	31	108	114
161	108	124	120	125	135	88	104	101	105	118	13	112	10	14	22	32	67	31	108	114
162	108	124	120	125	135	88	104	101	105	118	13	112	10	14	22	32	67	31	108	114
163	108	124	120	125	135	88	104	101	105	118	13	112	10	14	22	32	67	31	108	114
164	108	124	120	125	135	88	104	101	105	118	13	112	10	14	22	32	67	31	108	114
165	108	124	120	125	135	88	104	101	105	118	13	112	10	14	22	32	67	31	108	114
166	108	124	120	125	135	88	104	101	105	118	13	112	10	14	22	32	67	31	108	114
167	108	124	120	125	135	88	104	101	105	118	13	112	10	14	22	32	67	31	108	114
168	108	124	120	125	135	88	104	101	105	118	13	112	10	14	22	32	67	31	108	114
169	108	124	120	125	135	88	104	101	105	118	13	112	10	14	22	32	67	31	108	114
170	108	124	120	125	135	88	104	101	105	118	13	112	10	14	22	32	67	31	108	114
171	108	124	120	125	135	88	104	101	105	118	13	112	10	14	22	32	67	31	108	114
172	108	124	120	125	135	88	104	101	105	118	13	112	10	14	22	32	67	31	108	114
173	108	124	120	125	135	88	104	101	105	118	13	112	10	14	22	32	67	31	108	114
174	108	124	120	125	135	88	104	101	105	118	13	112	10	14	22	32	67	31	108	114
175	108	124	120	125	135	88	104	101	105	118	13	112	10	14	22	32	67	31	108	114
176	108	124	120	125	135	88	104	101	105	118	13	112	10	14	22	32	67	31	108	114
177	108	124	120	125	135	88	104	101	105	118	13	112	10	14	22	32	67	31	108	114
178	108	124	120	125	135	88	104	101	105	118	13	112	10	14	22	32	67	31	108	114
179	108	124	120	125	135	88	104	101	105	118	13	112	10	14	22	32	67	31	108	114
180	108	124	120	125	135	88	104	101	105	118	13	112	10	14	22	32	67	31	108	114
181	108	124	120	125	135	88	104	101	105	118	13	112	10	14	22	32	67	31	108	114
182	108	124	120	125	135	88	104	101	105	118	13	112	10	14	22	32	67	31	108	114
183	108	124	120	125	135	88	104	101	105	118	13	112	10	14	22	32	67	31	108	114
184	108	124	120	125	135	88	104	101	105	118	13	112	10	14	22	32	67	31	108	114
185	108	124	120	125	135	88	104	101	105	118	13	112	10	14	22	32	67	31	108	114
186	108	124	120	125	135	88	104	101	105	118	13	112	10	14	22	32	67	31	108	114
187	108	124	120	125	135	88	104	101	105	118	13	112	10	14	22	32	67	31	108	114
188	108	124	120	125	135	88	104	101	105	118	13	112	10	14	22	32	67	31	108	114
189	108	124	120	125	135	88	104	101	105	118	13	112	10	14	22	32	67	31	108	114
190	108	124	120	125	135	88	104	101	105	118	13	112	10	14	22	32	67	31	108	114
191	108	124	120	125	135	88	104	101	105	118	13	112	10	14	22	32	67	31	108	114
192	108	124	120	125	135	88	104	101	105	118	13	112	10	14	22	32	67	31	108	114
193	108	124	120	125	135	88	104	101	105	118	13	112	10	14	22	32	67	31	108	114
194	108	124	120	125	135	88	104	101	105	118	13	112	10	14	22	32	67	31	108	114
195	108	124	120	125	135	88	104	101	105	118	13	112	10	14	22	32	67	31	108	114
196	108	124	120	125	135	88	104	101	105	118	13	112	10	14	22	32	67	31	108	114
197	108	124	120	125	135	88	104	101	105	118	13	112	10	14	22	32	67	31	108	114
198	108	124	120	125	135	88	104	101	105	118	13	112	10	14	22	32	67	31	108	114
199	108	124	120	125	135	88	104	101	105	118	13	112	10	14	22	32	67	31	108	114
200	108	124	120	125	135	88	104	101	105	118	13	112	10	14	22	32	67	31	108	114
201	108	124	120	125	135	88	104	101	105	118	13	112	10	14	22	32	67	31	108	114
202	108	124	120	125	135	88	104	101	105	118	13	112	10	14	22	32	67	31	108	114
203	108	124	120	125	135	88	104	101	105	118	13	112	10	14	22	32	67	31	108	114
204	108	124	120	125	135	88	104	101	105	118	13	112	10	14	22	32	67	31	108	114
205	108	124	120	125	135	88	104	101	105	118	13	112	10	14	22	32	67	31	108	114
206	108	124	120	125	135	88	104	101	105	118	13	112	10	14	22	32	67	31	108	114
207	108	124	120	125	135	88	104	101	105	118	13	112	10	14	22	32	67	31	108	114
208	108	124	120	125	135	88	104	101	105	118	13	112	10	14	22	32	67	31	108	114
209	108	124	120	125	135	88	104	101	105	118	13	112	10	14	22	32	67	31	108	114
210	108	124	120	125	135	88	104	101	105	118	13	112	10	14	22	32	67	31	108	114
211	108	124	120	125	135	88	104	101	105	118	13	112	10	14	22	32	67	31	108	114
212	108	124	120	125	135	88	104	101	105	118	13	112	10	14	22	32	67	31	108	114
213	108	124	120	125	135	88	104	101	105	118	13	112	10	14	22	32	67	31	108	114
214	108	124	120	125	135	88	104	101	105	118	13	112	10	14	22	32	67	31	108	114
215	108	124	120	125	135	88	104	101	105	118	13	112	10	14	22	32	67	31	108	114
216	108	124	120	125	135	88	104	101	105	118	13	112	10	14	22	32	67	31	108	114
217	108	124	120	125	135	88	104	101	105	118	13	112	10	14	22	32	67	31	108	114
218	108	124	120	125	135	88	104	101	105	118	13	112	10	14	22	32	67	31	108	114
219	108	124	120	125	135	88	104	101	105	118	13	112	10	14	22	32	67	31	108	114
220	108	124	120	125	135	88	104	101	105	118	13	112	10	14	22	32	67	31	108	114
221	108	124	120	125	135	88	104	101	105	118	13	112	10	14	22	32	67	31	108	114
222	108	124	120	125	135	88	104	101	105	118	13	112	10	14	22	32	67	31	108	114
223	108	124	120	125	135	88	104	101	105	118	13	112	10	14	22	32	67	31	108	114
224	108	124	120	125	135	88	104	101	105	118	13	112	10	14	22	32	67	31	108	114
225	108	124	120	125	135	88	104	101	105	118	13	112	10	14	22	32	67	31	108	114
226	108	124	120	125	135	88	104	101	105	118	13	112	10	14	22	32	67	31	108	114
227	108	124	120	125	135	88	104	101	105	118	13	112	10	14	22	32	67	31	108	114
228	108	124	120	125	135	88	104	101	105	118	13	112	10	14	22	32	67	31	108	114
229	108	124	120	125	135	88	104	101	105	118	13	112	10	14	22	32	67	31	108	114
230	108	124	120	125	135	88	104	101	105	118	13	112	10	14	22	32	67	31	108	114
231	108	124	120	125	135	88	104	101	105	118	13	112	10	14	22	32	67	31	108	114
232	108	124	120	125	135	88	104	101	105	118	13	112	10	14	22	32	67	31	108	114
233	108	124	120	125	135	88	104	101	105	118	13	112	10	14	22	32	67	31	108	114
234	108	124	120	125	135	88	104	101	105	118	13	112	10	14	22	32	67	31	108	114
235	108	124	120	125	135	88	104	101	105	118	13	112	10	14	22	32	67	31	108	114
236	108	124	120	125	135	88	104	101	105	118	13	112	10	14	22	32	67	31	108	114
237	108	124	120	125	135	88	104	101	105	118	13	112	10	14	22	32	67	31	108	114
238	108	124	120	125	135	88	104	101	105	118	13	112	10	14	22	32	67	31	108	114
239	108	124	120	125	135	88	104	101	105	118	13	112	10	14	22	32	67	31	108	114
240	108	124	120	125	135	88	104	101	105	118	13	112	10	14	22	32	67	31	108	114
241	108	124	120	125	135	88	104	101	105	118	13	112	10	14	22	32	67	31	108	114
242	108	124	120	125	135	88	104	101	105	118	13	112	10	14	22	32	67	31	108	114
243	108	124	120	125	135	88	104	101	105	118	13	112	10	14	22	32	67	31	108	114
244	108	124	120	125	135	88	104	101	105	118	13	112	10	14	22	32	67	31	108	114
245	108	124	120	125	135	88	104	101	105	118	13	112	10	14	22	32	67	31	108	114
246	108	124	120	125	135	88	104	101	105	118	13	112	10	14	22	32	67	31	108	114
247	108	124	120	125	135	88	104	101	105	118	13	112	10	14	22	32	67	31	108	114
248	108	124	120	125	135	88	104	101	105	118	13	112	10	14	22	32	67	31	108	114
249	108	124	120	125	135	88	104	101	105	118	13	112	10	14	22	32	67	31	108	114
250	108	124	120	125	135	88	104	101	105	118	13	112	10	14	22	32	67	31	108	114
251	108	124	120	125	135	88	104	101	105	118	13	112	10	14	22	32	67	31	108	114
252	108	124	120	125	135	88	104	101	105	118	13	112	10	14	22	32	67	31	108	114
253	108	124	120	125	135	88	104	101	105	118	13	112	10	14	22	32	67	31	108	114
254	108	124	120	125	135	88	104	101	105	118	13	112	10	14	22	32	67	31	108	114
255	108	124	120	125	135	88	104	101	105	118	13	112	10	14	22	32	67	31	108	114
256	108	124	120	125	135	88	104	101	105	118	13	112	10	14	22	32	67	31	108	114
257	108	124	120	125	135	88	104	101	105	118	13	112	10	14	22	32	67	31	108	114
258	108	124	120	125	135	88	104	101	105	118	13	112	10	14	22	32	67	31	108	114
259	108	124	120	125	135	88	104	101	105	118	13	112	10	14	22	32	67	31	108	114
260	108	124	120	125	135	88	104	101	105	118	13	112	10	14	22	32	67	31	108	114
261	108	124	120	125	135	88	104	101	105	118	13	112	10	14	22	32	67	31	108	114
262	108	124	120	125	135	88	104	101	105	118	13	112	10	14	22	32	67	31	108	114
263	108	124	120	125	135	88	104	101	105	118	13	112	10	14	22	32	67	31	108	114
264	108	124	120	125	135	88	104	101	105	118	13	112	10	14	22	32	67	31	108	114
265	108	124	120	125	135	88	104	101	105	118	13	112	10	14	22	32	67	31	108	114
266	108	124	120	125	135	88	104	101	105	118	13	112	10	14	22	32	67	31	108	114
267	108	124	120	125	135	88	104	101	105	118	13	112	10	14	22	32	67	31	108	114
268	108	124	120	125	135	88	104	101	105	118	13	112	10	14	22	32	67	31	108	114
269	108	124	120	125	135	88	104	101	105	118	13	112	10	14	22	32	67	31	108	114
270	108	124	120	125	135	88	104	101	105	118	13	112	10	14	22	32	67	31	108	114
271	108	124	120	125	135	88	104	101	105	118	13	112	10	14	22	32	67	31	108	114
272	108	124	120	125	135	88	104	101	105	118	13	112	10	14	22	32	67	31	108	114
273	108	124	120	125	135	88	104	101	105	118	13	112	10	14	22	32	67	31	108	114
274	108	124	120	125	135	88	104	101	105	118	13	112	10	14	22	32	67	31	108	114
275	108	124	120	125	135	88	104	101	105	118	13	112	10	14	22	32	67	31	108	114
276	108	124	120	125	135	88	104	101	105	118	13	112	10	14	22	32	67	31	108	114
277	108	124	120	125	135	88	104	101	105	118	13	112	10	14	22	32	67	31	108	114
278	108	124	120	125	135	88	104	101	105	118	13	112	10	14	22	32	67	31	108	114
279	108	124	120	125	135	88	104	101	105	118	13	112	10	14	22	32	67	31	108	114
280	108	124	120	125	135	88	104	101	105	118	13	112	10	14	22	32	67	31	108	114
281	108	124	120	125	135	88	104	101	105	118	13	112	10	14	22	32	67	31	108	114
282	108	124	120	125	135	88	104	101	105	118	13	112	10	14	22	32	67	31	108	114
283	108	124	120	125	135	88	104	101	105	118		112	10	14	22	32	67	31	108	114
