1	102.91	103.08	103.23	103.28	103.25	103.58	103.77	103.74	103.72	104.00	101.51	104.06	101.74	101.90	101.92	102.20	102.43	102.36	102.58	102.87
2	102.67	102.86	102.99	103.04	102.98	103.33	103.55	103.46	103.48	103.75	101.25	103.82	101.49	101.64	101.65	101.98	102.23	102.11	102.33	102.63
3	102.45	102.64	102.80	102.83	102.76	103.09	103.32	103.21	103.26	103.53	101.03	103.60	101.26	101.43	101.43	101.78	101.99	101.89	102.13	102.39
4	102.22	102.40	102.57	102.61	102.52	102.86	103.10	102.98	103.06	103.30	100.84	103.40	101.04	101.21	101.21	101.56	101.77	101.70	101.90	102.17
5	102.01	102.09	102.36	102.39	102.31	102.65	102.91	102.77	102.82	103.05	100.43	103.18	100.83	101.02	100.99	101.33	101.50	101.50	101.66	101.95
6	101.66	101.84	102.04	102.06	102.01	102.20	102.54	102.48	102.54	102.80	100.24	102.83	100.54	100.70	100.73	101.00	100.93	101.21	101.33	101.62
7	101.29	101.46	101.70	101.72	101.57	101.87	102.18	102.11	102.15	102.49	99.77	102.48	100.03	100.28	100.36	100.60	100.54	100.82	100.99	101.15
8	100.97	101.18	101.39	101.44	101.29	101.53	101.89	101.80	101.86	102.17	99.43	102.12	99.69	99.94	100.06	100.33	100.14	100.51	100.70	100.84
9	100.66	100.90	101.08	101.12	100.96	101.24	101.58	101.48	101.54	101.82	99.03	101.79	99.31	99.61	99.74	100.00	99.78	100.18	100.37	100.56
10	100.30	100.56	100.72	100.76	100.63	100.91	101.27	101.12	101.09	101.47	98.58	101.50	98.90	99.31	99.43	99.63	99.43	99.87	100.02	100.27
11	99.87	100.15	100.32	100.36	100.13	100.49	100.85	100.72	100.72	101.08	98.12	101.10	98.90	98.86	99.07	99.21	98.95	99.42	99.61	99.86
12	99.55	99.88	99.98	99.96	99.70	100.17	100.49	100.38	100.41	100.76	97.77	100.89	98.53	98.54	98.64	98.89	98.60	99.10	99.27	99.50
13	99.25	99.57	99.67	99.60	99.39	99.90	100.18	100.08	100.12	100.43	97.40	100.47	98.15	98.20	98.22	98.56	98.22	98.75	98.99	99.08
14	98.90	99.33	99.28	99.27	99.03	99.49	99.82	99.75	99.78	100.06	97.40	100.16	97.78	97.87	97.85	98.20	97.98	98.39	98.62	98.68
16	98.59	98.98	99.01	98.86	98.80	99.26	99.49	99.44	99.39	99.72	97.30	99.94	97.45	97.87	97.60	97.75	97.65	98.10	98.29	98.48
17	98.26	98.65	98.69	98.51	98.47	98.89	99.17	99.11	99.05	99.44	97.10	99.62	97.16	97.70	97.24	97.32	97.33	97.78	97.96	98.17
18	97.88	98.33	98.32	98.15	98.17	98.55	98.81	98.78	98.73	99.06	96.91	99.31	96.84	97.44	96.88	96.85	97.02	97.45	97.69	97.53
19	97.59	98.02	98.02	97.90	97.88	98.24	98.47	98.45	98.37	98.75	96.60	99.02	96.52	97.19	96.59	96.64	96.69	97.11	97.40	97.32
20	97.29	97.69	97.70	97.57	97.56	97.91	98.16	98.13	98.00	98.44	96.39	98.72	96.16	97.00	96.25	96.33	96.35	96.77	97.09	96.99
21	96.96	97.34	97.37	97.20	97.21	97.56	97.86	97.82	97.77	98.08	96.24	98.41	95.80	96.78	95.95	96.02	96.04	96.44	96.58	96.65
22	96.66	97.04	97.06	96.90	96.89	97.26	97.51	97.53	97.42	97.77	95.96	98.09	95.69	96.35	95.60	95.78	95.69	96.10	96.35	96.37
23	96.46	96.84	96.85	96.61	96.67	97.06	97.31	97.34	97.21	97.55	95.78	97.88	95.46	96.22	95.37	95.56	95.50	95.92	95.98	96.17
24	96.00	96.50	96.54	96.28	96.36	96.78	97.04	96.89	96.86	97.25	95.66	97.51	95.37	95.92	95.37	95.25	95.19	95.59	95.55	95.87
25	95.56	96.15	96.27	95.98	96.06	96.48	96.71	96.57	96.58	96.91	95.45	97.20	95.13	95.58	95.22	94.92	94.73	95.24	95.36	95.52
26	95.22	95.84	95.94	95.68	95.70	96.17	96.40	96.29	96.25	96.63	95.21	96.91	94.87	95.45	94.83	94.64	94.32	94.90	95.01	95.20
27	94.97	95.53	95.58	95.42	95.38	95.82	96.05	96.04	95.89	96.35	94.99	96.59	94.63	95.26	94.51	94.36	93.92	94.59	94.75	94.86
28	94.67	95.25	95.30	95.10	95.07	95.49	95.75	95.69	95.51	96.05	94.82	96.29	94.41	95.00	94.19	94.01	93.55	94.26	94.49	94.57
29	94.29	94.90	95.00	94.81	94.77	95.18	95.42	95.35	95.17	95.77	94.61	96.00	94.19	94.76	93.85	93.69	93.35	93.92	94.13	94.25
30	94.05	94.67	94.75	94.60	94.53	94.92	95.20	95.11	94.96	95.53	94.35	95.78	93.97	94.50	93.71	93.44	92.93	93.73	93.91	94.04
31	93.70	94.31	94.39	94.24	94.18	94.56	94.82	94.74	94.62	95.18	94.21	95.41	93.88	94.37	93.42	93.05	92.72	93.35	93.59	93.66
32	93.50	94.12	94.18	94.05	93.98	94.36	94.61	94.55	94.43	94.98	94.02	95.23	93.65	94.14	93.26	92.86	92.52	93.17	93.38	93.48
33	93.22	93.79	93.95	93.76	93.71	94.13	94.34	94.29	94.18	94.70	93.93	94.96	93.57	94.04	93.17	92.64	92.20	93.17	93.05	93.20
34	92.92	93.55	93.68	93.52	93.44	93.84	94.06	94.03	93.90	94.30	93.75	94.69	93.39	93.89	92.95	92.64	92.01	93.06	92.80	92.93
35	92.58	93.22	93.33	93.19	93.16	93.49	93.70	93.71	93.57	93.86	93.55	94.36	93.23	93.75	92.77	92.54	91.68	92.71	92.44	92.63
36	92.28	92.95	92.99	92.85	92.84	93.19	93.32	93.39	93.25	93.42	93.31	94.06	92.98	93.47	92.57	92.28	91.40	92.39	92.15	92.32
37	91.99	92.64	92.61	92.47	92.47	92.90	92.99	93.07	92.98	93.06	93.09	93.73	92.75	93.24	92.38	92.08	91.09	92.07	91.82	92.02
38	91.67	92.14	92.30	92.21	92.13	92.57	92.71	92.78	92.62	92.84	92.86	93.42	92.53	93.00	92.15	91.88	90.78	91.79	91.45	91.67
39	91.38	91.79	92.02	91.89	91.85	92.28	92.38	92.51	92.35	92.41	92.64	93.10	92.31	92.76	91.96	91.69	90.44	91.66	91.16	91.38
40	91.08	91.39	91.66	91.42	91.53	92.03	92.07	92.11	92.02	92.19	92.47	92.80	92.11	92.56	91.77	91.48	90.15	91.28	90.77	91.05
41	90.82	91.04	91.42	91.07	91.24	91.75	91.79	91.78	91.73	91.74	92.25	92.54	91.89	92.39	91.57	91.27	89.86	91.15	90.49	90.70
42	90.51	90.81	91.10	90.84	90.93	91.44	91.49	91.57	91.46	91.54	92.04	92.23	91.67	92.24	91.34	91.12	89.55	90.78	90.17	90.39
43	90.29	90.61	90.93	90.36	90.70	91.24	91.27	91.25	91.28	91.34	91.89	91.99	91.43	92.00	91.09	90.89	89.34	90.69	89.94	90.18
44	90.02	90.30	90.55	90.14	90.41	90.94	90.92	91.05	90.98	91.03	91.78	91.69	91.31	91.86	90.99	90.79	89.00	90.58	89.65	89.89
45	89.81	90.10	90.33	89.91	90.22	90.74	90.71	90.83	90.79	90.80	91.55	91.50	91.16	91.60	90.78	90.55	88.78	90.29	89.45	89.63
46	89.60	89.83	90.11	89.68	89.84	90.48	90.45	90.53	90.55	90.58	91.46	91.23	91.03	91.50	90.67	90.45	88.57	90.17	89.23	89.37
47	89.28	89.54	89.77	89.43	89.46	90.11	90.16	90.23	90.26	90.28	91.32	90.89	90.89	91.39	90.59	90.31	88.29	90.01	88.91	89.03
48	88.98	89.18	89.46	89.12	89.08	89.79	89.82	89.96	89.89	89.95	91.12	90.62	90.70	91.15	90.43	90.10	87.97	89.83	88.61	88.62
49	88.71	88.85	89.17	88.84	88.85	89.51	89.49	89.70	89.57	89.68	90.92	90.30	90.50	90.90	90.21	89.86	87.71	89.41	88.31	88.39
50	88.50	88.63	88.97	88.65	88.67	89.30	89.26	89.50	89.34	89.46	90.69	90.08	90.28	90.69	90.01	89.67	87.50	89.31	88.07	88.04
51	88.17	88.37	88.67	88.33	88.39	88.98	88.92	89.22	89.03	89.18	90.59	89.78	90.16	90.55	89.89	89.54	87.19	89.02	87.77	87.84
52	87.97	88.16	88.48	88.12	88.17	88.76	88.71	89.01	88.80	88.96	90.42	89.55	89.99	90.39	89.73	89.33	87.00	88.90	87.56	87.64
53	87.74	87.94	88.26	87.91	87.96	88.55	88.49	88.80	88.59	88.76	90.33	89.34	89.90	90.30	89.60	89.24	86.79	88.80	87.37	87.45
54	87.53	87.71	88.06	87.71	87.75	88.33	88.27	88.56	88.39	88.53	90.22	89.05	89.77	90.20	89.47	89.11	86.58	88.68	87.14	87.22
55	87.34	87.50	87.84	87.50	87.53	88.13	88.05	88.37	88.17	88.33	90.09	88.81	89.65	90.03	89.36	88.99	86.37	88.52	86.94	87.00
56	87.10	87.28	87.57	87.30	87.29	87.90	87.80	88.11	87.86	88.13	89.98	88.59	89.55	89.92	89.24	88.89	86.01	88.41	86.74	86.79
57	86.80	86.93	87.29	87.02	87.00	87.58	87.49	87.77	87.53	87.86	89.84	88.29	89.45	89.83	89.08	88.76	85.60	88.24	86.45	86.46
58	86.44	86.54	86.97	86.66	86.57	87.23	87.12	87.41	87.19	87.53	89.62	87.94	89.23	89.61	88.87	88.57	85.16	88.02	86.07	86.12
59	86.15	86.25	86.63	86.40	86.29	86.96	86.80	87.14	86.87	87.23	89.33	87.67	88.96	89.38	88.62	88.27	84.80	87.75	85.77	85.87
60	85.89	85.98	86.30	86.14	85.99	86.66	86.50	86.83	86.65	86.94	89.14	87.39	88.81	89.18	88.44	88.10	84.58	87.60	85.47	85.56
61	85.66	85.75	86.07	85.89	85.76	86.43	86.25	86.60	86.38	86.69	88.94	87.20	88.63	88.96	88.28	87.87	84.35	87.40	85.22	85.31
62	85.39	85.55	85.84	85.67	85.55	86.20	86.00	86.41	86.12	86.43	88.79	86.96	88.50	88.80	88.14	87.75	84.09	87.28	84.99	85.11
63	85.19	85.36	85.64	85.46	85.34	86.00	85.79	86.22	85.91	86.23	88.64	86.75	88.39	88.69	88.02	87.65	83.87	87.18	84.77	84.91
64	85.01	85.09	85.40	85.22	85.10	85.81	85.56	85.98	85.67	86.02	88.53	86.50	88.28	88.61	87.92	87.54	83.65	87.10	84.56	84.65
65	84.79	84.86	85.19	84.99	84.88	85.58	85.37	85.79	85.46	85.78	88.44	86.27	88.18	88.46	87.82	87.44	83.43	86.94	84.34	84.45
66	84.59	84.65	85.01	84.78	84.67	85.38	85.18	85.58	85.27	85.59	88.31	86.08	88.04	88.37	87.69	87.33	83.23	86.83	84.15	84.26
67	84.37	84.44	84.75	84.55	84.46	85.14	84.97	85.34	85.06	85.33	88.20	85.85	87.91	88.28	87.56	87.24	83.03	86.75	83.91	84.05
68	84.17	84.24	84.53	84.34	84.25	84.91	84.75	85.13	84.84	85.12	88.04	85.65	87.76	88.18	87.46	87.06	82.82	86.61	83.70	83.84
69	83.86	83.98	84.23	84.03	83.96	84.61	84.42	84.80	84.54	84.83	87.91	85.35	87.62	88.05	87.35	86.95	82.82	86.49	83.46	83.51
70	83.65	83.75	84.01	83.78	83.68	84.38	84.19	84.58	84.31	84.60	87.77	85.13	87.40	87.82	87.18	86.77	82.69	86.33	83.23	83.30
71	83.37	83.54	83.81	83.55	83.47	84.14	83.94	84.35	84.09	84.37	87.64	84.94	87.28	87.74	87.07	86.65	82.53	86.19	82.94	83.07
72	83.13	83.30	83.58	83.35	83.23	83.89	83.74	84.14	83.86	84.15	87.47	84.70	87.14	87.62	86.87	86.53	82.42	86.10	82.71	82.85
73	82.85	83.08	83.34	83.11	82.99	83.65	83.48	83.86	83.62	83.92	87.35	84.45	87.00	87.51	86.75	86.40	82.29	85.96	82.45	82.62
74	82.63	82.87	83.11	82.87	82.75	83.38	83.22	83.58	83.36	83.70	87.22	84.17	86.85	87.33	86.62	86.21	82.15	85.80	82.22	82.33
75	82.40	82.66	82.87	82.64	82.52	83.10	82.97	83.34	83.11	83.52	87.09	83.95	86.73	87.19	86.47	86.13	82.02	85.63	81.95	82.02
76	82.17	82.44	82.65	82.44	82.29	82.88	82.78	83.12	82.91	83.32	86.98	83.72	86.60	87.02	86.34	86.00	81.86	85.48	81.75	81.82
77	81.97	82.24	82.41	82.25	82.07	82.69	82.57	82.91	82.71	83.12	86.90	83.51	86.49	86.92	86.24	85.88	81.76	85.39	81.54	81.62
78	81.71	81.98	82.19	82.04	81.82	82.44	82.32	82.68	82.48	82.86	86.76	83.28	86.40	86.82	86.14	85.77	81.65	85.30	81.27	81.39
79	81.51	81.77	81.99	81.83	81.63	82.24	82.09	82.46	82.30	82.67	86.63	83.06	86.25	86.66	86.00	85.67	81.52	85.17	81.05	81.18
80	81.29	81.53	81.75	81.63	81.35	82.01	81.86	82.20	82.06	82.44	86.52	82.87	86.14	86.54	85.88	85.57	81.43	85.08	80.83	80.98
81	81.04	81.29	81.50	81.39	81.10	81.78	81.64	81.95	81.82	82.19	86.28	82.63	86.01	86.44	85.76	85.45	81.32	84.97	80.62	80.76
82	80.82	81.09	81.24	81.17	80.87	81.50	81.45	81.72	81.61	81.99	86.12	82.36	85.90	86.30	85.59	85.33	81.21	84.85	80.42	80.53
83	80.60	80.88	81.03	80.97	80.67	81.30	81.23	81.50	81.39	81.74	85.98	82.15	85.80	86.15	85.48	85.22	81.07	84.74	80.21	80.33
84	80.37	80.66	80.80	80.73	80.42	81.07	81.01	81.29	81.17	81.48	85.84	81.89	85.69	86.06	85.34	85.09	80.92	84.63	79.99	80.04
85	80.18	80.35	80.55	80.49	80.21	80.84	80.79	81.11	80.94	81.28	85.70	81.67	85.54	85.92	85.20	84.94	80.77	84.46	79.75	79.84
86	79.95	80.07	80.33	80.25	79.96	80.59	80.54	80.86	80.67	81.04	85.59	81.36	85.43	85.75	85.11	84.83	80.67	84.34	79.53	79.60
87	79.74	79.81	80.13	80.03	79.69	80.37	80.30	80.58	80.46	80.82	85.49	81.11	85.31	85.60	84.99	84.71	80.53	84.20	79.34	79.35
88	79.55	79.61	79.95	79.85	79.51	80.17	80.09	80.38	80.26	80.64	85.35	80.92	85.20	85.44	84.90	84.52	80.38	84.02	79.12	79.12
89	79.34	79.39	79.71	79.65	79.27	79.88	79.88	80.14	80.05	80.43	85.24	80.71	85.10	85.33	84.79	84.42	80.27	83.92	78.77	78.89
90	79.15	79.19	79.52	79.46	79.07	79.68	79.70	79.94	79.84	80.25	85.15	80.53	84.96	85.23	84.67	84.31	80.14	83.76	78.56	78.69
91	78.92	78.98	79.34	79.27	78.88	79.47	79.49	79.75	79.63	80.04	85.07	80.33	84.87	85.13	84.57	84.21	80.03	83.64	78.35	78.46
92	78.73	78.78	79.14	79.07	78.68	79.24	79.30	79.55	79.44	79.83	84.97	80.11	84.77	85.02	84.46	84.13	79.93	83.57	78.14	78.27
93	78.51	78.54	78.94	78.83	78.46	79.00	79.08	79.34	79.22	79.58	84.90	79.91	84.68	84.94	84.36	84.01	79.84	83.46	77.88	78.03
94	78.31	78.35	78.68	78.61	78.25	78.75	78.83	79.11	79.01	79.38	84.80	79.65	84.54	84.84	84.25	83.88	79.71	83.37	77.64	77.81
95	78.11	78.14	78.50	78.41	78.07	78.55	78.63	78.90	78.82	79.19	84.63	79.44	84.40	84.73	84.10	83.71	79.60	83.26	77.46	77.60
96	77.87	77.90	78.27	78.20	77.84	78.34	78.43	78.69	78.59	78.98	84.54	79.21	84.30	84.64	84.00	83.63	79.51	83.16	77.26	77.36
97	77.69	77.65	78.01	77.93	77.60	78.10	78.15	78.43	78.37	78.71	84.44	78.96	84.19	84.45	83.87	83.47	79.37	83.05	77.04	77.15
98	77.40	77.31	77.77	77.68	77.36	78.10	77.87	78.18	78.10	78.46	84.27	78.66	84.07	84.30	83.70	83.33	79.22	82.91	76.76	76.88
99	77.22	77.07	77.50	77.43	77.12	78.00	77.67	77.94	77.86	78.23	84.09	78.20	83.91	84.10	83.55	83.15	79.03	82.75	76.55	76.68
100	76.87	76.71	77.13	77.09	76.79	77.68	77.36	77.65	77.57	77.94	83.99	77.80	83.74	84.00	83.40	83.01	78.92	82.60	76.21	76.34
101	76.59	76.44	76.86	76.75	76.42	77.34	77.07	77.38	77.23	77.64	83.78	77.61	83.48	83.74	83.18	82.81	78.68	82.34	75.92	76.01
102	76.36	76.22	76.64	76.53	76.21	77.25	76.84	77.15	77.01	77.40	83.54	77.22	83.29	83.53	82.99	82.61	78.50	82.14	75.71	75.80
103	76.04	75.90	76.34	76.24	75.91	76.90	76.51	76.87	76.70	77.11	83.42	77.02	83.18	83.44	82.87	82.48	78.40	82.03	75.37	75.47
104	75.84	75.69	76.12	76.05	75.72	76.80	76.32	76.67	76.47	76.90	83.20	76.83	82.97	83.21	82.70	82.27	78.20	81.81	75.11	75.25
105	75.53	75.48	75.93	75.80	75.43	76.72	76.11	76.45	76.29	76.68	83.08	76.45	82.85	83.11	82.57	82.17	78.11	81.67	74.87	75.05
106	75.23	75.20	75.58	75.46	75.11	76.39	76.11	76.13	75.97	76.38	82.94	76.23	82.64	83.01	82.41	82.04	78.04	81.59	74.56	74.75
107	75.00	74.99	75.33	75.27	74.91	76.27	75.96	75.88	75.74	76.18	82.81	75.98	82.42	82.81	82.19	81.87	77.81	81.35	74.35	74.55
108	74.79	74.76	75.11	75.07	74.69	76.12	75.86	75.66	75.52	75.95	82.72	75.75	82.32	82.72	82.07	81.71	77.69	81.26	74.15	74.34
109	74.58	74.52	74.92	74.78	74.48	75.99	75.75	75.40	75.31	75.68	82.61	75.52	82.19	82.60	81.97	81.58	77.58	81.16	73.97	74.15
110	74.58	74.27	74.65	74.54	74.17	75.88	75.60	75.15	75.00	75.41	82.48	75.24	82.00	82.40	81.76	81.48	77.47	81.04	73.97	73.88
111	74.44	74.02	74.45	74.30	73.92	75.66	75.39	74.94	74.75	75.20	82.25	74.99	81.83	82.20	81.60	81.26	77.27	80.89	73.84	73.67
112	74.32	73.79	74.18	74.11	73.67	75.52	75.30	74.94	74.53	74.99	82.15	74.77	81.70	82.11	81.46	81.15	77.17	80.76	73.71	73.38
113	74.12	73.57	73.98	73.91	73.47	75.36	75.06	74.82	74.33	74.76	81.97	74.52	81.56	81.92	81.25	81.05	77.00	80.57	73.54	73.17
114	74.01	73.35	73.75	73.68	73.24	75.22	74.97	74.68	74.10	74.52	81.82	74.32	81.47	81.79	81.15	80.88	76.88	80.44	73.38	72.96
115	73.86	73.10	73.53	73.48	72.99	75.10	74.84	74.58	73.89	74.27	81.71	74.10	81.32	81.68	81.02	80.73	76.72	80.31	73.27	72.70
116	73.71	72.81	73.26	73.25	72.74	74.94	74.69	74.48	73.65	74.00	81.56	73.86	81.21	81.57	80.85	80.64	76.59	80.15	73.12	72.47
117	73.57	72.62	73.06	73.07	72.54	74.77	74.58	74.32	73.45	73.82	81.40	73.67	81.04	81.42	80.66	80.48	76.43	79.98	73.00	72.25
118	73.46	72.34	72.81	72.82	72.26	74.65	74.48	74.20	73.20	73.60	81.29	73.47	80.93	81.32	80.55	80.38	76.33	79.89	72.87	72.01
119	73.29	72.13	72.59	72.59	72.04	74.52	74.26	74.05	72.98	73.37	81.17	73.24	80.80	81.19	80.41	80.27	76.23	79.72	72.77	71.81
120	73.17	71.86	72.33	72.36	71.79	74.41	74.16	73.94	72.69	73.37	81.07	73.24	80.65	81.09	80.31	80.17	76.12	79.61	72.65	71.81
121	72.98	71.54	72.09	72.07	71.53	74.24	73.98	73.76	72.69	73.24	80.92	73.11	80.46	80.91	80.13	80.00	75.98	79.42	72.47	71.69
122	72.76	71.27	72.09	71.78	71.25	74.01	73.81	73.53	72.56	73.07	80.79	72.88	80.24	80.66	79.93	79.77	75.84	79.18	72.27	71.45
123	72.55	71.05	71.97	71.55	71.06	73.83	73.65	73.38	72.42	72.91	80.62	72.71	80.13	80.49	79.78	79.62	75.69	79.05	72.11	71.26
124	72.45	70.76	71.89	71.29	70.59	73.72	73.50	73.27	72.24	72.82	80.44	72.61	79.98	80.34	79.62	79.50	75.52	78.94	71.96	71.15
125	72.06	70.45	71.68	70.92	70.18	73.54	73.30	73.04	72.12	72.64	80.23	72.41	79.80	80.18	79.45	79.31	75.28	78.78	71.75	70.96
126	71.74	70.15	71.49	70.57	69.95	73.30	73.13	72.84	71.98	72.44	80.09	72.24	79.61	79.95	79.30	79.09	75.12	78.51	71.47	70.80
127	71.58	69.94	71.31	70.39	69.59	73.13	72.90	72.64	71.81	72.18	79.78	72.05	79.40	79.64	79.08	78.86	74.90	78.31	71.30	70.63
128	71.25	69.51	71.20	70.04	69.11	72.99	72.78	72.54	71.69	72.07	79.68	71.94	79.29	79.51	78.98	78.74	74.76	78.20	71.20	70.51
129	70.93	69.25	70.93	69.76	68.91	72.72	72.51	72.30	71.44	71.78	79.40	71.70	78.96	79.29	78.64	78.46	74.53	77.98	70.92	70.23
130	70.83	69.00	70.70	69.76	68.56	72.52	72.34	72.09	71.26	71.57	79.21	71.56	78.81	79.04	78.44	78.26	74.30	77.72	70.68	70.00
131	70.63	68.79	70.51	69.62	68.20	72.35	72.21	71.84	71.11	71.42	78.98	71.38	78.62	78.90	78.27	78.01	74.12	77.52	70.56	69.82
132	70.30	68.47	70.38	69.49	67.96	72.21	72.08	71.69	70.99	71.28	78.71	71.23	78.47	78.80	78.12	77.89	73.98	77.41	70.45	69.71
133	70.19	68.27	70.14	69.28	67.76	72.02	71.83	71.48	70.78	71.08	78.49	71.03	78.25	78.55	77.90	77.65	73.72	77.19	70.26	69.51
134	70.10	68.27	70.03	69.17	67.48	71.93	71.72	71.35	70.66	70.99	78.39	70.91	78.14	78.44	77.78	77.51	73.60	77.09	70.16	69.40
135	69.90	68.12	69.83	68.99	67.29	71.73	71.52	71.21	70.50	70.80	78.21	70.74	77.93	78.20	77.53	77.28	73.43	76.91	69.94	69.18
136	69.79	68.02	69.72	68.86	67.03	71.63	71.40	71.07	70.36	70.67	78.06	70.62	77.82	78.07	77.41	77.15	73.31	76.79	69.84	69.06
137	69.65	67.90	69.59	68.71	66.79	71.55	71.31	70.99	70.25	70.52	77.94	70.47	77.70	77.97	77.27	77.05	73.20	76.68	69.69	68.92
138	69.51	67.78	69.44	68.57	66.55	71.44	71.22	70.88	70.14	70.39	77.82	70.38	77.55	77.81	77.13	76.94	73.09	76.57	69.57	68.79
139	69.41	67.65	69.29	68.43	66.31	71.33	71.13	70.75	70.01	70.28	77.69	70.24	77.42	77.72	77.00	76.84	72.99	76.43	69.46	68.67
140	69.29	67.55	69.19	68.30	66.31	71.23	71.00	70.64	69.89	70.20	77.56	70.13	77.29	77.61	76.91	76.72	72.86	76.31	69.37	68.54
141	69.17	67.40	68.96	68.09	66.21	71.10	70.81	70.49	69.75	70.05	77.45	70.00	77.19	77.49	76.74	76.55	72.68	76.17	69.22	68.41
142	69.06	67.31	68.83	67.95	66.12	70.98	70.71	70.40	69.66	69.94	77.37	69.90	77.11	77.37	76.63	76.45	72.53	76.08	69.11	68.30
143	68.94	67.19	68.69	67.82	66.01	70.88	70.61	70.30	69.53	69.84	77.23	69.80	77.01	77.22	76.51	76.33	72.40	75.96	69.00	68.20
144	68.80	66.98	68.59	67.67	65.90	70.72	70.50	70.20	69.42	69.65	77.13	69.62	76.87	77.12	76.42	76.22	72.18	75.81	68.82	68.09
145	68.67	66.88	68.47	67.50	65.80	70.58	70.37	70.09	69.31	69.52	77.04	69.51	76.77	77.01	76.29	76.11	72.07	75.68	68.67	67.97
146	68.54	66.76	68.35	67.36	65.69	70.44	70.23	69.97	69.17	69.40	76.90	69.45	76.66	76.89	76.19	76.01	71.96	75.55	68.54	67.84
147	68.37	66.63	68.21	67.21	65.60	70.31	70.03	69.82	69.04	69.24	76.76	69.31	76.51	76.75	76.08	75.87	71.80	75.41	68.39	67.70
148	68.27	66.50	68.13	67.09	65.46	70.22	69.90	69.71	68.91	69.13	76.62	69.21	76.39	76.59	75.97	75.75	71.68	75.27	68.30	67.60
149	68.17	66.41	68.00	66.94	65.32	70.11	69.72	69.58	68.73	68.98	76.43	69.06	76.25	76.48	75.81	75.60	71.53	75.16	68.17	67.48
150	68.04	66.29	67.85	66.84	65.19	69.99	69.58	69.46	68.59	68.82	76.29	68.92	76.16	76.34	75.68	75.47	71.40	74.94	68.04	67.32
151	67.96	66.21	67.71	66.73	65.11	69.80	69.43	69.33	68.50	68.74	76.17	68.80	76.04	76.23	75.55	75.32	71.26	74.75	67.96	67.21
152	67.86	66.03	67.60	66.60	64.97	69.70	69.28	69.21	68.38	68.61	76.05	68.70	75.92	76.08	75.42	75.20	71.12	74.65	67.84	67.09
153	67.74	65.90	67.50	66.49	64.85	69.57	69.16	69.06	68.24	68.47	75.93	68.58	75.77	75.97	75.31	75.08	71.02	74.52	67.69	66.98
154	67.62	65.77	67.40	66.37	64.73	69.47	69.06	68.93	68.12	68.38	75.80	68.48	75.67	75.84	75.19	74.92	70.93	74.39	67.56	66.86
155	67.52	65.64	67.29	66.25	64.60	69.35	68.90	68.83	67.96	68.26	75.67	68.38	75.54	75.72	75.06	74.80	70.82	74.27	67.43	66.74
156	67.41	65.49	67.12	66.08	64.44	69.21	68.70	68.68	67.85	68.15	75.57	68.23	75.42	75.58	74.92	74.66	70.66	74.11	67.27	66.62
157	67.27	65.34	67.01	65.94	64.31	69.10	68.59	68.54	67.73	67.98	75.47	68.09	75.30	75.46	74.81	74.53	70.52	73.99	67.13	66.50
158	67.17	65.19	66.87	65.81	64.20	68.97	68.49	68.42	67.58	67.85	75.32	67.98	75.14	75.31	74.65	74.40	70.40	73.85	67.00	66.35
159	67.07	65.07	66.72	65.67	64.08	68.85	68.35	68.29	67.39	67.72	75.17	67.85	75.01	75.18	74.51	74.29	70.23	73.67	66.78	66.21
160	66.94	64.95	66.57	65.50	63.98	68.68	68.20	68.16	67.32	67.57	74.97	67.71	74.84	75.04	74.38	74.15	70.08	73.50	66.67	66.08
161	66.81	64.81	66.46	65.37	63.85	68.54	68.02	68.03	67.18	67.42	74.86	67.60	74.69	74.92	74.25	74.02	69.96	73.38	66.52	65.97
162	66.72	64.71	66.37	65.27	63.75	68.45	67.92	67.95	67.08	67.31	74.74	67.49	74.59	74.81	74.15	73.90	69.85	73.28	66.42	65.86
163	66.61	64.62	66.28	65.19	63.64	68.36	67.84	67.85	66.99	67.19	74.64	67.39	74.50	74.70	74.05	73.79	69.74	73.18	66.34	65.76
164	66.50	64.52	66.16	65.05	63.56	68.26	67.74	67.73	66.90	67.04	74.52	67.31	74.36	74.57	73.93	73.61	69.65	73.06	66.23	65.65
165	66.33	64.35	66.03	64.91	63.42	68.14	67.57	67.58	66.74	66.88	74.39	67.18	74.21	74.39	73.78	73.48	69.49	72.90	66.06	65.49
166	66.21	64.22	65.89	64.76	63.30	67.99	67.43	67.40	66.60	66.73	74.26	67.04	74.08	74.24	73.62	73.35	69.35	72.75	65.92	65.35
167	66.09	64.08	65.79	64.62	63.20	67.88	67.33	67.31	66.49	66.61	74.12	66.95	73.97	74.14	73.50	73.24	69.24	72.65	65.81	65.23
168	65.98	64.00	65.69	64.52	63.07	67.75	67.22	67.17	66.38	66.49	74.03	66.83	73.85	74.02	73.41	73.14	69.13	72.54	65.71	65.11
169	65.82	63.89	65.54	64.41	62.96	67.61	67.07	67.02	66.27	66.36	73.93	66.68	73.71	73.92	73.27	73.04	69.02	72.42	65.61	64.98
170	65.63	63.72	65.32	64.21	62.79	67.49	66.94	66.89	66.16	66.14	73.65	66.47	73.54	73.77	73.15	72.86	68.82	72.25	65.44	64.82
171	65.53	63.63	65.15	64.11	62.68	67.38	66.82	66.77	66.05	66.02	73.50	66.38	73.44	73.66	73.06	72.76	68.72	72.13	65.32	64.66
172	65.32	63.43	64.96	63.88	62.51	67.18	66.65	66.58	65.87	65.81	73.37	66.20	73.26	73.48	72.88	72.55	68.52	71.96	65.22	64.46
173	65.22	63.35	64.86	63.78	62.42	67.07	66.54	66.46	65.75	65.69	73.27	66.07	73.18	73.35	72.79	72.45	68.42	71.87	65.12	64.36
174	65.09	63.25	64.75	63.66	62.24	66.96	66.44	66.33	65.59	65.53	73.17	65.94	73.05	73.18	72.65	72.34	68.28	71.74	65.01	64.23
175	64.92	63.10	64.62	63.50	62.08	66.81	66.19	66.17	65.42	65.38	73.03	65.79	72.76	73.02	72.48	72.17	68.16	71.56	64.83	64.07
176	64.68	62.86	64.34	63.27	61.86	66.54	65.98	65.94	65.14	65.12	72.82	65.52	72.53	72.88	72.28	71.93	67.84	71.32	64.64	63.86
177	64.59	62.75	64.24	63.18	61.73	66.44	65.85	65.83	65.05	64.98	72.70	65.40	72.43	72.78	72.18	71.82	67.75	71.21	64.51	63.71
178	64.47	62.61	64.12	63.05	61.58	66.30	65.75	65.70	64.93	64.87	72.60	65.29	72.29	72.66	72.04	71.67	67.60	71.07	64.34	63.57
179	64.33	62.42	63.94	62.82	61.38	66.14	65.61	65.53	64.79	64.70	72.44	65.13	72.08	72.50	71.85	71.50	67.44	70.88	64.15	63.39
180	64.20	62.31	63.84	62.71	61.27	65.99	65.50	65.42	64.68	64.51	72.33	65.01	71.98	72.37	71.73	71.35	67.29	70.74	64.00	63.29
181	64.07	62.18	63.73	62.61	61.18	65.88	65.39	65.32	64.55	64.39	72.24	64.87	71.83	72.26	71.63	71.18	67.19	70.64	63.91	63.16
182	63.94	62.07	63.61	62.49	61.07	65.76	65.27	65.20	64.44	64.29	72.12	64.74	71.71	72.17	71.53	71.08	67.10	70.53	63.79	63.06
183	63.75	61.96	63.44	62.35	60.92	65.57	65.13	64.99	64.33	64.11	72.04	64.51	71.59	72.03	71.36	70.94	66.98	70.43	63.68	62.93
184	63.66	61.87	63.32	62.19	60.80	65.44	64.98	64.89	64.23	64.00	71.97	64.42	71.49	71.94	71.25	70.86	66.89	70.31	63.58	62.83
185	63.55	61.76	63.20	62.09	60.69	65.33	64.87	64.79	64.10	63.89	71.88	64.32	71.39	71.80	71.14	70.75	66.79	70.21	63.46	62.72
186	63.43	61.60	63.04	62.01	60.56	65.24	64.77	64.64	63.98	63.79	71.78	64.16	71.31	71.66	71.01	70.63	66.60	70.04	63.35	62.60
187	63.33	61.52	62.93	61.92	60.48	65.08	64.64	64.54	63.89	63.68	71.65	64.00	71.20	71.52	70.90	70.53	66.51	69.94	63.24	62.51
188	63.23	61.39	62.81	61.81	60.39	64.98	64.52	64.41	63.81	63.56	71.52	63.89	71.10	71.40	70.78	70.43	66.43	69.83	63.14	62.40
189	63.13	61.27	62.68	61.68	60.31	64.86	64.33	64.29	63.72	63.46	71.39	63.68	70.96	71.30	70.64	70.33	66.30	69.71	62.96	62.24
190	62.97	61.13	62.54	61.55	60.21	64.74	64.18	64.17	63.59	63.30	71.22	63.57	70.81	71.18	70.49	70.21	66.14	69.53	62.81	62.07
191	62.86	60.98	62.43	61.43	60.09	64.65	64.07	64.07	63.49	63.18	71.05	63.46	70.71	71.05	70.39	70.03	65.99	69.44	62.69	61.96
192	62.76	60.84	62.33	61.28	59.97	64.57	63.95	63.97	63.39	63.06	70.92	63.34	70.63	70.92	70.29	69.90	65.88	69.34	62.59	61.88
193	62.62	60.72	62.20	61.16	59.84	64.46	63.82	63.87	63.29	62.96	70.81	63.20	70.52	70.82	70.14	69.80	65.75	69.24	62.47	61.77
194	62.50	60.62	62.04	61.05	59.66	64.31	63.67	63.73	63.18	62.85	70.65	63.03	70.38	70.70	70.00	69.67	65.63	69.12	62.34	61.67
195	62.38	60.51	61.94	60.96	59.56	64.19	63.54	63.61	63.08	62.74	70.54	62.89	70.26	70.57	69.91	69.53	65.51	69.04	62.21	61.55
196	62.27	60.39	61.84	60.81	59.45	64.07	63.43	63.47	62.97	62.62	70.40	62.75	70.14	70.43	69.79	69.39	65.38	68.93	62.09	61.44
197	62.13	60.24	61.69	60.66	59.34	63.93	63.27	63.33	62.84	62.44	70.29	62.58	69.90	70.28	69.64	69.23	65.19	68.81	61.95	61.29
198	62.01	60.10	61.59	60.51	59.25	63.83	63.16	63.22	62.72	62.33	70.14	62.41	69.76	70.19	69.52	69.14	65.07	68.61	61.88	61.21
199	61.91	59.95	61.47	60.39	59.10	63.68	63.02	63.06	62.58	62.21	69.95	62.25	69.59	70.05	69.38	69.01	64.90	68.43	61.74	61.03
200	61.80	59.84	61.37	60.28	58.99	63.57	62.91	62.95	62.48	62.10	69.81	62.15	69.49	69.93	69.26	68.90	64.79	68.28	61.62	60.92
201	61.70	59.72	61.26	60.16	58.87	63.43	62.79	62.80	62.37	61.97	69.74	62.05	69.40	69.83	69.18	68.79	64.68	68.13	61.49	60.84
202	61.57	59.59	61.06	60.02	58.69	63.28	62.63	62.63	62.20	61.82	69.58	61.91	69.25	69.71	69.01	68.67	64.56	67.93	61.35	60.70
203	61.44	59.44	60.92	59.89	58.59	63.14	62.49	62.47	62.03	61.72	69.48	61.78	69.11	69.60	68.89	68.58	64.41	67.80	61.23	60.57
204	61.35	59.33	60.78	59.77	58.48	63.01	62.37	62.33	61.87	61.63	69.37	61.67	68.97	69.47	68.77	68.41	64.28	67.68	61.06	60.43
205	61.18	59.19	60.68	59.63	58.32	62.82	62.26	62.21	61.77	61.47	69.22	61.50	68.79	69.36	68.65	68.28	64.15	67.55	60.79	60.32
206	61.09	59.04	60.52	59.54	58.13	62.70	62.14	62.12	61.67	61.37	69.05	61.33	68.69	69.26	68.46	68.17	64.03	67.45	60.66	60.19
207	60.97	58.92	60.38	59.38	57.98	62.55	62.00	62.02	61.52	61.25	68.85	61.16	68.58	69.12	68.34	68.06	63.91	67.34	60.51	60.07
208	60.86	58.79	60.26	59.25	57.77	62.40	61.86	61.89	61.37	61.10	68.70	61.04	68.44	68.96	68.23	67.94	63.80	67.18	60.35	59.97
209	60.75	58.66	60.13	59.09	57.62	62.26	61.75	61.80	61.24	61.00	68.55	60.92	68.31	68.87	68.07	67.80	63.70	67.08	60.22	59.86
210	60.62	58.55	59.96	58.99	57.52	62.14	61.63	61.66	61.12	60.91	68.43	60.79	68.12	68.75	67.94	67.68	63.57	66.97	60.11	59.74
211	60.48	58.44	59.80	58.86	57.38	62.02	61.51	61.52	61.01	60.77	68.32	60.68	68.00	68.63	67.79	67.55	63.45	66.81	59.98	59.57
212	60.34	58.32	59.69	58.75	57.25	61.89	61.40	61.39	60.91	60.64	68.21	60.55	67.89	68.51	67.67	67.42	63.33	66.68	59.86	59.45
213	60.25	58.21	59.57	58.63	57.17	61.79	61.27	61.25	60.81	60.54	68.12	60.46	67.75	68.40	67.57	67.31	63.23	66.59	59.76	59.36
214	60.12	58.09	59.45	58.52	57.06	61.69	61.16	61.12	60.70	60.41	68.01	60.36	67.61	68.27	67.45	67.20	63.08	66.49	59.63	59.24
215	60.01	57.95	59.31	58.38	56.92	61.58	60.99	61.01	60.52	60.27	67.89	60.23	67.50	68.13	67.31	67.06	62.95	66.34	59.40	59.16
216	59.89	57.79	59.18	58.23	56.82	61.46	60.87	60.86	60.41	60.13	67.76	60.14	67.36	68.03	67.18	66.92	62.81	66.17	59.30	59.04
217	59.74	57.70	59.04	58.11	56.67	61.29	60.73	60.73	60.27	59.99	67.63	60.02	67.26	67.91	67.08	66.79	62.71	66.04	59.19	58.91
218	59.62	57.56	58.97	57.97	56.55	61.17	60.62	60.61	60.14	59.86	67.50	59.86	67.13	67.75	66.90	66.68	62.55	65.86	59.05	58.77
219	59.50	57.43	58.83	57.84	56.43	61.05	60.52	60.51	60.01	59.75	67.37	59.72	66.96	67.63	66.76	66.55	62.40	65.73	58.93	58.66
220	59.39	57.34	58.74	57.74	56.31	60.94	60.43	60.39	59.91	59.66	67.27	59.63	66.87	67.47	66.67	66.47	62.28	65.65	58.80	58.58
221	59.31	57.21	58.60	57.59	56.21	60.86	60.34	60.27	59.77	59.50	67.10	59.44	66.75	67.30	66.55	66.35	62.15	65.56	58.69	58.47
222	59.21	57.10	58.48	57.49	56.12	60.73	60.25	60.17	59.64	59.40	66.99	59.34	66.63	67.21	66.45	66.25	62.03	65.43	58.58	58.35
223	59.11	56.97	58.35	57.33	56.00	60.63	60.11	60.05	59.54	59.31	66.90	59.26	66.50	67.06	66.37	66.15	61.94	65.30	58.49	58.23
224	59.02	56.87	58.24	57.24	55.90	60.54	60.02	59.95	59.46	59.19	66.82	59.18	66.39	66.95	66.26	66.04	61.85	65.19	58.38	58.13
225	58.87	56.77	58.11	57.11	55.78	60.39	59.89	59.86	59.37	59.05	66.67	59.05	66.29	66.82	66.14	65.90	61.74	65.09	58.29	57.99
226	58.77	56.67	57.99	56.99	55.67	60.27	59.78	59.72	59.23	58.93	66.57	58.95	66.19	66.72	66.02	65.78	61.64	65.00	58.18	57.89
227	58.66	56.57	57.89	56.89	55.55	60.18	59.67	59.60	59.12	58.82	66.46	58.82	66.09	66.60	65.92	65.68	61.55	64.88	58.07	57.77
228	58.51	56.48	57.77	56.76	55.45	60.00	59.54	59.49	58.95	58.70	66.37	58.71	65.96	66.45	65.80	65.57	61.41	64.74	57.93	57.61
229	58.42	56.39	57.67	56.59	55.35	59.89	59.44	59.40	58.88	58.60	66.28	58.61	65.81	66.35	65.70	65.48	61.32	64.63	57.82	57.50
230	58.20	56.22	57.53	56.41	55.18	59.78	59.24	59.25	58.77	58.46	66.13	58.51	65.62	66.20	65.55	65.29	61.16	64.52	57.62	57.40
231	58.05	56.02	57.43	56.29	55.05	59.63	59.11	59.12	58.63	58.34	65.99	58.40	65.47	66.07	65.42	65.17	61.08	64.39	57.50	57.24
232	57.93	55.88	57.32	56.18	54.93	59.53	59.00	58.99	58.52	58.24	65.88	58.29	65.35	65.94	65.32	65.05	60.97	64.30	57.39	57.13
233	57.81	55.78	57.19	56.08	54.81	59.38	58.88	58.88	58.40	58.16	65.78	58.18	65.25	65.76	65.22	64.92	60.81	64.20	57.29	57.00
234	57.66	55.65	57.06	55.97	54.68	59.25	58.73	58.75	58.29	58.01	65.64	57.99	65.10	65.64	65.06	64.83	60.70	64.08	57.19	56.86
235	57.55	55.52	56.96	55.83	54.58	59.14	58.62	58.61	58.16	57.91	65.51	57.83	65.00	65.49	64.89	64.73	60.58	63.98	57.05	56.72
236	57.43	55.39	56.85	55.71	54.47	59.03	58.53	58.50	58.03	57.77	65.40	57.71	64.88	65.35	64.76	64.62	60.45	63.84	56.93	56.58
237	57.33	55.30	56.74	55.59	54.38	58.93	58.44	58.43	57.91	57.66	65.30	57.61	64.74	65.24	64.67	64.50	60.35	63.70	56.82	56.46
238	57.21	55.16	56.61	55.47	54.26	58.81	58.30	58.28	57.81	57.53	65.13	57.47	64.63	65.10	64.57	64.38	60.22	63.59	56.69	56.34
239	57.09	54.98	56.49	55.39	54.16	58.70	58.21	58.18	57.72	57.44	65.01	57.30	64.49	65.01	64.47	64.26	60.10	63.39	56.58	56.22
240	56.94	54.81	56.36	55.25	54.01	58.55	58.09	58.10	57.62	57.36	64.90	57.15	64.35	64.90	64.37	64.16	59.97	63.31	56.49	56.12
241	56.85	54.71	56.27	55.14	53.88	58.46	57.96	57.99	57.54	57.26	64.76	57.04	64.25	64.79	64.28	64.05	59.87	63.20	56.37	56.01
242	56.75	54.58	56.11	55.02	53.78	58.36	57.84	57.88	57.45	57.13	64.65	56.94	64.13	64.70	64.15	63.94	59.75	63.10	56.26	55.91
243	56.63	54.47	55.99	54.91	53.63	58.21	57.71	57.77	57.34	56.98	64.54	56.80	64.00	64.53	64.00	63.80	59.62	62.93	56.15	55.79
244	56.50	54.34	55.90	54.79	53.52	58.08	57.59	57.65	57.22	56.88	64.44	56.69	63.87	64.41	63.88	63.69	59.52	62.80	56.05	55.69
245	56.41	54.20	55.80	54.69	53.40	57.97	57.44	57.54	57.13	56.73	64.33	56.58	63.75	64.26	63.79	63.57	59.39	62.70	55.94	55.59
246	56.28	54.04	55.72	54.56	53.26	57.83	57.27	57.39	56.94	56.59	64.18	56.43	63.60	64.09	63.68	63.41	59.30	62.58	55.84	55.47
247	56.14	53.86	55.60	54.39	53.11	57.65	57.14	57.20	56.84	56.45	63.95	56.31	63.47	63.90	63.54	63.29	59.16	62.33	55.73	55.29
248	56.00	53.72	55.50	54.30	52.99	57.53	57.03	57.09	56.71	56.35	63.83	56.18	63.33	63.79	63.40	63.20	59.04	62.22	55.65	55.14
249	55.88	53.58	55.37	54.20	52.86	57.41	56.91	56.95	56.61	56.23	63.72	56.05	63.23	63.68	63.26	63.06	58.93	62.10	55.55	55.01
250	55.74	53.43	55.23	54.14	52.73	57.27	56.81	56.82	56.49	56.14	63.62	55.90	63.13	63.58	63.16	62.97	58.80	62.00	55.43	54.90
251	55.60	53.28	55.08	54.05	52.55	57.13	56.69	56.71	56.36	56.01	63.49	55.79	63.02	63.43	63.03	62.84	58.69	61.87	55.32	54.76
252	55.50	53.19	54.98	53.95	52.45	57.02	56.60	56.60	56.26	55.91	63.40	55.69	62.91	63.34	62.92	62.68	58.59	61.76	55.23	54.64
253	55.38	53.08	54.89	53.84	52.33	56.91	56.48	56.49	56.12	55.82	63.30	55.58	62.77	63.23	62.77	62.57	58.51	61.65	55.15	54.54
254	55.27	52.97	54.79	53.72	52.21	56.81	56.38	56.40	56.02	55.71	63.18	55.48	62.68	63.14	62.68	62.45	58.40	61.56	55.04	54.43
255	55.09	52.81	54.64	53.60	52.09	56.69	56.23	56.25	55.92	55.59	63.05	55.35	62.58	62.98	62.59	62.31	58.27	61.43	54.91	54.29
256	54.88	52.70	54.52	53.49	51.95	56.58	56.11	56.14	55.83	55.50	62.95	55.23	62.39	62.87	62.47	62.16	58.14	61.31	54.80	54.18
257	54.73	52.60	54.35	53.33	51.79	56.42	55.96	55.99	55.71	55.36	62.78	55.07	62.27	62.76	62.34	62.03	57.99	61.15	54.66	54.01
258	54.63	52.51	54.23	53.23	51.70	56.32	55.87	55.87	55.61	55.25	62.67	54.97	62.13	62.68	62.25	61.89	57.88	61.02	54.52	53.89
259	54.49	52.38	54.11	53.12	51.59	56.21	55.71	55.77	55.50	55.13	62.56	54.84	61.99	62.56	62.08	61.79	57.78	60.92	54.42	53.77
260	54.39	52.28	54.01	53.01	51.47	56.10	55.64	55.67	55.37	55.05	62.45	54.74	61.88	62.44	61.90	61.70	57.65	60.83	54.27	53.65
261	54.28	52.17	53.91	52.88	51.38	55.99	55.53	55.55	55.24	54.92	62.32	54.62	61.76	62.30	61.77	61.59	57.52	60.72	54.15	53.53
262	54.19	52.05	53.80	52.79	51.26	55.87	55.42	55.40	55.14	54.81	62.21	54.50	61.64	62.20	61.63	61.46	57.40	60.62	54.05	53.42
263	54.08	51.94	53.68	52.68	51.10	55.76	55.32	55.30	55.01	54.69	62.05	54.37	61.51	62.11	61.52	61.32	57.27	60.46	53.93	53.30
264	53.91	51.74	53.53	52.57	50.88	55.61	55.21	55.15	54.78	54.56	61.81	54.22	61.35	61.87	61.38	61.16	57.16	60.28	53.82	53.15
265	53.81	51.58	53.39	52.45	50.73	55.53	55.12	55.03	54.66	54.45	61.68	54.06	61.19	61.75	61.29	61.06	57.06	60.12	53.68	53.07
266	53.67	51.46	53.27	52.34	50.63	55.42	55.03	54.89	54.56	54.33	61.55	53.94	61.10	61.66	61.18	60.94	56.96	60.02	53.53	52.97
267	53.54	51.32	53.13	52.23	50.52	55.31	54.87	54.79	54.42	54.19	61.43	53.82	60.99	61.52	61.03	60.81	56.83	59.91	53.39	52.85
268	53.42	51.21	53.03	52.11	50.41	55.20	54.73	54.69	54.31	54.08	61.30	53.68	60.89	61.42	60.90	60.70	56.71	59.81	53.27	52.74
269	53.27	51.09	52.90	51.98	50.28	55.10	54.56	54.52	54.17	53.97	61.16	53.50	60.79	61.24	60.76	60.58	56.59	59.70	53.16	52.60
270	53.14	50.94	52.73	51.86	50.15	55.00	54.43	54.39	54.05	53.88	61.08	53.38	60.63	61.14	60.64	60.45	56.46	59.55	53.07	52.45
271	53.03	50.83	52.61	51.76	50.05	54.90	54.30	54.29	53.93	53.78	60.98	53.26	60.52	61.04	60.54	60.33	56.36	59.45	52.98	52.34
272	52.92	50.74	52.48	51.64	49.95	54.78	54.16	54.17	53.79	53.68	60.88	53.15	60.36	60.91	60.43	60.20	56.22	59.33	52.83	52.20
273	52.84	50.61	52.36	51.48	49.84	54.67	54.03	54.08	53.67	53.57	60.74	53.03	60.22	60.78	60.31	60.08	56.10	59.19	52.72	52.09
274	52.67	50.41	52.21	51.30	49.70	54.48	53.84	53.90	53.49	53.41	60.57	52.85	60.06	60.56	60.13	59.86	55.93	58.99	52.59	51.93
275	52.55	50.27	52.10	51.15	49.55	54.35	53.71	53.74	53.36	53.30	60.43	52.69	59.92	60.46	59.98	59.74	55.80	58.85	52.47	51.78
276	52.44	50.13	52.01	51.06	49.42	54.20	53.58	53.63	53.25	53.15	60.30	52.58	59.84	60.36	59.89	59.61	55.67	58.77	52.37	51.64
277	52.32	50.02	51.88	50.97	49.29	54.07	53.47	53.50	53.15	53.01	60.19	52.45	59.73	60.23	59.76	59.49	55.56	58.64	52.23	51.54
278	52.24	49.86	51.79	50.85	49.18	54.01	53.31	53.35	52.99	52.91	60.08	52.37	59.62	60.12	59.59	59.40	55.47	58.43	52.11	51.39
279	52.11	49.69	51.65	50.72	49.06	53.87	53.18	53.23	52.84	52.79	59.91	52.21	59.48	60.02	59.46	59.25	55.36	58.28	51.97	51.26
280	51.97	49.51	51.52	50.61	48.97	53.76	53.04	53.10	52.68	52.66	59.80	52.10	59.36	59.92	59.33	59.14	55.24	58.18	51.87	51.11
281	51.82	49.41	51.42	50.48	48.83	53.63	52.93	52.96	52.53	52.57	59.71	52.00	59.27	59.80	59.23	59.03	55.13	58.07	51.77	50.99
282	51.72	49.29	51.31	50.40	48.71	53.53	52.77	52.84	52.39	52.45	59.60	51.87	59.17	59.68	59.12	58.86	55.03	57.91	51.67	50.87
283	51.57	49.15	51.17	50.28	48.57	53.38	52.66	52.71	52.26	52.32	59.48	51.72	59.06	59.56	58.99	58.70	54.90	57.78	51.53	50.73
	51.44	49.02	51.06	50.16	48.42	53.28	52.53	52.61	52.14	52.19		51.59		59.45	58.85	58.59	54.79	57.67	51.41	50.62
