72.20
71.88
71.63
71.37
71.16
70.83
70.46
70.19
69.86
69.53
69.19
68.87
68.55
68.22
67.94
67.63
67.34
67.05
66.68
66.35
66.00
65.67
65.36
65.05
64.73
64.38
64.07
63.78
63.45
63.11
62.79
62.47
62.20
61.89
61.58
61.25
60.97
60.74
60.45
60.11
59.81
59.45
59.13
58.79
58.43
58.13
57.84
57.59
57.37
57.12
56.87
56.63
56.35
56.13
55.89
55.63
55.28
55.06
54.83
54.53
54.31
54.10
53.86
53.61
53.32
53.11
52.76
52.50
52.20
51.89
51.56
51.34
51.10
50.84
50.60
50.41
50.12
49.88
49.63
49.45
49.22
48.95
48.71
48.39
48.15
47.90
47.64
47.45
47.13
46.86
46.59
46.32
46.03
45.73
45.47
45.25
44.98
44.74
44.48
44.21
43.85
43.61
43.20
42.99
42.70
42.35
42.09
41.75
41.47
41.16
40.85
40.53
40.18
39.89
39.56
39.24
39.02
38.71
38.46
38.14
38.14
38.03
37.90
37.66
37.46
37.27
37.06
36.84
36.73
36.51
36.37
36.17
35.92
35.61
35.36
35.23
35.07
34.86
34.64
34.54
34.31
34.07
33.88
33.76
33.63
33.44
33.20
33.07
32.91
32.79
32.65
32.52
32.38
32.23
32.02
31.90
31.76
31.62
31.44
31.31
31.20
31.08
30.93
30.80
30.69
30.57
