73.01
72.76
72.54
72.31
72.05
71.58
71.29
71.03
70.71
70.33
70.00
69.78
69.44
69.17
68.86
68.40
68.10
67.72
67.37
67.11
66.79
66.47
66.14
65.83
65.52
65.19
64.89
64.61
64.31
64.02
63.72
63.41
63.06
62.77
62.44
62.15
61.85
61.59
61.32
61.04
60.75
60.41
60.04
59.70
59.37
59.07
58.73
58.51
58.31
58.02
57.75
57.48
57.20
56.97
56.74
56.49
56.19
55.98
55.73
55.51
55.24
55.01
54.77
54.54
54.23
54.01
53.59
53.31
52.97
52.70
52.36
52.10
51.86
51.67
51.35
51.15
50.87
50.58
50.34
50.13
49.95
49.71
49.47
49.18
48.94
48.72
48.53
48.26
48.02
47.76
47.51
47.21
46.96
46.67
46.43
46.17
45.92
45.67
45.26
44.92
44.47
44.08
43.82
43.43
43.00
42.83
42.56
42.13
41.75
41.34
40.98
40.77
40.42
40.12
39.76
39.47
39.21
38.92
38.92
38.81
38.62
38.50
38.39
38.17
37.91
37.75
37.58
37.37
37.26
37.03
36.90
36.68
36.45
36.27
36.03
35.92
35.77
35.58
35.35
35.28
35.13
34.87
34.71
34.57
34.42
34.28
34.07
33.93
33.77
33.65
33.49
33.38
33.27
33.15
33.02
32.89
32.75
32.64
32.49
32.40
32.30
32.21
32.12
31.98
31.89
31.77
