71.84
71.52
71.28
71.05
70.85
70.56
70.25
69.88
69.52
69.23
68.94
68.61
68.25
67.95
67.51
67.07
66.87
66.55
66.17
65.80
65.51
65.10
64.78
64.45
64.11
63.75
63.45
63.19
62.85
62.54
62.19
61.79
61.48
61.18
60.86
60.48
60.14
59.88
59.60
59.25
58.82
58.40
58.00
57.62
57.21
57.00
56.68
56.44
56.24
56.01
55.77
55.58
55.30
55.08
54.82
54.53
54.29
54.08
53.85
53.59
53.33
53.10
52.83
52.55
52.24
52.00
51.70
51.45
51.11
50.80
50.47
50.23
50.00
49.75
49.44
49.24
48.97
48.70
48.42
48.22
48.04
47.81
47.59
47.34
47.13
46.91
46.65
46.43
46.06
45.82
45.45
45.24
45.00
44.56
44.34
44.09
43.68
43.49
43.06
42.69
42.28
41.89
41.65
41.42
41.19
40.88
40.63
40.32
40.00
39.66
39.31
38.98
38.65
38.36
38.36
38.16
37.96
37.81
37.60
37.43
37.24
37.08
36.92
36.64
36.46
36.28
36.06
35.84
35.67
35.48
35.33
35.12
34.94
34.75
34.47
34.35
34.22
33.84
33.69
33.40
33.11
32.91
32.72
32.56
32.46
32.26
32.10
31.97
31.80
31.63
31.51
31.39
31.23
31.11
30.98
30.87
30.76
30.62
30.46
30.30
30.16
30.03
29.91
29.80
29.70
29.57
