71.00
70.77
70.56
70.34
70.08
69.75
69.42
69.17
68.86
68.46
68.15
67.84
67.55
67.25
66.98
66.62
66.35
66.07
65.77
65.48
65.21
64.91
64.62
64.34
64.01
63.68
63.39
63.06
62.77
62.47
62.15
61.81
61.52
61.23
60.92
60.56
60.56
60.34
60.21
60.03
59.83
59.63
59.40
59.15
58.91
58.65
58.44
58.25
58.14
58.01
57.82
57.70
57.57
57.39
57.22
57.07
56.89
56.62
56.47
56.35
56.21
56.02
55.90
55.76
55.61
55.52
55.40
55.15
54.95
54.67
54.43
54.24
54.09
54.00
53.88
53.70
53.59
53.47
53.32
53.16
53.03
52.92
52.78
52.64
52.43
52.33
52.21
52.06
51.96
51.78
51.59
51.48
51.29
51.14
50.95
50.77
50.58
50.45
50.30
50.11
49.95
49.74
49.55
49.30
49.19
49.04
48.83
48.68
48.47
48.23
47.98
47.74
47.54
47.33
47.12
46.88
46.69
46.55
46.36
46.20
45.98
45.83
45.69
45.50
45.27
45.08
44.88
44.66
44.42
44.14
44.00
43.77
43.56
43.27
43.01
42.91
42.80
42.66
42.45
42.35
42.13
41.87
41.72
41.58
41.46
41.27
41.09
40.95
40.82
40.72
40.61
40.47
40.31
40.18
40.02
39.89
39.77
39.65
39.50
39.39
39.29
39.19
39.07
38.92
38.81
38.67
