71.48
71.20
71.00
70.77
70.55
70.22
69.93
69.63
69.25
68.86
68.66
68.21
67.80
67.60
67.31
66.95
66.62
66.24
65.95
65.64
65.32
65.00
64.72
64.43
63.93
63.65
63.28
63.00
62.67
62.36
62.05
61.70
61.37
61.07
60.67
60.35
60.07
59.84
59.55
59.19
58.84
58.50
58.15
57.76
57.39
57.11
56.76
56.51
56.31
56.01
55.76
55.56
55.33
55.10
54.86
54.56
54.27
54.05
53.82
53.59
53.34
53.11
52.86
52.56
52.30
52.07
51.67
51.44
51.09
50.79
50.45
50.21
49.99
49.75
49.46
49.25
48.97
48.78
48.54
48.36
48.17
47.93
47.68
47.35
47.12
46.87
46.66
46.44
46.08
45.78
45.49
45.17
44.91
44.59
44.30
44.07
43.76
43.46
43.46
43.36
43.15
42.89
42.69
42.43
42.24
42.10
41.91
41.75
41.53
41.32
41.12
40.91
40.69
40.50
40.30
40.10
39.94
39.78
39.58
39.44
39.18
38.96
38.84
38.64
38.45
38.22
38.03
37.82
37.63
37.39
37.24
37.00
36.76
36.58
36.30
36.17
36.05
35.86
35.67
35.57
35.34
35.04
34.87
34.72
34.60
34.44
34.25
34.13
33.98
33.88
33.77
33.62
33.42
33.29
33.13
33.00
32.87
32.78
32.66
32.56
32.47
32.38
32.27
32.16
32.04
31.92
