72.03
71.77
71.55
71.33
71.12
70.82
70.45
70.15
69.78
69.36
69.14
68.75
68.44
68.23
67.80
67.47
67.17
66.82
66.61
66.17
65.84
65.53
65.21
64.85
64.53
64.28
63.83
63.54
63.24
62.93
62.60
62.29
61.97
61.71
61.39
61.02
60.69
60.47
60.11
59.80
59.49
59.14
58.90
58.50
58.14
57.83
57.56
57.33
57.12
56.85
56.57
56.35
56.05
55.82
55.58
55.32
55.05
54.82
54.60
54.34
54.06
53.83
53.54
53.29
52.93
52.69
52.33
51.89
51.55
51.12
50.90
50.65
50.42
50.20
49.89
49.69
49.41
49.16
48.91
48.70
48.46
48.20
47.99
47.72
47.51
47.27
47.06
46.86
46.58
46.33
46.05
45.72
45.47
45.18
44.87
44.62
44.41
44.12
43.86
43.59
43.21
42.93
42.56
42.35
42.02
41.71
41.45
41.11
40.81
40.48
40.16
39.84
39.54
39.23
38.88
38.56
38.30
37.98
37.74
37.43
37.21
36.97
36.64
36.24
35.98
35.64
35.37
35.12
34.79
34.52
34.20
33.90
33.57
33.26
33.07
32.82
32.40
32.19
31.89
31.53
31.29
31.04
30.82
30.60
30.32
30.02
29.80
29.58
29.30
29.06
28.83
28.83
28.68
28.57
28.39
28.27
28.16
28.08
27.96
27.83
27.72
27.60
27.51
27.38
27.28
27.14
