70.76
70.48
70.28
70.05
69.77
69.49
69.11
68.82
68.46
68.03
67.83
67.83
67.47
67.16
67.03
66.84
66.56
66.34
66.12
65.94
65.76
65.59
65.36
65.07
64.86
64.65
64.45
64.25
64.02
63.81
63.60
63.37
63.06
62.79
62.61
62.39
62.15
61.87
61.71
61.60
61.39
61.19
60.95
60.69
60.46
60.24
60.04
59.85
59.70
59.62
59.46
59.33
59.21
59.09
58.92
58.77
58.58
58.37
58.26
58.13
57.96
57.81
57.69
57.53
57.38
57.17
57.04
56.81
56.68
56.43
56.26
56.01
55.88
55.79
55.68
55.48
55.36
55.17
54.99
54.90
54.80
54.72
54.57
54.43
54.19
54.05
53.92
53.81
53.70
53.49
53.29
53.12
52.94
52.75
52.52
52.34
52.20
52.07
51.89
51.71
51.51
51.23
50.97
50.78
50.67
50.44
50.22
50.06
49.91
49.69
49.44
49.24
48.97
48.77
48.57
48.32
48.15
48.01
47.77
47.60
47.40
47.26
47.13
46.96
46.78
46.61
46.41
46.19
46.04
45.75
45.64
45.37
45.16
44.97
44.72
44.63
44.48
44.33
44.11
43.99
43.76
43.53
43.38
43.26
43.16
42.91
42.66
42.54
42.36
42.25
42.13
41.97
41.79
41.64
41.48
41.35
41.20
41.08
40.95
40.83
40.71
40.60
40.48
40.34
40.24
40.10
