70.80
70.51
70.29
70.03
69.82
69.38
69.14
68.67
68.31
68.05
67.56
67.09
66.91
66.50
66.14
65.76
65.40
65.20
64.78
64.36
63.91
63.52
63.17
62.77
62.54
62.06
61.73
61.40
61.02
60.68
60.43
60.10
59.77
59.51
59.24
58.87
58.57
58.32
58.08
58.08
57.96
57.76
57.50
57.28
57.04
56.78
56.57
56.38
56.25
56.14
55.99
55.82
55.65
55.49
55.35
55.20
55.09
54.97
54.86
54.73
54.59
54.42
54.29
54.20
54.09
53.87
53.76
53.48
53.35
53.13
52.91
52.70
52.55
52.40
52.29
52.11
51.99
51.86
51.73
51.57
51.44
51.34
51.19
51.05
50.83
50.71
50.58
50.42
50.32
50.13
49.90
49.76
49.57
49.42
49.22
49.00
48.88
48.69
48.47
48.28
48.09
47.82
47.60
47.31
47.14
46.99
46.78
46.60
46.39
46.18
45.93
45.71
45.46
45.23
45.03
44.82
44.62
44.46
44.27
44.13
43.94
43.80
43.66
43.39
43.07
42.88
42.65
42.46
42.31
42.13
41.98
41.77
41.57
41.32
41.07
40.95
40.85
40.70
40.49
40.39
40.19
39.91
39.70
39.58
39.45
39.26
39.07
38.93
38.81
38.67
38.55
38.41
38.23
38.11
37.95
37.83
37.69
37.56
37.39
37.24
37.12
37.01
36.89
36.78
36.67
36.54
