71.54
71.28
71.08
70.84
70.59
70.28
69.93
69.57
69.16
68.84
68.55
68.22
67.94
67.67
67.37
67.03
66.72
66.40
66.09
65.81
65.52
65.18
64.88
64.56
64.21
63.84
63.58
63.30
63.03
62.75
62.44
62.07
61.74
61.45
61.09
60.74
60.43
60.19
59.92
59.59
59.27
58.96
58.67
58.32
57.97
57.67
57.38
57.18
56.98
56.70
56.44
56.19
55.94
55.67
55.43
55.16
54.86
54.63
54.38
54.14
53.89
53.67
53.43
53.15
52.86
52.64
52.26
52.00
51.63
51.36
51.03
50.77
50.55
50.30
50.08
49.89
49.61
49.33
49.09
48.89
48.70
48.45
48.21
47.92
47.71
47.46
47.22
47.00
46.73
46.45
46.17
45.85
45.57
45.26
44.99
44.74
44.50
44.25
43.99
43.72
43.34
43.04
42.65
42.45
42.17
42.17
41.97
41.84
41.65
41.44
41.22
41.00
40.82
40.60
40.39
40.13
39.93
39.78
39.56
39.41
39.17
39.02
38.86
38.57
38.38
38.16
37.93
37.72
37.51
37.26
37.14
36.88
36.67
36.51
36.25
36.14
36.02
35.87
35.66
35.55
35.36
35.08
34.92
34.79
34.63
34.50
34.28
34.15
34.01
33.85
33.71
33.57
33.38
33.25
33.11
32.96
32.85
32.70
32.56
32.44
32.34
32.24
32.15
32.01
31.90
31.77
