70.65
70.42
70.21
69.96
69.68
69.40
69.10
69.10
68.98
68.69
68.52
68.32
68.08
67.83
67.61
67.44
67.18
66.95
66.76
66.59
66.33
66.15
65.90
65.63
65.42
65.19
64.96
64.72
64.55
64.34
64.11
63.86
63.59
63.34
63.15
62.93
62.73
62.51
62.39
62.21
62.04
61.87
61.67
61.47
61.19
60.94
60.74
60.53
60.40
60.24
60.03
59.83
59.72
59.54
59.40
59.26
59.11
58.86
58.75
58.59
58.48
58.33
58.20
57.94
57.85
57.67
57.55
57.34
57.20
56.97
56.77
56.56
56.42
56.32
56.21
56.03
55.92
55.78
55.67
55.57
55.48
55.40
55.28
55.12
54.87
54.78
54.64
54.49
54.38
54.23
54.03
53.85
53.68
53.50
53.36
53.16
53.01
52.89
52.65
52.51
52.33
52.06
51.91
51.64
51.53
51.32
51.11
50.98
50.78
50.53
50.29
50.05
49.77
49.58
49.35
49.11
48.93
48.77
48.56
48.39
48.15
47.93
47.80
47.57
47.39
47.23
47.02
46.81
46.64
46.41
46.27
46.04
45.84
45.64
45.42
45.27
45.13
44.95
44.71
44.61
44.37
44.07
43.92
43.80
43.69
43.55
43.32
43.17
43.08
42.97
42.86
42.73
42.55
42.43
42.25
42.08
41.96
41.84
41.70
41.58
41.49
41.37
41.21
41.08
40.98
40.86
