71.28
71.05
70.83
70.59
70.19
69.78
69.42
68.98
68.56
68.15
67.82
67.60
67.27
66.99
66.68
66.30
65.98
65.71
65.37
65.05
64.78
64.46
64.17
63.85
63.48
63.10
62.82
62.55
62.24
61.94
61.64
61.33
61.04
60.76
60.41
60.07
59.76
59.50
59.06
58.70
58.34
57.96
57.47
57.12
56.69
56.26
56.07
55.86
55.64
55.41
55.16
54.94
54.70
54.47
54.22
53.93
53.59
53.38
53.15
52.92
52.65
52.42
52.18
51.96
51.68
51.48
51.48
51.24
51.10
50.90
50.74
50.51
50.34
50.24
50.08
49.94
49.85
49.70
49.57
49.44
49.34
49.19
49.01
48.81
48.69
48.58
48.44
48.31
48.22
48.04
47.87
47.72
47.51
47.34
47.16
47.00
46.80
46.60
46.46
46.30
46.06
45.77
45.57
45.31
45.20
45.03
44.77
44.65
44.46
44.21
43.99
43.78
43.55
43.26
43.05
42.81
42.62
42.47
42.26
42.09
41.90
41.79
41.66
41.43
41.28
41.10
40.90
40.72
40.57
40.40
40.28
40.12
39.91
39.68
39.42
39.29
39.19
39.00
38.79
38.68
38.47
38.30
38.12
37.97
37.84
37.67
37.52
37.42
37.31
37.18
37.05
36.89
36.76
36.61
36.48
36.34
36.22
36.10
35.95
35.81
35.68
35.57
35.46
35.32
35.21
35.10
