71.12
70.88
70.65
70.39
70.21
69.83
69.48
69.20
68.78
68.47
68.15
67.82
67.51
67.14
66.84
66.41
66.06
65.69
65.34
65.07
64.73
64.40
64.07
63.72
63.41
63.07
62.77
62.49
62.18
61.86
61.32
60.92
60.54
60.14
59.78
59.36
59.12
58.89
58.65
58.33
58.00
57.66
57.36
57.36
57.19
56.95
56.79
56.56
56.41
56.30
56.10
55.91
55.75
55.60
55.43
55.32
55.13
54.92
54.80
54.67
54.53
54.37
54.23
54.07
53.92
53.71
53.61
53.40
53.05
52.66
52.25
52.14
51.97
51.85
51.73
51.51
51.40
51.25
51.12
50.97
50.86
50.70
50.57
50.39
50.20
50.09
49.97
49.81
49.69
49.48
49.26
49.17
48.95
48.78
48.54
48.32
48.19
47.97
47.80
47.64
47.46
47.18
47.02
46.75
46.64
46.47
46.24
46.11
45.87
45.58
45.36
45.18
44.95
44.77
44.55
44.30
44.12
44.01
43.80
43.63
43.44
43.30
43.16
42.91
42.67
42.50
42.29
42.09
41.94
41.72
41.59
41.36
41.13
40.94
40.72
40.63
40.50
40.34
40.14
40.04
39.86
39.59
39.42
39.30
39.19
39.01
38.79
38.68
38.51
38.40
38.27
38.12
38.00
37.85
37.67
37.52
37.39
37.26
37.17
37.04
36.92
36.82
36.73
36.59
36.48
36.35
