141.36
141.12
140.92
140.71
140.35
140.14
139.87
139.56
139.27
138.95
138.67
138.34
138.02
137.65
137.30
136.86
136.55
136.17
135.98
135.63
135.27
134.87
134.54
134.24
133.88
133.58
133.38
133.16
132.90
132.68
132.45
132.18
131.95
131.73
131.43
131.10
130.79
130.46
130.15
129.85
129.61
129.33
129.11
128.81
128.50
128.17
127.97
127.64
127.45
127.09
126.89
126.62
126.33
126.08
125.79
125.59
125.39
125.12
124.81
124.53
124.22
124.02
123.77
123.55
123.30
123.10
122.87
122.67
122.45
122.22
122.01
121.80
121.58
121.37
121.17
120.87
120.66
120.46
120.04
119.81
119.60
119.26
119.07
118.72
118.51
118.22
117.90
117.65
117.43
117.21
116.98
116.79
116.50
116.32
116.11
115.86
115.63
115.41
115.21
115.00
114.80
114.57
114.35
114.14
113.85
113.65
113.40
113.20
112.94
112.73
112.51
112.29
112.03
111.84
111.65
111.40
111.20
111.02
110.70
110.51
110.30
110.30
110.18
110.05
109.91
109.78
109.67
109.56
109.39
109.29
109.19
109.08
108.95
108.85
108.74
108.64
108.56
108.47
108.39
108.19
108.07
107.98
107.88
107.69
107.56
107.43
107.28
107.19
107.09
106.96
106.82
106.73
106.63
106.53
106.42
106.29
106.11
105.99
105.87
105.74
105.62
105.51
105.42
105.30
105.19
105.07
104.96
104.85
104.71
