55.81
55.61
55.41
55.18
54.89
54.70
54.42
53.98
53.75
53.30
52.96
52.76
52.25
51.91
51.91
51.62
51.32
50.98
50.65
50.37
50.09
49.72
49.60
49.42
49.24
49.01
48.81
48.59
48.48
48.34
48.25
48.09
47.94
47.79
47.67
47.46
47.23
47.02
46.82
46.63
46.48
46.34
46.14
46.01
45.80
45.59
45.38
45.27
45.07
44.98
44.75
44.60
44.41
44.19
44.04
43.88
43.80
43.70
43.49
43.33
43.11
42.95
42.81
42.70
42.60
42.44
42.32
42.18
42.03
41.90
41.77
41.67
41.54
41.42
41.31
41.13
41.04
40.86
40.78
40.55
40.32
40.19
40.06
39.82
39.70
39.50
39.39
39.15
38.97
38.73
38.63
38.51
38.41
38.29
38.08
37.96
37.84
37.75
37.59
37.47
37.37
37.24
37.12
37.02
36.90
36.73
36.64
36.48
36.38
36.24
36.12
36.00
35.89
35.73
35.63
35.54
35.41
35.28
35.18
35.00
34.90
34.79
34.60
34.49
34.37
34.23
34.10
33.98
33.82
33.69
33.56
33.45
33.34
33.24
33.13
33.01
32.90
32.79
32.68
32.53
32.41
32.32
32.19
32.02
31.89
31.76
31.64
31.52
31.40
31.30
31.17
31.10
30.98
30.85
30.76
30.63
30.50
30.38
30.30
30.19
30.05
29.95
29.83
29.72
29.60
29.49
29.40
29.31
29.17
