113.40
113.21
113.00
112.77
112.44
112.22
111.92
111.65
111.31
110.81
110.46
110.11
109.88
109.61
109.22
108.73
108.48
108.06
107.69
107.26
107.03
106.70
106.38
106.09
105.76
105.45
105.16
104.95
104.70
104.49
104.25
103.97
103.75
103.52
103.08
102.89
102.45
102.14
101.83
101.61
101.30
101.10
100.84
100.58
100.20
99.88
99.66
99.34
99.15
98.79
98.56
98.30
97.94
97.68
97.38
97.16
96.96
96.65
96.34
96.08
95.76
95.55
95.35
95.14
94.93
94.73
94.49
94.28
94.09
93.85
93.63
93.41
93.19
92.98
92.71
92.54
92.24
91.92
91.64
91.45
91.24
91.01
90.70
90.46
90.14
89.94
89.60
89.19
88.97
88.77
88.54
88.35
88.15
87.88
87.68
87.44
87.22
86.94
86.73
86.53
86.31
86.09
85.88
85.63
85.38
85.20
84.94
84.74
84.49
84.21
83.99
83.80
83.53
83.31
83.11
82.90
82.65
82.44
82.21
81.99
81.78
81.50
81.28
81.05
80.83
80.60
80.38
80.08
79.87
79.66
79.41
79.20
79.01
78.80
78.58
78.35
78.12
77.92
77.92
77.83
77.72
77.61
77.51
77.35
77.23
77.14
77.01
76.92
76.83
76.72
76.60
76.47
76.36
76.26
76.14
76.03
75.91
75.81
75.71
75.59
75.48
75.38
75.28
75.18
75.07
74.98
74.89
74.78
