125.76
125.53
125.31
125.10
124.76
124.56
124.29
123.84
123.52
123.26
122.97
122.75
122.42
122.10
121.74
121.33
121.00
120.62
120.32
120.01
119.80
119.50
119.18
118.86
118.60
118.31
118.02
117.80
117.54
117.32
117.09
116.81
116.60
116.37
116.09
115.76
115.47
115.20
114.90
114.61
114.39
114.06
113.83
113.57
113.25
112.92
112.72
112.35
112.13
111.80
111.57
111.30
110.97
110.72
110.47
110.25
109.94
109.61
109.32
109.01
108.80
108.55
108.31
108.07
107.85
107.65
107.41
107.18
106.92
106.70
106.49
106.29
106.08
105.88
105.60
105.40
105.14
104.95
104.59
104.26
104.04
103.84
103.51
103.29
102.99
102.77
102.44
102.11
101.80
101.58
101.33
101.14
100.94
100.62
100.41
100.20
100.00
99.72
99.51
99.33
99.09
98.87
98.67
98.47
98.18
97.96
97.96
97.86
97.75
97.60
97.40
97.31
97.23
97.07
96.97
96.88
96.77
96.64
96.53
96.39
96.27
96.14
95.94
95.82
95.67
95.56
95.44
95.32
95.16
95.06
94.97
94.85
94.73
94.64
94.54
94.43
94.33
94.23
94.13
94.00
93.90
93.80
93.69
93.54
93.40
93.26
93.14
93.04
92.93
92.81
92.67
92.54
92.44
92.31
92.19
92.11
91.96
91.84
91.73
91.63
91.51
91.42
91.31
91.19
91.08
90.98
90.88
90.72
90.61
