136.62
136.38
136.15
135.93
135.59
135.40
135.08
134.74
134.42
134.10
133.83
133.57
133.27
132.92
132.68
132.30
131.98
131.67
131.33
130.98
130.64
130.33
130.06
129.76
129.48
129.17
128.85
128.62
128.35
128.12
127.90
127.60
127.37
127.15
126.86
126.52
126.17
125.85
125.56
125.26
125.00
124.69
124.48
124.20
123.92
123.62
123.41
123.11
122.91
122.56
122.33
122.05
121.69
121.43
121.18
120.97
120.78
120.49
120.22
119.94
119.70
119.49
119.28
119.10
118.87
118.64
118.44
118.23
118.01
117.79
117.58
117.40
117.20
116.97
116.69
116.47
116.21
115.98
115.62
115.33
115.10
114.89
114.58
114.37
114.06
113.85
113.52
113.20
112.89
112.67
112.43
112.23
112.01
111.71
111.51
111.30
111.06
110.81
110.61
110.39
110.16
109.96
109.73
109.53
109.53
109.43
109.33
109.15
109.02
108.88
108.72
108.60
108.49
108.32
108.20
108.09
107.97
107.85
107.74
107.59
107.48
107.36
107.19
107.05
106.91
106.80
106.69
106.59
106.39
106.26
106.14
106.01
105.89
105.80
105.69
105.59
105.46
105.35
105.23
105.07
104.95
104.85
104.74
104.59
104.46
104.36
104.24
104.12
104.01
103.93
103.82
103.71
103.58
103.48
103.36
103.28
103.13
103.04
102.95
102.81
102.70
102.63
102.54
102.43
102.32
102.22
102.15
102.02
101.91
