143.02
142.81
142.57
142.25
142.03
141.81
141.51
141.21
140.88
140.55
140.22
139.95
139.63
139.30
138.99
138.61
138.27
137.95
137.62
137.31
137.04
136.73
136.40
136.11
135.74
135.43
135.10
134.85
134.59
134.38
134.14
133.87
133.65
133.40
133.08
132.78
132.43
132.15
131.87
131.60
131.34
131.03
130.72
130.43
130.08
129.88
129.67
129.37
129.15
128.84
128.60
128.30
128.02
127.74
127.48
127.27
127.06
126.80
126.52
126.22
125.94
125.71
125.49
125.25
125.02
124.80
124.57
124.35
124.12
123.91
123.71
123.51
123.32
123.12
122.86
122.68
122.38
122.18
121.85
121.51
121.31
121.11
120.80
120.55
120.23
120.02
119.76
119.46
119.12
118.90
118.68
118.48
118.28
117.97
117.77
117.55
117.38
117.11
116.90
116.70
116.50
116.29
116.06
115.86
115.60
115.41
115.18
114.98
114.98
114.90
114.75
114.65
114.54
114.35
114.22
114.09
113.97
113.86
113.74
113.57
113.47
113.34
113.17
113.05
112.92
112.80
112.68
112.59
112.45
112.32
112.23
112.06
111.95
111.84
111.73
111.63
111.52
111.41
111.31
111.17
111.07
110.93
110.81
110.65
110.53
110.41
110.29
110.19
110.09
109.96
109.85
109.72
109.64
109.53
109.40
109.30
109.16
109.05
108.94
108.82
108.70
108.58
108.48
108.39
108.28
108.18
108.07
107.93
107.83
