59.08
58.88
58.67
58.28
58.09
57.80
57.43
57.16
56.86
56.54
56.23
55.96
55.67
55.35
55.05
54.58
54.19
53.96
53.46
53.26
52.80
52.59
52.29
52.00
51.67
51.38
51.08
50.83
50.57
50.35
50.11
49.81
49.57
49.34
49.00
48.70
48.40
48.40
48.26
48.07
47.83
47.73
47.53
47.38
47.19
46.97
46.77
46.65
46.39
46.27
46.08
45.98
45.79
45.53
45.39
45.22
45.11
44.99
44.81
44.60
44.43
44.25
44.14
44.03
43.91
43.78
43.65
43.53
43.41
43.28
43.15
43.03
42.90
42.80
42.69
42.51
42.43
42.24
42.15
41.89
41.70
41.59
41.47
41.24
41.15
40.93
40.83
40.60
40.37
40.14
40.04
39.90
39.80
39.74
39.59
39.49
39.36
39.26
39.09
38.98
38.89
38.77
38.65
38.53
38.42
38.21
38.10
37.93
37.83
37.65
37.45
37.35
37.26
37.09
37.01
36.93
36.80
36.66
36.54
36.39
36.29
36.18
35.99
35.87
35.77
35.66
35.54
35.42
35.23
35.11
34.97
34.88
34.75
34.65
34.54
34.43
34.30
34.19
34.07
33.89
33.78
33.65
33.54
33.38
33.28
33.15
33.04
32.93
32.81
32.72
32.61
32.52
32.42
32.31
32.19
32.08
31.96
31.84
31.74
31.63
31.50
31.40
31.28
31.17
31.06
30.95
30.86
30.76
30.63
