92.24
92.04
91.80
91.59
91.26
91.07
90.77
90.31
89.88
89.54
89.21
88.89
88.66
88.33
87.98
87.61
87.29
86.99
86.70
86.36
86.03
85.70
85.43
85.14
84.83
84.51
84.22
83.99
83.74
83.55
83.31
83.04
82.83
82.62
82.30
81.99
81.66
81.33
81.03
80.71
80.52
80.21
79.84
79.49
79.11
78.90
78.68
78.35
78.14
77.83
77.63
77.33
77.03
76.77
76.51
76.28
75.95
75.56
75.24
74.87
74.65
74.43
74.21
73.98
73.75
73.54
73.32
73.10
72.86
72.63
72.41
72.19
71.97
71.75
71.51
71.31
71.04
70.83
70.52
70.21
70.01
69.82
69.51
69.31
69.00
68.80
68.46
68.10
67.79
67.59
67.35
67.13
66.90
66.59
66.37
66.14
65.96
65.70
65.48
65.25
65.02
64.81
64.61
64.40
64.15
63.93
63.66
63.44
63.17
62.90
62.70
62.51
62.26
62.03
61.81
61.57
61.35
61.15
60.90
60.69
60.44
60.17
59.94
59.69
59.47
59.26
59.03
59.03
58.91
58.78
58.67
58.56
58.45
58.35
58.24
58.13
58.01
57.90
57.77
57.58
57.46
57.35
57.24
57.04
56.90
56.77
56.66
56.55
56.43
56.30
56.18
56.06
55.98
55.87
55.74
55.63
55.50
55.37
55.25
55.13
55.03
54.92
54.77
54.67
54.56
54.45
54.36
54.28
54.18
