69.47
69.29
69.09
68.89
68.56
68.37
68.09
67.71
67.51
67.10
66.80
66.58
66.14
65.83
65.40
64.92
64.53
64.33
64.04
63.79
63.42
63.10
62.86
62.60
62.26
61.93
61.64
61.38
61.38
61.31
61.19
61.07
60.90
60.80
60.65
60.45
60.19
59.93
59.74
59.57
59.38
59.28
59.07
58.95
58.78
58.50
58.31
58.22
58.01
57.89
57.67
57.52
57.32
57.13
56.98
56.79
56.71
56.61
56.41
56.19
56.02
55.83
55.71
55.57
55.42
55.30
55.20
55.08
54.98
54.82
54.70
54.59
54.46
54.36
54.25
54.12
54.01
53.82
53.72
53.46
53.26
53.16
53.05
52.82
52.69
52.47
52.36
52.12
51.88
51.63
51.52
51.40
51.30
51.17
50.98
50.87
50.76
50.64
50.49
50.39
50.27
50.15
50.08
49.97
49.86
49.73
49.62
49.46
49.36
49.20
49.05
48.96
48.85
48.70
48.62
48.53
48.41
48.29
48.15
47.95
47.84
47.73
47.57
47.50
47.36
47.24
47.11
47.00
46.82
46.69
46.60
46.47
46.35
46.25
46.13
46.04
45.89
45.79
45.66
45.48
45.40
45.28
45.18
44.99
44.87
44.74
44.59
44.50
44.41
44.31
44.17
44.07
43.95
43.83
43.70
43.61
43.45
43.35
43.26
43.16
43.06
42.96
42.85
42.75
42.63
42.53
42.44
42.31
42.18
