77.74
77.51
77.29
77.07
76.71
76.51
76.23
75.91
75.56
75.23
74.89
74.60
74.13
73.74
73.51
73.10
72.78
72.42
72.08
71.74
71.41
70.99
70.64
70.29
69.87
69.51
69.28
69.08
68.83
68.60
68.40
68.12
67.91
67.50
67.29
66.82
66.64
66.33
66.05
65.78
65.56
65.28
65.04
64.78
64.41
64.09
63.87
63.53
63.32
63.00
62.59
62.28
62.04
61.79
61.79
61.68
61.59
61.48
61.28
61.07
60.90
60.70
60.60
60.47
60.36
60.20
60.10
59.98
59.84
59.69
59.56
59.44
59.36
59.25
59.13
58.99
58.87
58.66
58.55
58.34
58.13
58.01
57.91
57.70
57.59
57.39
57.27
57.02
56.83
56.58
56.47
56.33
56.22
56.12
55.89
55.79
55.65
55.56
55.40
55.29
55.18
55.06
54.94
54.80
54.70
54.56
54.46
54.32
54.22
54.06
53.89
53.78
53.68
53.52
53.41
53.29
53.18
53.05
52.92
52.73
52.63
52.54
52.33
52.21
52.09
51.97
51.85
51.73
51.55
51.45
51.33
51.18
51.09
51.00
50.85
50.75
50.63
50.51
50.42
50.26
50.15
50.03
49.93
49.79
49.68
49.56
49.42
49.33
49.23
49.11
48.98
48.87
48.74
48.63
48.52
48.40
48.28
48.16
48.06
47.94
47.84
47.74
47.62
47.49
47.36
47.22
47.14
47.02
46.91
