57.21
56.99
56.75
56.53
56.24
56.05
55.79
55.48
55.19
54.85
54.85
54.73
54.52
54.32
54.09
53.81
53.48
53.25
53.01
52.82
52.59
52.35
52.12
51.93
51.74
51.51
51.31
51.10
50.95
50.76
50.65
50.54
50.34
50.22
50.11
49.90
49.67
49.48
49.30
49.10
48.88
48.77
48.56
48.42
48.27
48.03
47.83
47.73
47.53
47.44
47.19
47.07
46.86
46.59
46.44
46.26
46.15
46.05
45.86
45.66
45.49
45.27
45.17
45.06
44.93
44.80
44.72
44.60
44.49
44.42
44.31
44.19
44.08
43.96
43.86
43.71
43.61
43.38
43.27
42.99
42.79
42.68
42.56
42.30
42.19
41.95
41.83
41.58
41.37
41.13
41.01
40.87
40.76
40.64
40.44
40.33
40.20
40.09
39.96
39.87
39.78
39.64
39.50
39.40
39.27
39.12
39.00
38.81
38.69
38.53
38.35
38.23
38.10
37.94
37.86
37.75
37.64
37.48
37.35
37.17
37.05
36.94
36.78
36.66
36.55
36.44
36.32
36.22
36.04
35.90
35.78
35.69
35.58
35.48
35.38
35.27
35.15
35.02
34.89
34.74
34.63
34.52
34.40
34.24
34.11
34.00
33.90
33.78
33.69
33.56
33.45
33.35
33.22
33.11
32.98
32.88
32.74
32.66
32.56
32.46
32.35
32.25
32.12
32.03
31.91
31.79
31.71
31.58
31.47
