1	18:52.553	143.02	111.03	90.26	57.21	141.36	136.62	77.74	125.76	92.01	88.07	113.40	69.13	79.47	55.81	57.00	59.08	92.24	69.47	85.60	132.66
2	18:52.828	142.81	110.84	90.04	56.99	141.12	136.38	77.51	125.53	91.84	87.84	113.21	68.93	79.24	55.61	56.78	58.88	92.04	69.29	85.39	132.47
3	18:53.054	142.57	110.64	89.83	56.75	140.92	136.15	77.29	125.31	91.62	87.61	113.00	68.73	79.02	55.41	56.56	58.67	91.80	69.09	85.18	132.27
4	18:53.325	142.25	110.41	89.63	56.53	140.71	135.93	77.07	125.10	91.40	87.39	112.77	68.52	78.78	55.18	56.35	58.28	91.59	68.89	84.97	132.05
5	18:53.742	142.03	110.08	89.31	56.24	140.35	135.59	76.71	124.76	91.08	87.06	112.44	68.18	78.42	54.89	56.04	58.09	91.26	68.56	84.67	131.72
6	18:53.961	141.81	109.75	89.12	56.05	140.14	135.40	76.51	124.56	90.90	86.85	112.22	67.98	78.21	54.70	55.69	57.80	91.07	68.37	84.47	131.52
7	18:54.354	141.51	109.43	88.77	55.79	139.87	135.08	76.23	124.29	90.53	86.58	111.92	67.62	77.92	54.42	55.48	57.43	90.77	68.09	84.21	131.24
8	18:54.890	141.21	109.11	88.46	55.48	139.56	134.74	75.91	123.84	90.22	86.26	111.65	67.27	77.45	53.98	55.05	57.16	90.31	67.71	83.92	130.92
9	18:55.183	140.88	108.77	88.18	55.19	139.27	134.42	75.56	123.52	89.89	85.90	111.31	66.96	77.10	53.75	54.70	56.86	89.88	67.51	83.60	130.60
10	18:55.738	140.55	108.51	87.88	54.85	138.95	134.10	75.23	123.26	89.57	85.57	110.81	66.68	76.73	53.30	54.47	56.54	89.54	67.10	83.30	130.24
11	18:56.112	140.22	108.21	87.54	54.85	138.67	133.83	74.89	122.97	89.27	85.26	110.46	66.38	76.41	52.96	54.02	56.23	89.21	66.80	82.97	129.94
12	18:56.371	139.95	107.90	87.24	54.73	138.34	133.57	74.60	122.75	88.92	84.98	110.11	66.04	76.17	52.76	53.65	55.96	88.89	66.58	82.49	129.66
13	18:56.945	139.63	107.62	86.90	54.52	138.02	133.27	74.13	122.42	88.69	84.61	109.88	65.70	75.87	52.25	53.26	55.67	88.66	66.14	82.29	129.43
14	18:57.334	139.30	107.28	86.57	54.32	137.65	132.92	73.74	122.10	88.40	84.30	109.61	65.26	75.55	51.91	52.90	55.35	88.33	65.83	81.94	129.12
16	18:57.434	138.99	106.97	86.21	54.09	137.30	132.68	73.51	121.74	87.98	83.93	109.22	64.85	75.19	51.91	52.50	55.05	87.98	65.40	81.47	128.80
17	18:57.837	138.61	106.57	85.81	53.81	136.86	132.30	73.10	121.33	87.68	83.54	108.73	64.44	74.79	51.62	52.50	54.58	87.61	64.92	81.17	128.30
18	18:58.362	138.27	106.25	85.48	53.48	136.55	131.98	72.78	121.00	87.24	83.22	108.48	64.09	74.44	51.32	52.18	54.19	87.29	64.53	80.72	128.08
19	18:58.817	137.95	105.91	85.12	53.25	136.17	131.67	72.42	120.62	86.91	82.87	108.06	63.73	74.07	50.98	51.87	53.96	86.99	64.33	80.36	127.73
20	18:59.233	137.62	105.60	84.81	53.01	135.98	131.33	72.08	120.32	86.60	82.56	107.69	63.53	73.75	50.65	51.54	53.46	86.70	64.04	79.99	127.43
21	18:59.638	137.31	105.18	84.46	52.82	135.63	130.98	71.74	120.01	86.30	82.21	107.26	63.18	73.44	50.37	51.19	53.26	86.36	63.79	79.61	127.10
22	19:00.040	137.04	104.88	84.16	52.59	135.27	130.64	71.41	119.80	85.99	81.91	107.03	62.88	73.13	50.09	50.90	52.80	86.03	63.42	79.20	126.81
23	19:00.471	136.73	104.68	83.85	52.35	134.87	130.33	70.99	119.50	85.80	81.59	106.70	62.57	72.81	49.72	50.80	52.59	85.70	63.10	79.00	126.49
24	19:00.690	136.40	104.34	83.54	52.12	134.54	130.06	70.64	119.18	85.47	81.30	106.38	62.28	72.50	49.60	50.57	52.29	85.43	62.86	78.72	126.20
25	19:01.105	136.11	103.84	83.22	51.93	134.24	129.76	70.29	118.86	85.16	80.99	106.09	61.98	72.23	49.42	50.34	52.00	85.14	62.60	78.41	125.90
26	19:01.468	135.74	103.61	82.88	51.74	133.88	129.48	69.87	118.60	84.79	80.67	105.76	61.66	71.85	49.24	49.93	51.67	84.83	62.26	78.10	125.52
27	19:01.925	135.43	103.29	82.59	51.51	133.58	129.17	69.51	118.31	84.46	80.34	105.45	61.36	71.50	49.01	49.85	51.38	84.51	61.93	77.78	125.18
28	19:02.321	135.10	102.99	82.28	51.31	133.38	128.85	69.28	118.02	84.18	80.02	105.16	61.06	71.20	48.81	49.63	51.08	84.22	61.64	77.49	124.89
29	19:02.729	134.85	102.74	82.06	51.10	133.16	128.62	69.08	117.80	83.98	79.80	104.95	60.87	70.98	48.59	49.43	50.83	83.99	61.38	77.24	124.69
30	19:03.004	134.59	102.47	81.80	50.95	132.90	128.35	68.83	117.54	83.75	79.52	104.70	60.63	70.72	48.48	49.32	50.57	83.74	61.38	76.98	124.42
31	19:03.306	134.38	102.27	81.58	50.76	132.68	128.12	68.60	117.32	83.53	79.30	104.49	60.44	70.50	48.34	49.18	50.35	83.55	61.31	76.74	124.21
32	19:03.560	134.14	102.04	81.36	50.65	132.45	127.90	68.40	117.09	83.28	79.06	104.25	60.17	70.25	48.25	49.06	50.11	83.31	61.19	76.53	123.97
33	19:03.846	133.87	101.74	81.08	50.54	132.18	127.60	68.12	116.81	82.99	78.77	103.97	60.17	69.96	48.09	48.95	49.81	83.04	61.07	76.24	123.71
34	19:04.205	133.65	101.53	80.88	50.34	131.95	127.37	67.91	116.60	82.77	78.55	103.75	60.06	69.74	47.94	48.77	49.57	82.83	60.90	76.00	123.48
35	19:04.485	133.40	101.30	80.63	50.22	131.73	127.15	67.50	116.37	82.54	78.33	103.52	59.91	69.50	47.79	48.65	49.34	82.62	60.80	75.79	123.26
36	19:04.757	133.08	101.01	80.31	50.11	131.43	126.86	67.29	116.09	82.27	78.04	103.08	59.59	69.19	47.67	48.51	49.00	82.30	60.65	75.29	122.94
37	19:05.154	132.78	100.69	80.01	49.90	131.10	126.52	66.82	115.76	81.96	77.70	102.89	59.48	68.83	47.46	48.27	48.70	81.99	60.45	75.10	122.62
38	19:05.597	132.43	100.37	79.70	49.67	130.79	126.17	66.64	115.47	81.64	77.38	102.45	59.09	68.49	47.23	48.02	48.40	81.66	60.19	74.62	122.26
39	19:06.028	132.15	100.08	79.37	49.48	130.46	125.85	66.33	115.20	81.35	77.06	102.14	58.96	68.49	47.02	47.77	48.40	81.33	59.93	74.25	121.95
40	19:06.415	131.87	99.80	79.03	49.30	130.15	125.56	66.05	114.90	81.04	76.73	101.83	58.76	68.35	46.82	47.56	48.26	81.03	59.74	73.90	121.66
41	19:06.810	131.60	99.53	78.74	49.10	129.85	125.26	65.78	114.61	80.79	76.41	101.61	58.57	68.16	46.63	47.38	48.07	80.71	59.57	73.67	121.38
42	19:07.197	131.34	99.31	78.52	48.88	129.61	125.00	65.56	114.39	80.55	76.20	101.30	58.34	68.00	46.48	47.22	47.83	80.52	59.38	73.27	121.14
43	19:07.465	131.03	99.00	78.21	48.77	129.33	124.69	65.28	114.06	80.28	75.89	101.10	58.25	67.84	46.34	47.06	47.73	80.21	59.28	73.11	120.83
44	19:07.865	130.72	98.75	78.00	48.56	129.11	124.48	65.04	113.83	80.05	75.68	100.84	58.03	67.64	46.14	46.84	47.53	79.84	59.07	72.85	120.61
45	19:08.146	130.43	98.45	77.71	48.42	128.81	124.20	64.78	113.57	79.78	75.38	100.58	57.89	67.51	46.01	46.70	47.38	79.49	58.95	72.57	120.31
46	19:08.489	130.08	98.13	77.40	48.27	128.50	123.92	64.41	113.25	79.47	75.08	100.20	57.74	67.33	45.80	46.51	47.19	79.11	58.78	72.24	120.02
47	19:08.903	129.88	97.83	77.11	48.03	128.17	123.62	64.09	112.92	79.14	74.77	99.88	57.51	67.10	45.59	46.28	46.97	78.90	58.50	71.92	119.71
48	19:09.327	129.67	97.62	76.90	47.83	127.97	123.41	63.87	112.72	78.72	74.56	99.66	57.30	66.88	45.38	46.09	46.77	78.68	58.31	71.72	119.49
49	19:09.556	129.37	97.26	76.57	47.73	127.64	123.11	63.53	112.35	78.53	74.26	99.34	57.18	66.56	45.27	45.97	46.65	78.35	58.22	71.42	119.14
50	19:09.988	129.15	97.05	76.35	47.53	127.45	122.91	63.32	112.13	78.15	74.05	99.15	57.02	66.43	45.07	45.71	46.39	78.14	58.01	71.21	118.90
51	19:10.226	128.84	96.77	76.01	47.44	127.09	122.56	63.00	111.80	77.95	73.72	98.79	56.92	66.12	44.98	45.57	46.27	77.83	57.89	70.88	118.63
52	19:10.653	128.60	96.52	75.81	47.19	126.89	122.33	62.59	111.57	77.75	73.50	98.56	56.71	65.98	44.75	45.33	46.08	77.63	57.67	70.62	118.32
53	19:10.929	128.30	96.25	75.52	47.07	126.62	122.05	62.28	111.30	77.42	73.20	98.30	56.61	65.84	44.60	45.20	45.98	77.33	57.52	70.32	118.04
54	19:11.310	128.02	95.92	75.21	46.86	126.33	121.69	62.04	110.97	77.09	72.84	97.94	56.44	65.63	44.41	44.99	45.79	77.03	57.32	69.98	117.84
55	19:11.731	127.74	95.66	74.96	46.59	126.08	121.43	61.79	110.72	76.83	72.59	97.68	56.28	65.41	44.19	44.82	45.53	76.77	57.13	69.98	117.57
56	19:12.064	127.48	95.40	74.69	46.44	125.79	121.18	61.79	110.47	76.56	72.33	97.38	56.11	65.25	44.04	44.68	45.39	76.51	56.98	69.87	117.28
57	19:12.376	127.27	95.19	74.48	46.26	125.59	120.97	61.68	110.25	76.38	72.12	97.16	55.95	65.09	43.88	44.51	45.22	76.28	56.79	69.72	117.09
58	19:12.617	127.06	94.98	74.28	46.15	125.39	120.78	61.59	109.94	76.17	71.91	96.96	55.84	65.00	43.80	44.40	45.11	75.95	56.71	69.63	116.88
59	19:12.857	126.80	94.71	73.99	46.05	125.12	120.49	61.48	109.61	75.88	71.62	96.65	55.76	64.90	43.70	44.30	44.99	75.56	56.61	69.52	116.58
60	19:13.241	126.52	94.45	73.67	45.86	124.81	120.22	61.28	109.32	75.62	71.33	96.34	55.59	64.70	43.49	44.11	44.81	75.24	56.41	69.33	116.29
61	19:13.625	126.22	94.16	73.40	45.66	124.53	119.94	61.07	109.01	75.32	71.06	96.08	55.37	64.54	43.33	43.91	44.60	74.87	56.19	69.10	116.03
62	19:14.015	125.94	93.86	73.14	45.49	124.22	119.70	60.90	108.80	75.03	70.77	95.76	55.17	64.37	43.11	43.71	44.43	74.65	56.02	68.88	115.72
63	19:14.397	125.71	93.66	72.92	45.27	124.02	119.49	60.70	108.55	74.84	70.57	95.55	54.95	64.15	42.95	43.52	44.25	74.43	55.83	68.68	115.47
64	19:14.653	125.49	93.42	72.71	45.17	123.77	119.28	60.60	108.31	74.64	70.36	95.35	54.82	64.04	42.81	43.41	44.14	74.21	55.71	68.57	115.26
65	19:14.934	125.25	93.21	72.47	45.06	123.55	119.10	60.47	108.07	74.42	70.16	95.14	54.70	63.92	42.70	43.26	44.03	73.98	55.57	68.46	115.02
66	19:15.208	125.02	93.00	72.25	44.93	123.30	118.87	60.36	107.85	74.19	69.93	94.93	54.59	63.81	42.60	43.11	43.91	73.75	55.42	68.33	114.76
67	19:15.493	124.80	92.78	72.02	44.80	123.10	118.64	60.20	107.65	73.99	69.74	94.73	54.47	63.67	42.44	43.01	43.78	73.54	55.30	68.20	114.57
68	19:15.730	124.57	92.56	71.82	44.72	122.87	118.44	60.10	107.41	73.77	69.52	94.49	54.37	63.56	42.32	42.89	43.65	73.32	55.20	68.08	114.33
69	19:16.001	124.35	92.34	71.57	44.60	122.67	118.23	59.98	107.18	73.55	69.28	94.28	54.24	63.42	42.18	42.78	43.53	73.10	55.08	67.94	114.10
70	19:16.281	124.12	92.10	71.32	44.49	122.45	118.01	59.84	106.92	73.31	69.07	94.09	54.12	63.30	42.03	42.64	43.41	72.86	54.98	67.82	113.89
71	19:16.548	123.91	91.88	71.11	44.42	122.22	117.79	59.69	106.70	73.10	68.86	93.85	53.97	63.18	41.90	42.53	43.28	72.63	54.82	67.69	113.65
72	19:16.814	123.71	91.67	70.91	44.31	122.01	117.58	59.56	106.49	72.91	68.65	93.63	53.85	63.05	41.77	42.41	43.15	72.41	54.70	67.58	113.44
73	19:17.052	123.51	91.47	70.70	44.19	121.80	117.40	59.44	106.29	72.69	68.43	93.41	53.75	62.93	41.67	42.28	43.03	72.19	54.59	67.45	113.24
74	19:17.321	123.32	91.25	70.47	44.08	121.58	117.20	59.36	106.08	72.47	68.22	93.19	53.64	62.82	41.54	42.15	42.90	71.97	54.46	67.35	113.04
75	19:17.571	123.12	91.01	70.26	43.96	121.37	116.97	59.25	105.88	72.27	68.03	92.98	53.54	62.72	41.42	42.04	42.80	71.75	54.36	67.22	112.83
76	19:17.821	122.86	90.75	69.99	43.86	121.17	116.69	59.13	105.60	72.04	67.79	92.71	53.42	62.62	41.31	41.92	42.69	71.51	54.25	67.10	112.60
77	19:18.170	122.68	90.55	69.79	43.71	120.87	116.47	58.99	105.40	71.86	67.59	92.54	53.26	62.47	41.13	41.77	42.51	71.31	54.12	66.97	112.24
78	19:18.389	122.38	90.28	69.52	43.61	120.66	116.21	58.87	105.14	71.58	67.28	92.24	53.16	62.38	41.04	41.69	42.43	71.04	54.01	66.87	112.03
79	19:18.797	122.18	90.08	69.33	43.38	120.46	115.98	58.66	104.95	71.26	67.07	91.92	52.95	62.18	40.86	41.46	42.24	70.83	53.82	66.68	111.85
80	19:19.015	121.85	89.73	68.94	43.27	120.04	115.62	58.55	104.59	70.88	66.73	91.64	52.83	62.06	40.78	41.36	42.15	70.52	53.72	66.58	111.36
81	19:19.477	121.51	89.39	68.63	42.99	119.81	115.33	58.34	104.26	70.64	66.45	91.45	52.60	61.85	40.55	41.14	41.89	70.21	53.46	66.34	111.12
82	19:19.890	121.31	89.19	68.42	42.79	119.60	115.10	58.13	104.04	70.45	66.24	91.24	52.38	61.66	40.32	40.94	41.70	70.01	53.26	66.10	110.92
83	19:20.127	121.11	88.97	68.21	42.68	119.26	114.89	58.01	103.84	70.20	66.03	91.01	52.29	61.54	40.19	40.81	41.59	69.82	53.16	66.02	110.58
84	19:20.395	120.80	88.68	67.89	42.56	119.07	114.58	57.91	103.51	69.84	65.71	90.70	52.21	61.41	40.06	40.72	41.47	69.51	53.05	65.92	110.38
85	19:20.812	120.55	88.46	67.69	42.30	118.72	114.37	57.70	103.29	69.60	65.48	90.46	52.03	61.18	39.82	40.56	41.24	69.31	52.82	65.75	109.97
86	19:21.101	120.23	88.16	67.39	42.19	118.51	114.06	57.59	102.99	69.30	65.18	90.14	51.91	61.02	39.70	40.43	41.15	69.00	52.69	65.63	109.78
87	19:21.517	120.02	87.95	67.16	41.95	118.22	113.85	57.39	102.77	69.09	64.96	89.94	51.70	60.77	39.50	40.19	40.93	68.80	52.47	65.42	109.39
88	19:21.747	119.76	87.68	66.88	41.83	117.90	113.52	57.27	102.44	68.73	64.61	89.60	51.59	60.67	39.39	40.07	40.83	68.46	52.36	65.32	109.03
89	19:22.201	119.46	87.35	66.60	41.58	117.65	113.20	57.02	102.11	68.26	64.30	89.19	51.35	60.44	39.15	39.82	40.60	68.10	52.12	65.08	108.68
90	19:22.637	119.12	87.00	66.23	41.37	117.43	112.89	56.83	101.80	68.05	63.93	88.97	51.10	60.23	38.97	39.61	40.37	67.79	51.88	64.82	108.48
91	19:23.062	118.90	86.78	66.02	41.13	117.21	112.67	56.58	101.58	67.84	63.72	88.77	50.86	60.00	38.73	39.36	40.14	67.59	51.63	64.59	108.27
92	19:23.322	118.68	86.56	65.78	41.01	116.98	112.43	56.47	101.33	67.60	63.47	88.54	50.75	59.90	38.63	39.25	40.04	67.35	51.52	64.51	108.04
93	19:23.605	118.48	86.36	65.57	40.87	116.79	112.23	56.33	101.14	67.39	63.27	88.35	50.63	59.75	38.51	39.12	39.90	67.13	51.40	64.38	107.83
94	19:23.839	118.28	86.14	65.34	40.76	116.50	112.01	56.22	100.94	67.20	63.07	88.15	50.53	59.63	38.41	38.99	39.80	66.90	51.30	64.28	107.47
95	19:24.093	117.97	85.84	65.07	40.64	116.32	111.71	56.12	100.62	66.91	62.80	87.88	50.42	59.53	38.29	38.89	39.74	66.59	51.17	64.19	107.27
96	19:24.478	117.77	85.64	64.87	40.44	116.11	111.51	55.89	100.41	66.70	62.57	87.68	50.19	59.32	38.08	38.65	39.59	66.37	50.98	63.98	107.04
97	19:24.729	117.55	85.41	64.65	40.33	115.86	111.30	55.79	100.20	66.50	62.36	87.44	50.08	59.22	37.96	38.54	39.49	66.14	50.87	63.88	106.87
98	19:24.993	117.38	85.19	64.43	40.20	115.63	111.06	55.65	100.00	66.28	62.13	87.22	49.98	59.10	37.84	38.43	39.36	65.96	50.76	63.76	106.64
99	19:25.231	117.11	84.94	64.20	40.09	115.41	110.81	55.56	99.72	66.05	62.13	86.94	49.86	58.97	37.75	38.31	39.26	65.70	50.64	63.63	106.40
100	19:25.543	116.90	84.75	64.00	39.96	115.21	110.61	55.40	99.51	65.84	62.04	86.73	49.69	58.84	37.59	38.14	39.09	65.48	50.49	63.48	106.20
101	19:25.789	116.70	84.52	63.79	39.87	115.00	110.39	55.29	99.33	65.62	61.93	86.53	49.59	58.72	37.47	38.04	38.98	65.25	50.39	63.39	106.02
102	19:26.051	116.50	84.30	63.57	39.78	114.80	110.16	55.18	99.09	65.42	61.81	86.31	49.47	58.61	37.37	37.95	38.89	65.02	50.27	63.28	105.80
103	19:26.285	116.29	84.09	63.35	39.64	114.57	109.96	55.06	98.87	65.16	61.72	86.09	49.34	58.52	37.24	37.83	38.77	64.81	50.15	63.17	105.58
104	19:26.552	116.06	83.91	63.13	39.50	114.35	109.73	54.94	98.67	64.96	61.61	85.88	49.24	58.37	37.12	37.72	38.65	64.61	50.08	63.06	105.35
105	19:26.798	115.86	83.69	62.92	39.40	114.14	109.53	54.80	98.47	64.75	61.49	85.63	49.12	58.31	37.02	37.60	38.53	64.40	49.97	62.95	105.14
106	19:27.073	115.60	83.44	62.71	39.27	113.85	109.53	54.70	98.18	64.52	61.39	85.38	49.01	58.17	36.90	37.48	38.42	64.15	49.86	62.86	104.89
107	19:27.401	115.41	83.25	62.48	39.12	113.65	109.43	54.56	97.96	64.30	61.24	85.20	48.82	58.00	36.73	37.30	38.21	63.93	49.73	62.72	104.68
108	19:27.670	115.18	82.98	62.20	39.00	113.40	109.33	54.46	97.96	64.03	61.13	84.94	48.70	57.89	36.64	37.20	38.10	63.66	49.62	62.63	104.39
109	19:27.990	114.98	82.78	61.98	38.81	113.20	109.15	54.32	97.86	63.81	60.97	84.74	48.57	57.71	36.48	37.06	37.93	63.44	49.46	62.42	104.18
110	19:28.227	114.98	82.56	61.71	38.69	112.94	109.02	54.22	97.75	63.56	60.87	84.49	48.45	57.59	36.38	36.95	37.83	63.17	49.36	62.30	103.89
111	19:28.559	114.90	82.29	61.71	38.53	112.73	108.88	54.06	97.60	63.32	60.73	84.21	48.29	57.43	36.24	36.81	37.65	62.90	49.20	62.14	103.61
112	19:28.874	114.75	82.10	61.62	38.35	112.51	108.72	53.89	97.40	63.13	60.58	83.99	48.10	57.26	36.12	36.66	37.45	62.70	49.05	61.97	103.43
113	19:29.145	114.65	81.88	61.52	38.23	112.29	108.60	53.78	97.31	62.94	60.47	83.80	47.98	57.13	36.00	36.54	37.35	62.51	48.96	61.83	103.22
114	19:29.395	114.54	81.59	61.39	38.10	112.03	108.49	53.68	97.23	62.68	60.35	83.53	47.86	57.03	35.89	36.40	37.26	62.26	48.85	61.71	103.22
115	19:29.742	114.35	81.38	61.23	37.94	111.84	108.32	53.52	97.07	62.46	60.18	83.31	47.67	56.85	35.73	36.22	37.09	62.03	48.70	61.54	103.11
116	19:29.990	114.22	81.17	61.16	37.86	111.65	108.20	53.41	96.97	62.23	60.07	83.11	47.57	56.73	35.63	36.12	37.01	61.81	48.62	61.43	103.00
117	19:30.249	114.09	80.96	61.05	37.75	111.40	108.09	53.29	96.88	62.03	59.96	82.90	47.47	56.61	35.54	36.02	36.93	61.57	48.53	61.32	102.90
118	19:30.511	113.97	80.74	60.94	37.64	111.20	107.97	53.18	96.77	61.81	59.83	82.65	47.33	56.50	35.41	35.91	36.80	61.35	48.41	61.20	102.78
119	19:30.793	113.86	80.52	60.84	37.48	111.02	107.85	53.05	96.64	61.61	59.72	82.44	47.22	56.35	35.28	35.78	36.66	61.15	48.29	61.07	102.66
120	19:31.072	113.74	80.25	60.71	37.35	110.70	107.74	52.92	96.53	61.61	59.61	82.21	47.11	56.23	35.18	35.66	36.54	60.90	48.15	60.96	102.54
121	19:31.413	113.57	80.04	60.51	37.17	110.51	107.59	52.73	96.39	61.53	59.44	81.99	46.96	56.11	35.00	35.52	36.39	60.69	47.95	60.83	102.36
122	19:31.667	113.47	79.84	60.40	37.05	110.30	107.48	52.63	96.27	61.45	59.33	81.78	46.86	56.00	34.90	35.41	36.29	60.44	47.84	60.70	102.25
123	19:31.905	113.34	79.54	60.29	36.94	110.30	107.36	52.54	96.14	61.35	59.22	81.50	46.74	55.88	34.79	35.32	36.18	60.17	47.73	60.57	102.12
124	19:32.237	113.17	79.33	60.11	36.78	110.18	107.19	52.33	95.94	61.18	59.02	81.28	46.57	55.69	34.60	35.17	35.99	59.94	47.57	60.41	101.96
125	19:32.497	113.05	79.09	59.98	36.66	110.05	107.05	52.21	95.82	61.05	58.94	81.05	46.43	55.56	34.49	35.04	35.87	59.69	47.50	60.29	101.82
126	19:32.763	112.92	78.89	59.87	36.55	109.91	106.91	52.09	95.67	60.91	58.82	80.83	46.30	55.42	34.37	34.91	35.77	59.47	47.36	60.18	101.73
127	19:33.029	112.80	78.65	59.77	36.44	109.78	106.80	51.97	95.56	60.80	58.69	80.60	46.18	55.31	34.23	34.80	35.66	59.26	47.24	60.05	101.62
128	19:33.299	112.68	78.45	59.64	36.32	109.67	106.69	51.85	95.44	60.67	58.55	80.38	46.06	55.21	34.10	34.66	35.54	59.03	47.11	59.94	101.54
129	19:33.594	112.59	78.14	59.55	36.22	109.56	106.59	51.73	95.32	60.55	58.43	80.08	45.94	55.10	33.98	34.53	35.42	59.03	47.00	59.84	101.42
130	19:33.927	112.45	77.90	59.35	36.04	109.39	106.39	51.55	95.16	60.37	58.25	79.87	45.76	54.92	33.82	34.37	35.23	58.91	46.82	59.67	101.28
131	19:34.195	112.32	77.66	59.25	35.90	109.29	106.26	51.45	95.06	60.26	58.13	79.66	45.65	54.79	33.69	34.25	35.11	58.78	46.69	59.57	101.18
132	19:34.451	112.23	77.46	59.15	35.78	109.19	106.14	51.33	94.97	60.14	58.04	79.41	45.53	54.66	33.56	34.12	34.97	58.67	46.60	59.47	101.08
133	19:34.739	112.06	77.23	58.99	35.69	109.08	106.01	51.18	94.85	60.03	57.92	79.20	45.38	54.53	33.45	34.02	34.88	58.56	46.47	59.34	100.97
134	19:35.001	111.95	77.04	58.87	35.58	108.95	105.89	51.09	94.73	59.93	57.80	79.01	45.26	54.41	33.34	33.90	34.75	58.45	46.35	59.23	100.87
135	19:35.220	111.84	76.83	58.77	35.48	108.85	105.80	51.00	94.64	59.82	57.68	78.80	45.18	54.30	33.24	33.81	34.65	58.35	46.25	59.10	100.78
136	19:35.485	111.73	76.62	58.68	35.38	108.74	105.69	50.85	94.54	59.71	57.58	78.58	45.05	54.20	33.13	33.71	34.54	58.24	46.13	58.96	100.66
137	19:35.714	111.63	76.40	58.59	35.27	108.64	105.59	50.75	94.43	59.61	57.48	78.35	44.95	54.08	33.01	33.60	34.43	58.13	46.04	58.87	100.57
138	19:35.992	111.52	76.17	58.43	35.15	108.56	105.46	50.63	94.33	59.47	57.34	78.12	44.81	53.97	32.90	33.51	34.30	58.01	45.89	58.75	100.45
139	19:36.239	111.41	75.96	58.31	35.02	108.47	105.35	50.51	94.23	59.37	57.25	77.92	44.70	53.84	32.79	33.38	34.19	57.90	45.79	58.65	100.33
140	19:36.505	111.31	75.72	58.19	34.89	108.39	105.23	50.42	94.13	59.23	57.14	77.92	44.60	53.71	32.68	33.28	34.07	57.77	45.66	58.55	100.22
141	19:36.818	111.17	75.52	58.02	34.74	108.19	105.07	50.26	94.00	59.05	56.98	77.83	44.45	53.55	32.53	33.14	33.89	57.58	45.48	58.39	100.07
142	19:37.117	111.07	75.32	57.89	34.63	108.07	104.95	50.15	93.90	58.94	56.87	77.72	44.32	53.44	32.41	33.01	33.78	57.46	45.40	58.28	99.96
143	19:37.346	110.93	75.13	57.78	34.52	107.98	104.85	50.03	93.80	58.84	56.75	77.61	44.25	53.34	32.32	32.88	33.65	57.35	45.28	58.16	99.85
144	19:37.601	110.81	75.13	57.67	34.40	107.88	104.74	49.93	93.69	58.71	56.65	77.51	44.14	53.25	32.19	32.78	33.54	57.24	45.18	58.03	99.73
145	19:37.925	110.65	75.00	57.49	34.24	107.69	104.59	49.79	93.54	58.53	56.50	77.35	43.98	53.09	32.02	32.59	33.38	57.04	44.99	57.89	99.58
146	19:38.183	110.53	74.87	57.36	34.11	107.56	104.46	49.68	93.40	58.39	56.40	77.23	43.84	52.98	31.89	32.46	33.28	56.90	44.87	57.78	99.47
147	19:38.478	110.41	74.73	57.25	34.00	107.43	104.36	49.56	93.26	58.25	56.27	77.14	43.73	52.86	31.76	32.35	33.15	56.77	44.74	57.66	99.33
148	19:38.737	110.29	74.60	57.13	33.90	107.28	104.24	49.42	93.14	58.13	56.19	77.01	43.61	52.72	31.64	32.23	33.04	56.66	44.59	57.56	99.21
149	19:38.982	110.19	74.51	57.03	33.78	107.19	104.12	49.33	93.04	58.04	56.08	76.92	43.51	52.63	31.52	32.13	32.93	56.55	44.50	57.46	99.10
150	19:39.217	110.09	74.39	56.92	33.69	107.09	104.01	49.23	92.93	57.94	55.98	76.83	43.40	52.52	31.40	32.00	32.81	56.43	44.41	57.37	98.99
151	19:39.458	109.96	74.28	56.81	33.56	106.96	103.93	49.11	92.81	57.83	55.88	76.72	43.29	52.43	31.30	31.89	32.72	56.30	44.31	57.26	98.86
152	19:39.745	109.85	74.15	56.68	33.45	106.82	103.82	48.98	92.67	57.69	55.76	76.60	43.17	52.30	31.17	31.76	32.61	56.18	44.17	57.14	98.75
153	19:39.992	109.72	74.03	56.57	33.35	106.73	103.71	48.87	92.54	57.60	55.64	76.47	43.06	52.20	31.10	31.62	32.52	56.06	44.07	57.03	98.65
154	19:40.225	109.64	73.92	56.43	33.22	106.63	103.58	48.74	92.44	57.49	55.53	76.36	42.96	52.07	30.98	31.51	32.42	55.98	43.95	56.92	98.53
155	19:40.534	109.53	73.80	56.32	33.11	106.53	103.48	48.63	92.31	57.40	55.43	76.26	42.85	51.94	30.85	31.41	32.31	55.87	43.83	56.82	98.44
156	19:40.765	109.40	73.68	56.17	32.98	106.42	103.36	48.52	92.19	57.27	55.31	76.14	42.74	51.83	30.76	31.28	32.19	55.74	43.70	56.70	98.29
157	19:41.029	109.30	73.57	56.02	32.88	106.29	103.28	48.40	92.11	57.17	55.20	76.03	42.61	51.70	30.63	31.16	32.08	55.63	43.61	56.56	98.15
158	19:41.349	109.16	73.42	55.82	32.74	106.11	103.13	48.28	91.96	57.04	55.04	75.91	42.45	51.55	30.50	30.99	31.96	55.50	43.45	56.37	98.00
159	19:41.597	109.05	73.32	55.69	32.66	105.99	103.04	48.16	91.84	56.91	54.94	75.81	42.33	51.45	30.38	30.89	31.84	55.37	43.35	56.26	97.90
160	19:41.832	108.94	73.24	55.58	32.56	105.87	102.95	48.06	91.73	56.84	54.85	75.71	42.20	51.33	30.30	30.77	31.74	55.25	43.26	56.15	97.80
161	19:42.094	108.82	73.13	55.46	32.46	105.74	102.81	47.94	91.63	56.73	54.73	75.59	42.09	51.19	30.19	30.66	31.63	55.13	43.16	56.04	97.67
162	19:42.341	108.70	73.02	55.34	32.35	105.62	102.70	47.84	91.51	56.59	54.59	75.48	42.00	51.07	30.05	30.54	31.50	55.03	43.06	55.90	97.55
163	19:42.579	108.58	72.90	55.23	32.25	105.51	102.63	47.74	91.42	56.49	54.48	75.38	41.91	50.97	29.95	30.44	31.40	54.92	42.96	55.81	97.46
164	19:42.840	108.48	72.77	55.12	32.12	105.42	102.54	47.62	91.31	56.37	54.36	75.28	41.80	50.85	29.83	30.33	31.28	54.77	42.85	55.70	97.35
165	19:43.087	108.39	72.66	55.01	32.03	105.30	102.43	47.49	91.19	56.24	54.25	75.18	41.69	50.73	29.72	30.23	31.17	54.67	42.75	55.58	97.24
166	19:43.361	108.28	72.53	54.88	31.91	105.19	102.32	47.36	91.08	56.12	54.12	75.07	41.57	50.62	29.60	30.12	31.06	54.56	42.63	55.49	97.11
167	19:43.590	108.18	72.42	54.76	31.79	105.07	102.22	47.22	90.98	56.03	54.03	74.98	41.48	50.54	29.49	30.00	30.95	54.45	42.53	55.39	96.99
168	19:43.831	108.07	72.32	54.66	31.71	104.96	102.15	47.14	90.88	55.94	53.95	74.89	41.40	50.44	29.40	29.91	30.86	54.36	42.44	55.30	96.89
169	19:44.089	107.93	72.19	54.57	31.58	104.85	102.02	47.02	90.72	55.82	53.82	74.78	41.27	50.31	29.31	29.78	30.76	54.28	42.31	55.20	96.79
	19:44.365	107.83	72.07	54.48	31.47	104.71	101.91	46.91	90.61	55.71	53.71		41.14	50.17	29.17	29.66	30.63	54.18	42.18	55.06	96.66
