89.32
89.12
88.90
88.69
88.48
88.28
88.06
87.74
87.41
87.09
86.78
86.47
85.99
85.65
85.30
85.11
84.75
84.41
84.07
83.73
83.41
83.19
82.86
82.65
82.42
82.13
81.83
81.53
81.18
80.88
80.56
80.24
79.93
79.67
79.29
78.95
78.63
78.33
78.01
77.73
77.45
77.15
76.95
76.77
76.50
76.19
75.90
75.67
75.46
75.24
74.97
74.64
74.42
74.21
74.00
73.69
73.36
72.97
72.65
72.34
72.02
71.68
71.36
71.03
70.72
70.47
70.12
69.80
69.51
69.17
68.83
68.50
68.21
67.93
67.59
67.27
67.08
66.85
66.63
66.42
66.21
66.00
65.80
65.60
65.39
65.19
64.98
64.73
64.52
64.30
63.99
63.68
63.40
63.08
62.83
62.53
62.34
62.34
62.18
62.03
61.81
61.57
61.34
61.11
60.84
60.62
60.38
60.25
60.13
60.01
59.90
59.75
59.65
59.50
59.32
59.21
59.09
58.97
58.78
58.58
58.45
58.37
58.29
58.18
58.07
57.91
57.79
57.68
57.57
57.46
57.37
57.24
57.14
57.06
56.88
56.78
56.62
56.53
56.44
56.33
56.23
56.14
56.05
55.95
55.83
55.72
55.62
55.49
55.40
55.27
55.13
55.01
54.91
54.80
54.70
54.59
54.49
54.39
54.28
54.16
54.01
53.85
53.76
53.65
53.53
53.42
53.33
53.23
53.10
53.01
52.90
52.81
52.69
52.58
52.40
52.30
52.20
52.06
51.94
51.84
51.74
51.62
51.52
51.42
51.30
51.22
51.12
51.04
50.93
50.83
50.74
50.63
50.53
50.44
50.33
50.23
50.11
50.02
49.90
49.81
49.67
49.55
49.44
49.32
49.19
49.09
48.98
48.86
48.75
48.64
48.55
48.46
48.37
48.27
48.13
48.05
47.91
47.81
47.70
47.58
47.49
47.36
47.28
47.14
47.02
46.94
46.81
46.71
46.59
46.48
46.36
46.23
46.12
46.01
45.90
45.79
45.67
45.54
45.43
45.35
45.20
