98.44
98.20
97.98
97.78
97.55
97.35
97.11
96.81
96.50
96.18
95.89
95.59
95.14
94.87
94.59
94.36
94.01
93.70
93.36
93.03
92.70
92.48
92.17
91.96
91.66
91.36
91.05
90.87
90.56
90.30
90.01
89.71
89.42
89.10
88.77
88.43
88.12
87.80
87.45
87.12
86.86
86.50
86.30
86.10
85.82
85.53
85.23
85.02
84.84
84.62
84.35
84.02
83.83
83.61
83.28
82.98
82.65
82.36
82.03
81.72
81.42
81.04
80.73
80.44
80.15
79.87
79.53
79.22
78.92
78.61
78.30
77.96
77.63
77.32
76.96
76.76
76.56
76.30
76.09
75.88
75.67
75.48
75.29
75.06
74.84
74.62
74.41
74.19
73.98
73.74
73.44
73.14
72.86
72.60
72.40
72.09
71.90
71.90
71.75
71.56
71.34
71.11
70.92
70.70
70.45
70.22
70.02
69.90
69.78
69.67
69.58
69.41
69.30
69.13
68.95
68.86
68.75
68.59
68.37
68.13
68.00
67.90
67.81
67.72
67.60
67.43
67.33
67.19
67.05
66.91
66.76
66.65
66.52
66.41
66.26
66.15
65.99
65.87
65.77
65.68
65.57
65.46
65.34
65.26
65.13
65.02
64.94
64.85
64.74
64.63
64.49
64.37
64.25
64.14
64.05
63.93
63.82
63.72
63.60
63.49
63.37
63.24
63.13
63.00
62.89
62.77
62.66
62.56
62.42
62.33
62.23
62.12
62.01
61.92
61.76
61.66
61.54
61.40
61.28
61.15
61.06
60.95
60.86
60.72
60.63
60.53
60.43
60.34
60.25
60.15
60.04
59.92
59.82
59.68
59.58
59.49
59.41
59.28
59.22
59.12
58.98
58.87
58.75
58.65
58.52
58.40
58.29
58.18
58.06
57.96
57.87
57.78
57.69
57.58
57.43
57.31
57.17
57.09
56.99
56.89
56.80
56.66
56.55
56.42
56.28
56.18
56.07
55.97
55.84
55.73
55.58
55.49
55.38
55.25
55.11
55.02
54.87
54.77
54.67
54.52
54.39
