86.54
86.29
86.11
85.90
85.68
85.50
85.30
84.97
84.66
84.31
84.00
83.68
83.24
82.97
82.63
82.45
82.09
81.76
81.42
81.08
80.77
80.58
80.25
80.02
79.83
79.50
79.18
78.89
78.61
78.35
78.04
77.74
77.36
77.08
76.79
76.51
76.21
75.90
75.66
75.28
75.08
74.73
74.55
74.37
74.10
73.81
73.50
73.29
73.07
72.71
72.33
72.13
71.90
71.69
71.46
71.13
70.73
70.40
70.10
69.75
69.38
69.04
68.66
68.31
67.99
67.62
67.28
67.09
66.73
66.38
66.02
65.73
65.40
65.05
64.76
64.45
64.24
64.02
63.80
63.58
63.40
63.20
62.99
62.78
62.56
62.35
62.15
61.91
61.69
61.47
61.16
60.82
60.54
60.23
59.99
59.67
59.46
59.15
58.84
58.56
58.26
57.94
57.66
57.35
57.05
56.77
56.58
56.40
56.21
56.01
55.74
55.54
55.54
55.42
55.28
55.18
55.05
54.90
54.47
54.37
54.24
54.15
54.05
53.96
53.85
53.68
53.58
53.47
53.35
53.22
53.10
52.95
52.85
52.74
52.56
52.47
52.31
52.18
52.09
52.02
51.92
51.83
51.74
51.63
51.52
51.43
51.34
51.24
51.15
51.02
50.93
50.84
50.70
50.57
50.49
50.39
50.30
50.18
50.08
49.96
49.82
49.67
49.54
49.42
49.28
49.16
49.06
48.94
48.80
48.70
48.58
48.47
48.32
48.19
48.04
47.95
47.86
47.75
47.65
47.55
47.43
47.34
47.24
47.15
47.03
46.95
46.84
46.71
46.60
46.50
46.40
46.30
46.18
46.03
45.95
45.85
45.75
45.64
45.54
45.42
45.29
45.18
45.09
44.97
44.91
44.79
44.67
44.57
44.45
44.33
44.23
44.14
44.02
43.94
43.78
43.68
43.52
43.40
43.28
43.17
43.07
42.97
42.89
42.76
42.64
42.53
42.42
42.32
42.20
42.09
41.99
41.88
41.76
41.64
41.51
41.41
41.32
41.22
41.13
40.98
40.84
