86.22
85.99
85.78
85.59
85.37
85.15
84.95
84.64
84.32
84.01
83.72
83.39
83.08
82.76
82.46
82.17
81.83
81.51
81.19
80.88
80.58
80.36
80.03
79.81
79.63
79.31
79.01
78.69
78.37
78.07
77.77
77.46
77.14
76.84
76.52
76.24
75.93
75.59
75.22
74.88
74.58
74.29
74.10
73.90
73.62
73.32
73.02
72.82
72.62
72.39
72.11
71.80
71.63
71.43
71.23
70.92
70.57
70.16
69.84
69.48
69.15
68.80
68.49
68.17
67.85
67.52
67.20
66.86
66.55
66.26
65.88
65.55
65.26
64.91
64.59
64.26
64.06
63.79
63.59
63.38
63.16
62.94
62.72
62.51
62.28
62.09
61.88
61.64
61.43
61.23
60.92
60.59
60.33
60.08
59.88
59.59
59.37
59.06
58.73
58.41
58.06
57.76
57.48
57.20
56.89
56.58
56.37
56.18
55.97
55.76
55.50
55.29
54.99
54.69
54.46
54.25
53.98
53.71
53.38
53.16
52.97
52.75
52.53
52.30
52.30
52.20
52.11
51.97
51.83
51.67
51.58
51.46
51.36
51.28
51.12
51.02
50.85
50.74
50.65
50.56
50.45
50.32
50.21
50.11
49.98
49.88
49.80
49.67
49.54
49.44
49.32
49.24
49.13
49.00
48.90
48.79
48.64
48.53
48.43
48.32
48.21
48.09
47.98
47.84
47.73
47.63
47.54
47.45
47.36
47.27
47.13
47.01
46.89
46.77
46.68
46.60
46.51
46.39
46.28
46.17
46.08
45.97
45.86
45.76
45.65
45.55
45.46
45.34
45.23
45.12
45.02
44.90
44.78
44.67
44.56
44.47
44.37
44.30
44.21
44.11
44.00
43.90
43.77
43.64
43.52
43.39
43.28
43.17
43.07
42.96
42.87
42.77
42.64
42.52
42.36
42.26
42.12
42.01
41.90
41.82
41.70
41.57
41.47
41.35
41.25
41.15
41.03
40.93
40.81
40.71
40.58
40.48
40.38
40.26
40.12
40.02
39.90
39.80
39.70
39.56
39.42
