68.04
67.82
67.60
67.38
67.14
66.93
66.73
66.44
66.11
65.76
65.45
65.14
64.67
64.31
64.09
63.64
63.64
63.55
63.10
62.81
62.70
62.48
62.35
62.12
61.99
61.90
61.70
61.49
61.31
61.11
60.92
60.72
60.45
60.26
60.04
59.83
59.65
59.42
59.18
58.94
58.78
58.56
58.30
58.19
58.08
57.90
57.69
57.48
57.38
57.26
57.15
56.95
56.78
56.68
56.57
56.45
56.23
55.97
55.71
55.49
55.25
55.03
54.77
54.56
54.37
54.19
54.02
53.77
53.55
53.31
53.12
52.84
52.61
52.39
52.13
51.92
51.68
51.57
51.48
51.37
51.25
51.13
51.02
50.92
50.80
50.70
50.59
50.48
50.33
50.22
50.14
49.93
49.72
49.54
49.39
49.25
49.03
48.93
48.72
48.49
48.24
48.05
47.85
47.62
47.39
47.18
46.99
46.91
46.81
46.68
46.57
46.40
46.28
46.10
45.91
45.81
45.69
45.53
45.36
45.14
45.02
44.90
44.78
44.67
44.54
44.37
44.27
44.14
43.98
43.84
43.72
43.60
43.50
43.39
43.22
43.10
42.93
42.83
42.73
42.61
42.50
42.41
42.32
42.21
42.07
41.96
41.87
41.76
41.64
41.54
41.44
41.35
41.26
41.15
41.04
40.93
40.83
40.73
40.63
40.53
40.39
40.26
40.14
40.02
39.91
39.78
39.66
39.53
39.41
39.30
39.18
39.04
38.92
38.83
38.70
38.60
38.49
38.39
38.29
38.20
38.10
38.00
37.88
37.74
37.65
37.56
37.47
37.33
37.22
37.12
37.01
36.89
36.78
36.67
36.54
36.45
36.34
36.24
36.13
36.03
35.91
35.79
35.68
35.57
35.42
35.31
35.21
35.09
34.99
34.86
34.77
34.68
34.54
34.42
34.30
34.20
34.09
33.99
33.88
33.77
33.67
33.55
33.43
33.34
33.21
33.11
33.00
32.91
32.79
32.68
32.55
32.42
32.34
32.21
32.08
31.99
31.85
31.75
31.64
31.48
31.37
