81.98
81.75
81.52
81.31
81.07
80.85
80.55
80.27
79.99
79.76
79.40
79.19
78.82
78.50
78.19
77.85
77.50
77.17
76.80
76.45
76.13
75.92
75.63
75.41
75.21
74.91
74.60
74.28
73.95
73.66
73.34
72.90
72.51
72.16
71.75
71.42
71.07
70.67
70.38
70.01
69.72
69.48
69.25
69.04
68.75
68.47
68.17
67.98
67.78
67.56
67.26
66.97
66.75
66.53
66.33
66.03
65.72
65.21
64.89
64.66
64.35
64.03
63.70
63.36
63.03
62.70
62.22
61.99
61.66
61.37
60.98
60.64
60.31
60.02
59.70
59.37
59.18
58.93
58.73
58.52
58.30
58.06
57.86
57.65
57.46
57.26
57.04
56.82
56.58
56.38
56.06
55.77
55.45
55.15
54.94
54.59
54.41
54.13
53.81
53.48
53.14
52.81
52.47
52.20
51.89
51.62
51.40
51.22
50.99
50.80
50.52
50.35
50.03
50.03
49.94
49.84
49.72
49.56
49.39
49.15
49.02
48.91
48.80
48.68
48.56
48.37
48.28
48.15
48.02
47.87
47.77
47.65
47.53
47.39
47.25
47.16
46.99
46.87
46.75
46.66
46.55
46.45
46.36
46.24
46.12
45.99
45.88
45.77
45.67
45.56
45.46
45.35
45.23
45.12
45.01
44.90
44.82
44.72
44.63
44.55
44.44
44.29
44.17
44.06
43.95
43.85
43.76
43.64
43.55
43.45
43.36
43.26
43.13
43.02
42.89
42.76
42.65
42.50
42.42
42.30
42.21
42.10
41.99
41.88
41.77
41.68
41.57
41.44
41.35
41.24
41.15
41.03
40.90
40.78
40.66
40.55
40.45
40.35
40.26
40.17
40.03
39.93
39.81
39.68
39.53
39.43
39.33
39.21
39.10
38.99
38.88
38.78
38.64
38.52
38.38
38.27
38.15
38.06
37.95
37.84
37.73
37.63
37.54
37.45
37.35
37.22
37.14
37.03
36.88
36.78
36.68
36.56
36.46
36.34
36.20
36.10
35.99
35.89
35.80
35.65
35.54
