83.69
83.48
83.27
83.05
82.86
82.67
82.47
82.18
81.87
81.51
81.16
80.86
80.40
80.08
79.72
79.52
79.15
78.83
78.51
78.22
77.85
77.65
77.28
77.08
76.74
76.43
76.12
75.79
75.50
75.20
74.86
74.65
74.32
74.03
73.72
73.45
73.13
72.81
72.43
72.13
71.83
71.46
71.24
71.03
70.75
70.38
70.09
69.90
69.69
69.47
69.20
68.87
68.68
68.46
68.26
67.97
67.69
67.34
67.02
66.65
66.35
65.96
65.65
65.33
65.04
64.75
64.38
64.05
63.76
63.42
63.07
62.72
62.42
62.12
61.83
61.54
61.35
61.08
60.87
60.67
60.45
60.23
60.01
59.80
59.60
59.39
59.18
58.95
58.72
58.49
58.17
57.83
57.58
57.26
57.07
56.76
56.53
56.18
55.87
55.57
55.28
54.99
54.69
54.35
54.10
53.85
53.64
53.45
53.23
53.01
52.75
52.53
52.23
51.94
51.75
51.54
51.27
51.27
51.17
50.94
50.84
50.73
50.62
50.52
50.43
50.28
50.19
50.08
49.96
49.87
49.75
49.65
49.54
49.46
49.32
49.21
49.03
48.92
48.82
48.71
48.60
48.48
48.36
48.27
48.14
48.06
47.96
47.85
47.74
47.62
47.49
47.38
47.27
47.19
47.09
46.98
46.84
46.74
46.64
46.52
46.39
46.24
46.14
46.04
45.94
45.85
45.73
45.63
45.52
45.42
45.31
45.23
45.12
45.02
44.88
44.80
44.67
44.57
44.44
44.33
44.22
44.10
43.99
43.88
43.80
43.70
43.57
43.48
43.38
43.28
43.18
43.07
42.96
42.82
42.73
42.63
42.49
42.37
42.24
42.10
42.01
41.89
41.80
41.68
41.54
41.41
41.28
41.19
41.08
40.98
40.87
40.76
40.62
40.52
40.41
40.30
40.16
40.06
39.95
39.85
39.76
39.62
39.52
39.41
39.31
39.21
39.12
39.03
38.91
38.78
38.69
38.58
38.49
38.39
38.29
38.18
38.08
37.98
37.87
37.73
37.57
