71.84
71.60
71.42
71.22
70.99
70.80
70.62
70.32
70.00
69.71
69.44
69.15
68.81
68.51
68.21
67.89
67.51
67.19
66.81
66.48
66.12
65.91
65.60
65.40
65.05
64.72
64.38
64.01
63.66
63.34
62.99
62.76
62.42
62.13
61.79
61.42
61.08
60.77
60.32
60.13
59.68
59.49
59.28
59.09
58.82
58.82
58.66
58.44
58.34
58.23
58.12
57.91
57.69
57.58
57.49
57.37
57.14
56.90
56.63
56.42
56.18
55.97
55.73
55.51
55.31
55.12
54.90
54.63
54.42
54.24
54.01
53.81
53.58
53.35
53.16
52.95
52.73
52.62
52.53
52.43
52.29
52.19
52.06
51.96
51.84
51.76
51.65
51.53
51.43
51.29
51.18
50.97
50.78
50.59
50.38
50.26
50.04
49.94
49.69
49.45
49.27
49.03
48.83
48.64
48.43
48.20
47.97
47.88
47.79
47.69
47.58
47.39
47.27
47.11
46.97
46.88
46.77
46.61
46.47
46.24
46.11
46.02
45.92
45.80
45.67
45.48
45.37
45.24
45.10
44.97
44.88
44.76
44.66
44.57
44.41
44.31
44.13
44.04
43.95
43.82
43.71
43.60
43.50
43.41
43.31
43.20
43.07
42.95
42.83
42.71
42.59
42.48
42.36
42.28
42.18
42.08
42.00
41.90
41.81
41.66
41.55
41.45
41.32
41.24
41.13
41.03
40.94
40.82
40.69
40.60
40.48
40.34
40.19
40.08
39.93
39.82
39.71
39.60
39.49
39.39
39.30
39.17
39.07
38.92
38.82
38.73
38.63
38.48
38.38
38.27
38.17
38.07
37.95
37.84
37.74
37.64
37.51
37.39
37.28
37.17
37.05
36.92
36.82
36.72
36.58
36.46
36.34
36.23
36.11
35.98
35.88
35.78
35.69
35.57
35.50
35.39
35.27
35.17
35.05
34.95
34.84
34.74
34.65
34.52
34.42
34.32
34.21
34.10
33.96
33.88
33.79
33.67
33.58
33.48
33.34
33.22
33.09
33.01
32.91
32.78
32.63
