78.27
78.06
77.85
77.65
77.46
77.23
77.01
76.64
76.33
76.02
75.68
75.38
75.04
74.78
74.55
74.06
73.62
73.41
73.13
72.77
72.40
72.20
71.89
71.67
71.50
71.23
70.92
70.63
70.28
69.99
69.65
69.32
69.01
68.69
68.23
67.87
67.51
67.31
67.01
66.69
66.43
66.06
65.86
65.62
65.32
64.97
64.70
64.49
64.26
64.06
63.79
63.45
63.22
62.99
62.80
62.49
62.20
61.81
61.49
61.17
60.86
60.46
60.12
59.78
59.51
59.16
58.81
58.49
58.15
57.80
57.51
57.20
56.92
56.59
56.30
55.98
55.75
55.53
55.31
55.08
54.88
54.68
54.47
54.26
54.02
53.83
53.64
53.40
53.17
52.78
52.42
52.10
51.75
51.54
51.18
50.96
50.73
50.39
50.09
49.78
49.46
49.14
48.86
48.54
48.22
47.91
47.69
47.50
47.29
47.07
46.80
46.59
46.36
46.07
45.87
45.66
45.66
45.57
45.43
45.21
45.06
44.96
44.85
44.76
44.67
44.50
44.41
44.33
44.17
44.04
43.95
43.83
43.72
43.62
43.43
43.31
43.15
43.04
42.92
42.81
42.71
42.59
42.48
42.39
42.30
42.20
42.07
41.98
41.89
41.77
41.64
41.56
41.45
41.35
41.24
41.12
41.00
40.91
40.82
40.71
40.58
40.42
40.31
40.21
40.06
39.94
39.82
39.72
39.61
39.50
39.38
39.29
39.17
39.06
38.90
38.81
38.71
38.61
38.49
38.38
38.26
38.16
38.06
37.96
37.83
37.72
37.61
37.48
37.39
37.28
37.18
37.06
36.96
36.82
36.71
36.62
36.53
36.43
36.32
36.23
36.10
36.00
35.88
35.78
35.64
35.52
35.42
35.29
35.20
35.10
35.02
34.89
34.78
34.66
34.52
34.42
34.28
34.17
34.04
33.93
33.80
33.67
33.56
33.46
33.34
33.24
33.13
33.04
32.95
32.86
32.74
32.63
32.54
32.42
32.32
32.20
32.08
31.97
31.87
31.76
