63.66
63.44
63.23
63.00
62.77
62.54
62.32
62.03
61.71
61.39
61.06
60.77
60.42
60.12
59.83
59.52
59.18
58.86
58.48
58.15
57.82
57.61
57.30
57.08
56.89
56.89
56.75
56.57
56.34
56.10
55.94
55.74
55.52
55.30
55.14
54.91
54.67
54.45
54.22
54.00
53.81
53.61
53.42
53.32
53.23
53.06
52.86
52.71
52.59
52.47
52.38
52.17
51.98
51.90
51.77
51.67
51.47
51.23
50.96
50.73
50.51
50.30
50.02
49.83
49.65
49.47
49.25
49.02
48.81
48.59
48.40
48.16
47.98
47.76
47.53
47.29
47.05
46.96
46.85
46.74
46.61
46.52
46.40
46.30
46.20
46.09
45.98
45.89
45.76
45.63
45.52
45.31
45.10
44.92
44.70
44.56
44.34
44.22
43.99
43.77
43.56
43.33
43.15
42.92
42.70
42.51
42.35
42.26
42.16
42.03
41.96
41.81
41.68
41.50
41.32
41.20
41.09
40.93
40.77
40.56
40.44
40.34
40.24
40.16
40.08
39.91
39.83
39.72
39.60
39.50
39.40
39.28
39.16
39.07
38.89
38.77
38.62
38.50
38.39
38.29
38.18
38.05
37.95
37.85
37.74
37.64
37.50
37.40
37.28
37.17
37.04
36.95
36.83
36.69
36.61
36.53
36.39
36.30
36.20
36.09
35.96
35.81
35.70
35.59
35.48
35.37
35.26
35.15
35.02
34.92
34.81
34.68
34.54
34.43
34.28
34.18
34.11
34.01
33.91
33.77
33.68
33.57
33.46
33.37
33.26
33.15
33.07
32.94
32.84
32.74
32.63
32.49
32.38
32.26
32.18
32.08
31.97
31.86
31.76
31.67
31.54
31.46
31.37
31.24
31.13
31.00
30.91
30.79
30.71
30.60
30.51
30.42
30.30
30.18
30.07
29.95
29.78
29.68
29.56
29.43
29.33
29.23
29.13
29.01
28.92
28.79
28.70
28.61
28.50
28.41
28.30
28.19
28.08
27.99
27.86
27.75
27.64
27.52
27.43
27.33
27.20
