59.94
59.70
59.48
59.28
59.04
58.83
58.60
58.15
57.81
57.43
57.08
56.68
56.31
55.95
55.73
55.73
55.41
55.06
54.98
54.78
54.54
54.34
54.22
54.00
53.87
53.76
53.52
53.30
53.10
52.89
52.70
52.49
52.23
52.00
51.78
51.53
51.29
51.06
50.83
50.63
50.42
50.19
49.98
49.86
49.76
49.59
49.36
49.19
49.09
48.97
48.86
48.65
48.46
48.38
48.26
48.15
47.89
47.66
47.36
47.15
46.91
46.74
46.44
46.22
46.01
45.83
45.67
45.43
45.22
44.96
44.76
44.53
44.28
44.06
43.88
43.69
43.51
43.40
43.26
43.15
43.01
42.90
42.77
42.68
42.57
42.46
42.35
42.24
42.07
41.95
41.84
41.63
41.42
41.18
41.00
40.86
40.64
40.53
40.31
40.11
39.86
39.60
39.37
39.18
38.98
38.73
38.50
38.40
38.30
38.21
38.11
37.92
37.81
37.64
37.49
37.40
37.27
37.08
36.87
36.66
36.54
36.43
36.32
36.23
36.14
35.99
35.89
35.77
35.65
35.53
35.42
35.31
35.20
35.08
34.92
34.79
34.60
34.50
34.39
34.29
34.17
34.05
33.96
33.87
33.74
33.62
33.51
33.41
33.30
33.19
33.08
33.00
32.90
32.80
32.69
32.59
32.49
32.38
32.28
32.17
32.05
31.89
31.79
31.70
31.54
31.43
31.32
31.22
31.09
30.98
30.88
30.78
30.63
30.53
30.40
30.29
30.16
30.07
29.97
29.86
29.77
29.68
29.55
29.44
29.36
29.26
29.14
29.05
28.95
28.87
28.77
28.65
28.54
28.41
28.32
28.20
28.07
27.96
27.84
27.71
27.61
27.53
27.40
27.26
27.14
27.01
26.92
26.80
26.69
26.57
26.47
26.36
26.23
26.15
26.04
25.93
25.80
25.70
25.56
25.46
25.33
25.20
25.10
24.98
24.89
24.75
24.67
24.56
24.47
24.36
24.24
24.10
24.00
23.88
23.77
23.65
23.53
23.42
23.31
23.12
23.01
