98.28
98.06
97.84
97.64
97.42
97.22
96.99
96.78
96.55
96.36
96.14
95.92
95.73
95.53
95.28
95.07
94.86
94.65
94.43
94.24
94.03
93.83
93.63
93.41
93.22
93.04
92.85
92.63
92.44
92.25
92.05
91.83
91.62
91.43
91.23
91.01
90.82
90.61
90.39
90.15
89.90
89.67
89.44
89.20
88.98
88.77
88.54
88.34
88.12
87.90
87.71
87.47
87.27
87.07
86.86
86.53
86.31
86.12
85.95
85.60
85.28
84.96
84.69
84.47
84.24
84.05
83.80
83.59
83.39
83.19
82.96
82.75
82.53
82.30
82.11
81.92
81.72
81.52
81.30
81.06
80.85
80.62
80.42
80.22
80.01
79.77
79.54
79.25
78.90
78.55
78.34
78.11
77.79
77.54
77.34
77.12
76.88
76.69
76.48
76.21
76.01
75.81
75.59
75.27
75.08
74.90
74.68
74.49
74.27
74.05
73.84
73.64
73.45
73.21
73.01
72.79
72.56
72.34
72.11
71.89
71.67
71.49
71.30
71.01
70.78
70.54
70.35
70.13
69.93
69.72
69.50
69.28
69.08
68.87
68.67
68.45
68.21
67.92
67.70
67.51
67.29
67.05
66.84
66.63
66.63
66.53
66.39
66.29
66.19
66.05
65.93
65.84
65.72
65.59
65.47
65.34
65.22
65.12
64.98
64.86
