88.11
87.92
87.68
87.47
87.24
87.02
86.78
86.59
86.37
86.16
85.98
85.79
85.59
85.39
85.13
84.93
84.71
84.48
84.27
84.06
83.86
83.63
83.41
83.21
83.01
82.79
82.59
82.38
82.18
81.99
81.79
81.57
81.37
81.17
80.97
80.76
80.57
80.37
80.15
79.92
79.66
79.45
79.23
78.99
78.76
78.55
78.36
78.16
77.95
77.76
77.54
77.34
77.15
76.96
76.64
76.40
76.19
76.00
75.81
75.40
75.06
74.66
74.46
74.21
74.01
73.83
73.58
73.39
73.18
72.97
72.76
72.53
72.32
72.13
71.91
71.69
71.48
71.27
71.04
70.83
70.61
70.42
70.20
69.99
69.77
69.54
69.33
69.11
68.80
68.43
68.05
67.82
67.57
67.31
67.09
66.87
66.64
66.41
66.17
65.92
65.74
65.54
65.33
65.03
64.80
64.62
64.36
64.16
63.94
63.70
63.48
63.27
63.07
62.82
62.62
62.40
62.16
61.95
61.70
61.47
61.24
61.03
60.83
60.83
60.72
60.60
60.47
60.38
60.24
60.13
60.00
59.90
59.78
59.67
59.56
59.45
59.32
59.21
59.04
58.94
58.85
58.76
58.62
58.50
58.41
58.19
58.08
57.96
57.84
57.73
57.62
57.53
57.41
57.30
57.17
57.07
56.96
56.82
56.73
56.63
