90.98
90.76
90.53
90.32
90.14
89.93
89.71
89.49
89.29
89.10
88.89
88.71
88.49
88.26
88.03
87.83
87.63
87.40
87.17
86.95
86.76
86.53
86.31
86.09
85.88
85.68
85.47
85.25
85.06
84.88
84.66
84.45
84.25
84.05
83.86
83.63
83.42
83.19
83.00
82.76
82.52
82.33
82.09
81.86
81.66
81.45
81.26
81.05
80.81
80.64
80.42
80.19
79.98
79.77
79.57
79.24
79.02
78.84
78.64
78.43
78.07
77.70
77.31
77.03
76.85
76.59
76.39
76.16
75.95
75.74
75.52
75.30
75.11
74.89
74.67
74.46
74.26
74.05
73.80
73.60
73.39
73.20
73.00
72.78
72.55
72.30
72.09
71.86
71.48
71.11
70.75
70.53
70.25
70.01
69.77
69.58
69.38
69.16
68.89
68.64
68.44
68.24
68.01
67.74
67.53
67.34
67.15
66.93
66.69
66.48
66.26
66.05
65.85
65.61
65.42
65.20
65.00
64.74
64.55
64.33
64.10
63.89
63.70
63.40
63.20
62.97
62.73
62.52
62.30
62.07
61.86
61.62
61.40
61.19
60.99
60.78
60.57
60.57
60.48
60.35
60.26
60.15
60.02
59.90
59.79
59.58
59.48
59.36
59.23
59.12
59.01
58.93
58.82
58.69
58.52
58.40
58.28
58.17
58.06
57.95
