84.36
84.10
83.89
83.72
83.49
83.30
83.09
82.84
82.65
82.43
82.21
82.00
81.77
81.58
81.34
81.14
80.93
80.72
80.51
80.30
80.07
79.87
79.63
79.42
79.22
79.03
78.80
78.61
78.40
78.21
77.98
77.80
77.60
77.39
77.17
76.94
76.76
76.53
76.34
76.07
75.84
75.61
75.40
75.16
74.95
74.72
74.53
74.31
74.10
73.91
73.70
73.47
73.27
73.07
72.86
72.54
72.33
72.12
71.93
71.72
71.34
71.03
70.64
70.44
70.24
70.06
69.79
69.60
69.37
69.15
68.93
68.73
68.50
68.29
68.06
67.87
67.65
67.44
67.22
67.00
66.81
66.60
66.40
66.15
65.94
65.73
65.51
65.10
64.70
64.30
64.13
63.81
63.60
63.33
63.09
62.86
62.65
62.43
62.21
61.97
61.76
61.54
61.34
61.34
61.26
61.18
61.08
60.96
60.83
60.70
60.59
60.47
60.37
60.26
60.11
59.97
59.81
59.71
59.60
59.45
59.30
59.18
59.05
58.95
58.76
58.66
58.52
58.42
58.33
58.21
58.07
57.98
57.85
57.75
57.64
57.54
57.42
57.29
57.13
57.02
56.92
56.78
56.67
56.56
56.46
56.31
56.19
56.06
55.95
55.84
55.75
55.65
55.55
55.44
55.29
55.17
55.06
54.95
54.81
54.72
