1	88.40	79.22	83.30	92.51	92.81	90.94	84.01	84.23	97.31	95.33
2	88.25	79.07	83.16	92.37	92.65	90.79	83.86	84.08	97.16	95.19
3	88.10	78.95	83.04	92.22	92.53	90.63	83.73	83.94	97.00	95.07
4	87.97	78.77	82.86	92.06	92.33	90.48	83.58	83.79	96.84	94.88
5	87.85	78.62	82.70	91.92	92.19	90.33	83.43	83.65	96.71	94.74
6	87.66	78.47	82.56	91.76	92.02	90.17	83.26	83.52	96.54	94.58
7	87.51	78.33	82.44	91.62	91.89	90.05	83.13	83.36	96.41	94.44
8	87.36	78.18	82.27	91.47	91.75	89.87	82.99	83.21	96.29	94.29
9	87.20	78.03	82.13	91.32	91.62	89.73	82.87	82.99	96.12	94.15
10	87.05	77.88	81.94	91.17	91.49	89.54	82.67	82.85	95.97	93.95
11	86.90	77.74	81.80	91.00	91.26	89.40	82.52	82.70	95.77	93.79
12	86.76	77.60	81.64	90.78	91.12	89.17	82.37	82.55	95.63	93.66
13	86.60	77.42	81.50	90.64	90.97	89.03	82.22	82.42	95.40	93.50
14	86.46	77.27	81.35	90.44	90.83	88.89	82.08	82.28	95.25	93.36
15	86.32	77.13	81.22	90.31	90.67	88.71	81.91	82.14	95.13	93.21
16	86.13	76.98	81.08	90.17	90.55	88.57	81.76	82.00	94.96	93.06
17	86.00	76.84	80.93	90.02	90.37	88.43	81.62	81.86	94.83	92.92
18	85.86	76.70	80.78	89.87	90.22	88.23	81.47	81.72	94.71	92.77
19	85.70	76.52	80.64	89.63	90.07	88.02	81.32	81.56	94.39	92.57
20	85.47	76.33	80.64	89.47	89.85	87.88	81.09	81.33	94.24	92.37
21	85.31	76.19	80.62	89.33	89.69	87.71	80.94	81.18	94.09	92.22
22	85.09	76.07	80.56	89.11	89.56	87.57	80.80	81.05	93.89	92.09
23	84.91	75.87	80.54	88.94	89.42	87.38	80.65	80.90	93.71	91.94
24	84.73	75.65	80.46	88.77	89.27	87.20	80.46	80.73	93.54	91.77
25	84.54	75.49	80.37	88.56	89.06	87.05	80.26	80.56	93.27	91.58
26	84.35	75.32	80.30	88.37	88.91	86.84	80.05	80.38	93.15	91.38
27	84.21	75.18	80.24	88.17	88.75	86.63	79.91	80.17	93.03	91.24
28	84.01	75.03	80.20	88.03	88.61	86.51	79.77	80.04	92.85	91.04
29	83.86	74.84	80.10	87.84	88.41	86.33	79.57	79.85	92.63	90.84
30	83.72	74.66	80.00	87.71	88.27	86.18	79.37	79.63	92.46	90.64
31	83.55	74.52	79.93	87.49	88.14	86.04	79.19	79.44	92.27	90.49
32	83.34	74.38	79.89	87.37	87.95	85.82	78.98	79.22	92.15	90.35
33	83.17	74.38	79.85	87.19	87.72	85.70	78.86	79.09	91.99	90.17
34	83.04	74.34	79.76	87.04	87.56	85.51	78.68	78.95	91.84	90.04
35	82.83	74.27	79.74	86.90	87.41	85.36	78.52	78.83	91.67	89.88
36	82.70	74.23	79.70	86.75	87.26	85.22	78.35	78.61	91.45	89.70
37	82.48	74.16	79.65	86.60	87.11	85.07	78.35	78.35	91.33	89.48
38	82.36	74.11	79.57	86.44	86.96	84.93	78.31	78.23	91.14	89.32
39	82.19	73.99	79.46	86.30	86.81	84.78	78.26	78.06	90.99	89.18
40	82.06	73.93	79.40	86.15	86.68	84.63	78.22	77.91	90.84	89.04
41	81.94	73.87	79.36	86.01	86.53	84.48	78.18	77.75	90.69	88.90
42	81.82	73.81	79.32	85.86	86.39	84.34	78.15	77.61	90.52	88.76
43	81.70	73.78	79.29	85.67	86.24	84.19	78.06	77.46	90.38	88.62
44	81.57	73.69	79.18	85.51	86.09	84.04	78.01	77.32	90.23	88.44
45	81.42	73.65	79.13	85.38	85.91	83.90	77.96	77.15	90.08	88.28
46	81.27	73.59	79.09	85.16	85.75	83.75	77.91	77.00	89.89	88.14
47	81.13	73.49	78.97	85.03	85.54	83.55	77.87	76.84	89.68	87.98
48	80.93	73.45	78.92	84.85	85.40	83.36	77.77	76.84	89.54	87.78
49	80.68	73.40	78.87	84.70	85.19	83.16	77.65	76.82	89.39	87.60
50	80.54	73.32	78.80	84.55	85.05	83.02	77.61	76.74	89.24	87.46
51	80.37	73.28	78.76	84.40	84.92	82.88	77.57	76.71	89.10	87.31
52	80.23	73.22	78.70	84.27	84.76	82.73	77.46	76.69	88.95	87.10
53	80.07	73.17	78.65	84.08	84.54	82.54	77.41	76.56	88.78	86.97
54	79.90	73.07	78.61	83.94	84.40	82.41	77.36	76.53	88.62	86.82
55	79.75	73.04	78.55	83.80	84.17	82.19	77.32	76.46	88.49	86.68
56	79.60	73.00	78.52	83.64	84.03	82.02	77.28	76.44	88.28	86.48
57	79.38	72.88	78.48	83.50	83.87	81.89	77.24	76.41	88.08	86.33
58	79.23	72.83	78.39	83.28	83.67	81.70	77.14	76.36	87.86	86.19
59	79.08	72.78	78.29	83.05	83.53	81.48	77.09	76.30	87.73	86.03
60	79.08	72.74	78.24	82.88	83.31	81.34	76.97	76.27	87.61	85.81
61	79.06	72.60	78.11	82.75	83.17	81.18	76.88	76.12	87.43	85.65
62	78.97	72.51	78.03	82.60	83.02	81.06	76.86	76.06	87.28	85.52
63	78.94	72.49	78.01	82.47	82.89	80.90	76.81	76.02	87.13	85.36
64	78.89	72.44	77.96	82.35	82.73	80.68	76.77	75.99	86.95	85.24
65	78.84	72.39	77.91	82.16	82.58	80.54	76.67	75.94	86.80	85.06
66	78.80	72.28	77.86	82.02	82.44	80.40	76.62	75.90	86.65	84.90
67	78.69	72.23	77.81	81.83	82.29	80.26	76.58	75.81	86.44	84.76
68	78.66	72.20	77.72	81.68	82.13	80.06	76.54	75.69	86.31	84.60
69	78.61	72.10	77.67	81.55	81.97	79.91	76.46	75.57	86.08	84.47
70	78.53	72.06	77.63	81.35	81.82	79.76	76.40	75.51	85.95	84.25
71	78.40	72.02	77.55	81.13	81.67	79.61	76.35	75.47	85.74	84.06
72	78.36	71.92	77.49	80.98	81.52	79.46	76.31	75.43	85.60	83.84
73	78.32	71.87	77.45	80.78	81.38	79.32	76.25	75.37	85.37	83.70
74	78.27	71.84	77.32	80.56	81.16	79.17	76.19	75.33	85.22	83.55
75	78.16	71.80	77.28	80.37	81.02	79.03	76.16	75.29	85.03	83.40
76	78.12	71.73	77.22	80.21	80.88	78.87	76.12	75.19	84.89	83.21
77	78.06	71.67	77.17	80.07	80.66	78.74	76.07	75.15	84.70	83.07
78	78.02	71.64	77.12	79.87	80.49	78.59	76.02	75.10	84.51	82.92
79	77.96	71.58	77.05	79.72	80.35	78.43	75.97	75.05	84.38	82.78
80	77.91	71.55	77.00	79.57	80.23	78.28	75.95	74.99	84.15	82.60
81	77.83	71.43	76.91	79.43	80.11	78.13	75.85	74.91	83.96	82.40
82	77.78	71.39	76.81	79.25	79.91	77.94	75.76	74.87	83.79	82.18
83	77.73	71.35	76.76	79.09	79.70	77.74	75.72	74.83	83.67	82.03
84	77.69	71.31	76.72	78.92	79.56	77.60	75.67	74.79	83.48	81.89
85	77.62	71.22	76.68	78.76	79.39	77.46	75.63	74.75	83.35	81.77
86	77.60	71.17	76.63	78.61	79.24	77.31	75.58	74.67	83.20	81.63
87	77.51	71.10	76.56	78.47	79.08	77.14	75.52	74.60	83.05	81.50
88	77.49	71.08	76.54	78.33	78.96	77.02	75.47	74.58	82.89	81.37
89	77.41	71.00	76.46	78.21	78.78	76.84	75.43	74.48	82.68	81.20
90	77.37	70.95	76.41	78.05	78.64	76.71	75.39	74.42	82.46	81.06
91	77.33	70.89	76.36	77.91	78.50	76.55	75.34	74.37	82.32	80.94
92	77.28	70.87	76.34	77.72	78.38	76.43	75.32	74.33	82.18	80.78
93	77.23	70.82	76.28	77.52	78.21	76.27	75.26	74.29	82.04	80.63
94	77.18	70.78	76.22	77.38	78.06	76.15	75.21	74.27	81.84	80.43
95	77.07	70.67	76.12	77.23	77.88	75.99	75.13	74.18	81.69	80.28
96	77.02	70.62	76.07	77.04	77.72	75.83	75.09	74.08	81.46	80.13
97	76.95	70.52	75.98	76.82	77.57	75.69	75.04	74.00	81.34	79.98
98	76.90	70.39	75.93	76.67	77.39	75.46	74.96	73.95	81.14	79.84
99	76.85	70.36	75.83	76.46	77.23	75.32	74.90	73.87	81.00	79.62
100	76.81	70.31	75.78	76.31	77.07	75.16	74.85	73.73	80.85	79.46
101	76.62	70.19	75.68	76.13	76.93	75.03	74.80	73.67	80.70	79.29
102	76.56	70.17	75.66	75.99	76.77	75.03	74.76	73.56	80.52	79.10
103	76.44	70.09	75.63	75.79	76.56	74.96	74.69	73.47	80.35	78.96
104	76.40	70.04	75.58	75.65	76.41	74.83	74.65	73.41	80.23	78.80
105	76.35	70.00	75.54	75.49	76.27	74.80	74.61	73.37	80.00	78.68
106	76.24	69.84	75.46	75.28	76.12	74.75	74.56	73.25	79.86	78.68
107	76.22	69.82	75.36	75.14	75.92	74.72	74.52	73.23	79.71	78.64
108	76.14	69.75	75.32	75.01	75.80	74.59	74.43	73.17	79.54	78.62
109	76.02	69.61	75.26	74.85	75.62	74.57	74.41	73.05	79.42	78.56
111	75.97	69.56	75.13	74.85	75.62	74.50	74.34	73.02	79.26	78.43
