110.97
110.72
110.47
110.27
110.05
109.75
109.42
109.03
108.70
108.37
107.99
107.64
107.24
106.89
106.56
106.20
105.91
105.55
105.18
104.77
104.48
104.29
104.09
103.84
103.49
103.16
102.74
102.43
102.09
101.81
101.50
101.19
100.88
100.57
100.27
99.96
99.65
99.38
99.05
98.67
98.40
98.01
97.65
97.37
97.04
96.72
96.43
96.09
95.72
95.40
95.10
94.80
94.48
94.25
94.00
93.77
93.51
93.11
92.77
92.49
92.16
91.88
91.54
91.31
91.05
90.71
90.38
90.18
89.88
89.66
89.40
89.13
88.89
88.70
88.40
88.09
87.77
87.56
87.35
87.15
86.96
86.73
86.50
86.32
86.11
85.91
85.70
85.40
85.18
84.92
84.68
84.46
84.17
83.88
83.50
83.21
82.89
82.54
82.26
81.97
81.73
81.40
81.15
80.92
80.57
80.34
80.15
79.91
79.60
79.23
79.02
78.50
78.29
77.84
77.41
77.00
76.76
76.46
76.17
75.82
75.52
75.19
74.84
74.65
74.45
74.45
74.36
74.20
74.04
73.92
73.78
73.59
73.49
73.39
73.29
73.17
72.94
72.82
72.66
72.49
72.28
72.14
72.00
71.88
71.78
71.64
71.50
71.35
71.20
71.10
70.98
70.83
70.71
70.61
70.48
70.31
70.19
70.07
69.96
69.84
69.71
69.61
69.50
69.43
69.32
69.12
68.96
68.83
