109.82
109.59
109.32
109.01
108.82
108.47
108.13
107.76
107.45
107.01
106.50
106.13
105.73
105.33
105.06
104.75
104.32
103.87
103.67
103.34
103.07
102.88
102.68
102.38
102.07
101.68
101.30
100.99
100.64
100.30
99.93
99.58
99.23
98.83
98.52
98.20
97.89
97.61
97.28
96.99
96.72
96.39
95.99
95.66
95.30
94.99
94.67
94.39
94.10
93.84
93.56
93.19
92.84
92.50
92.29
92.07
91.84
91.56
91.21
90.88
90.60
90.32
89.98
89.67
89.45
89.18
88.89
88.69
88.39
88.08
87.85
87.62
87.41
87.21
86.92
86.56
86.24
86.03
85.85
85.64
85.42
85.19
84.97
84.74
84.49
84.26
84.03
83.72
83.52
83.25
83.01
82.80
82.48
82.15
81.83
81.54
81.22
80.83
80.57
80.27
80.06
79.72
79.35
79.15
78.85
78.66
78.43
78.22
77.88
77.69
77.42
77.07
76.74
76.48
76.13
75.83
75.47
75.47
75.32
75.12
74.83
74.62
74.40
74.19
74.07
73.96
73.79
73.63
73.49
73.38
73.23
73.03
72.90
72.76
72.63
72.51
72.26
72.15
72.04
71.92
71.73
71.64
71.52
71.44
71.32
71.21
71.07
70.91
70.74
70.59
70.46
70.39
70.24
70.12
70.03
69.89
69.77
69.68
69.55
69.36
69.25
69.16
69.05
68.92
68.81
68.67
68.50
68.39
