110.25
110.04
109.76
109.53
109.30
108.92
108.62
108.27
107.95
107.57
107.23
106.83
106.51
106.19
105.87
105.51
105.18
104.82
104.48
104.15
103.84
103.66
103.46
103.23
102.91
102.57
102.18
101.87
101.57
101.25
100.92
100.59
100.28
99.95
99.61
99.27
98.94
98.66
98.36
98.05
97.77
97.38
97.00
96.74
96.38
96.05
95.75
95.39
95.07
94.78
94.48
94.11
93.75
93.44
93.24
93.01
92.70
92.40
92.10
91.86
91.59
91.27
90.97
90.60
90.32
90.00
89.72
89.52
89.25
89.00
88.78
88.55
88.34
88.13
87.80
87.49
87.21
87.01
86.80
86.62
86.40
86.17
85.95
85.72
85.49
85.25
85.04
84.70
84.49
84.25
84.03
83.64
83.26
82.90
82.50
82.12
81.91
81.57
81.27
80.93
80.69
80.40
80.09
79.89
79.52
79.33
79.12
78.87
78.48
78.27
78.01
77.71
77.38
77.13
76.78
76.43
76.02
75.77
75.46
75.12
74.80
74.47
74.18
73.96
73.75
73.75
73.68
73.47
73.31
73.17
73.05
72.95
72.77
72.64
72.50
72.35
72.13
72.01
71.90
71.76
71.58
71.46
71.35
71.22
71.10
71.00
70.87
70.76
70.63
70.49
70.38
70.28
70.17
70.05
69.93
69.78
69.65
69.52
69.40
69.29
69.20
69.08
68.98
68.88
68.75
68.62
68.44
68.32
