109.30
109.08
108.81
108.49
108.13
107.73
107.29
106.89
106.54
106.11
105.69
105.47
105.11
104.75
104.38
104.00
103.67
103.27
102.95
102.64
102.36
102.15
101.95
101.69
101.37
101.04
100.66
100.40
100.09
99.77
99.44
99.13
98.82
98.52
98.19
97.86
97.56
97.26
96.99
96.66
96.37
95.86
95.64
95.21
94.83
94.46
94.14
93.85
93.47
93.14
92.82
92.47
92.03
91.76
91.54
91.33
91.06
90.76
90.49
90.19
89.88
89.59
89.33
88.99
88.72
88.42
88.18
87.99
87.68
87.46
87.46
87.33
87.18
87.07
86.96
86.69
86.48
86.31
86.19
86.08
85.97
85.86
85.73
85.62
85.50
85.36
85.25
85.14
84.90
84.81
84.66
84.53
84.38
84.20
83.94
83.68
83.46
83.25
82.99
82.80
82.59
82.44
82.16
81.99
81.88
81.63
81.52
81.42
81.31
81.08
80.98
80.80
80.58
80.35
80.20
79.93
79.69
79.43
79.20
78.98
78.74
78.52
78.32
78.04
77.90
77.75
77.60
77.47
77.33
77.20
77.10
76.95
76.80
76.68
76.49
76.35
76.12
76.02
75.91
75.80
75.62
75.47
75.34
75.18
75.02
74.89
74.75
74.61
74.49
74.38
74.27
74.18
74.05
73.94
73.84
73.69
73.55
73.43
73.32
73.14
73.01
72.92
72.81
72.71
72.60
72.41
72.24
72.09
