109.61
109.38
109.12
108.91
108.67
108.31
108.02
107.69
107.38
106.99
106.62
106.27
105.88
105.52
105.18
104.83
104.40
104.04
103.71
103.37
103.09
102.90
102.70
102.44
102.10
101.73
101.38
101.03
100.69
100.37
100.02
99.65
99.37
99.05
98.70
98.42
98.10
97.77
97.45
97.13
96.81
96.46
96.06
95.72
95.38
95.08
94.77
94.45
94.14
93.87
93.53
93.16
92.77
92.53
92.31
92.09
91.78
91.48
91.15
90.83
90.50
90.21
89.95
89.56
89.30
89.10
88.84
88.64
88.36
88.09
87.86
87.62
87.39
87.10
86.80
86.50
86.26
86.02
85.82
85.62
85.41
85.19
84.95
84.73
84.51
84.31
83.95
83.77
83.53
83.27
83.06
82.86
82.47
82.18
81.86
81.58
81.26
81.07
80.81
80.45
80.22
79.90
79.62
79.43
79.06
78.86
78.63
78.39
78.10
77.87
77.47
77.10
76.78
76.56
76.27
76.27
75.93
75.55
75.27
74.94
74.81
74.60
74.40
74.14
74.02
73.90
73.68
73.57
73.40
73.26
73.12
72.98
72.85
72.74
72.61
72.48
72.25
72.14
72.03
71.91
71.76
71.59
71.48
71.39
71.30
71.12
70.97
70.80
70.66
70.51
70.40
70.29
70.18
70.07
69.97
69.84
69.70
69.60
69.47
69.27
69.15
69.03
68.93
68.81
68.70
68.51
68.35
68.21
