110.46
110.24
109.96
109.75
109.45
109.10
108.75
108.44
108.21
107.91
107.60
107.27
106.94
106.58
106.18
105.86
105.50
105.18
104.80
104.51
104.13
103.94
103.75
103.52
103.20
102.88
102.50
102.22
101.87
101.56
101.22
100.89
100.60
100.29
99.87
99.66
99.37
99.07
98.75
98.42
98.15
97.78
97.44
97.15
96.76
96.28
96.05
95.73
95.33
95.05
94.78
94.45
94.13
93.91
93.69
93.50
93.25
92.91
92.60
92.28
92.00
91.71
91.38
91.04
90.80
90.47
90.23
90.02
89.72
89.40
89.14
88.88
88.65
88.41
88.10
87.73
87.45
87.27
87.07
86.88
86.65
86.44
86.22
85.98
85.77
85.59
85.39
85.09
84.84
84.58
84.37
84.13
84.13
83.96
83.77
83.62
83.42
83.20
82.71
82.34
82.24
81.88
81.76
81.56
81.27
81.08
80.98
80.88
80.79
80.59
80.28
80.16
79.73
79.59
79.28
78.91
78.60
78.46
78.28
78.10
77.84
77.61
77.36
77.12
77.01
76.86
76.70
76.57
76.42
76.29
76.17
76.03
75.89
75.74
75.63
75.54
75.33
75.21
75.11
75.01
74.83
74.73
74.56
74.45
74.36
74.13
73.97
73.86
73.76
73.67
73.57
73.45
73.34
73.20
73.07
72.95
72.83
72.70
72.59
72.44
72.32
72.23
72.12
72.01
71.91
71.79
71.67
71.54
