109.25
109.04
108.75
108.51
108.29
107.93
107.65
107.35
107.03
106.70
106.37
106.07
105.69
105.34
105.00
104.63
104.25
103.91
103.58
103.26
102.89
102.68
102.47
102.18
101.72
101.36
101.03
100.66
100.30
99.96
99.68
99.30
98.92
98.57
98.24
97.88
97.62
97.30
96.86
96.57
96.19
95.87
95.44
95.10
94.72
94.45
94.04
93.70
93.37
93.00
92.58
92.20
91.87
91.58
91.38
91.19
90.89
90.58
90.58
90.42
90.20
90.01
89.79
89.57
89.34
89.05
88.93
88.77
88.46
88.35
88.17
88.00
87.82
87.69
87.54
87.30
87.13
86.93
86.82
86.68
86.58
86.44
86.34
86.21
86.07
85.95
85.82
85.71
85.47
85.38
85.20
85.08
84.87
84.67
84.42
84.20
83.96
83.75
83.50
83.31
83.07
82.96
82.72
82.57
82.44
82.17
82.08
81.99
81.84
81.70
81.58
81.32
81.06
80.85
80.71
80.47
80.27
80.03
79.81
79.61
79.37
79.16
78.96
78.77
78.66
78.55
78.39
78.21
78.02
77.92
77.77
77.61
77.50
77.38
77.26
77.12
76.86
76.78
76.70
76.60
76.42
76.30
76.17
76.06
75.97
75.80
75.68
75.52
75.39
75.27
75.16
75.08
74.97
74.85
74.75
74.63
74.53
74.44
74.31
74.19
74.10
74.00
73.91
73.81
73.69
73.57
73.45
73.34
