111.00
110.79
110.55
110.26
109.99
109.57
109.28
108.98
108.69
108.31
107.85
107.62
107.24
106.92
106.61
106.32
106.00
105.68
105.36
105.04
104.75
104.55
104.37
104.10
103.77
103.44
103.07
102.80
102.39
102.11
101.78
101.44
101.15
100.84
100.50
100.21
99.88
99.59
99.27
98.98
98.62
98.25
97.92
97.62
97.25
96.93
96.63
96.34
96.03
95.70
95.37
95.02
94.65
94.38
94.14
93.92
93.65
93.37
93.07
92.77
92.48
92.18
91.80
91.43
91.21
90.89
90.61
90.40
90.07
89.75
89.46
89.23
89.00
88.78
88.47
88.18
87.87
87.68
87.45
87.27
87.05
86.83
86.64
86.45
86.25
86.06
85.84
85.55
85.32
85.05
84.80
84.58
84.32
83.98
83.63
83.29
82.97
82.43
82.08
81.85
81.40
81.17
80.88
80.46
80.21
79.99
79.75
79.52
79.25
79.05
78.70
78.41
78.10
77.85
77.52
77.20
76.87
76.56
76.56
76.41
76.18
75.98
75.78
75.54
75.45
75.33
75.11
74.92
74.81
74.67
74.51
74.28
74.16
74.06
73.96
73.81
73.64
73.54
73.42
73.30
73.11
72.96
72.84
72.71
72.60
72.49
72.33
72.21
72.09
71.96
71.86
71.74
71.61
71.53
71.40
71.24
71.10
70.99
70.84
70.69
70.57
70.46
70.36
70.25
70.14
69.99
69.87
69.73
