110.74
110.50
110.26
110.00
109.77
109.38
109.04
108.67
108.36
107.95
107.61
107.18
106.85
106.50
106.11
105.73
105.32
104.99
104.46
104.04
103.84
103.62
103.42
103.13
102.84
102.46
102.08
101.74
101.41
101.12
100.80
100.47
100.15
99.80
99.48
99.16
98.87
98.58
98.24
97.91
97.63
97.30
96.98
96.59
96.28
96.05
95.68
95.39
95.02
94.65
94.32
93.96
93.74
93.52
93.32
92.98
92.70
92.44
92.15
91.85
91.56
91.32
91.08
90.69
90.47
90.19
89.90
89.70
89.42
89.12
88.83
88.60
88.37
88.18
87.86
87.55
87.28
87.03
86.77
86.56
86.32
86.10
85.90
85.72
85.46
85.26
85.03
84.70
84.49
84.20
83.97
83.75
83.45
83.14
82.86
82.59
82.30
81.96
81.67
81.37
81.10
80.76
80.43
80.21
79.81
79.61
79.40
79.14
78.85
78.65
78.34
78.05
77.76
77.51
77.16
76.85
76.54
76.21
75.74
75.33
74.97
74.52
74.32
74.07
73.83
73.83
73.73
73.59
73.46
73.35
73.22
73.00
72.88
72.74
72.63
72.49
72.29
72.15
72.02
71.90
71.74
71.63
71.49
71.37
71.27
71.08
70.94
70.76
70.61
70.48
70.36
70.26
70.15
70.05
69.95
69.82
69.67
69.55
69.43
69.31
69.20
69.11
69.02
68.92
68.82
68.64
68.49
68.37
