108.90
108.67
108.43
108.19
107.98
107.65
107.33
106.80
106.41
106.22
105.68
105.45
104.94
104.65
104.28
103.99
103.65
103.32
103.01
102.70
102.31
102.11
101.90
101.63
101.30
100.98
100.67
100.34
100.03
99.68
99.34
99.01
98.69
98.39
98.10
97.81
97.47
97.16
96.86
96.55
96.25
95.84
95.48
95.11
94.77
94.77
94.62
94.41
94.17
93.93
93.69
93.47
93.23
93.04
92.89
92.74
92.65
92.51
92.29
92.11
91.90
91.70
91.48
91.30
91.11
90.95
90.75
90.64
90.55
90.38
90.22
90.04
89.92
89.83
89.72
89.50
89.31
89.07
88.93
88.84
88.74
88.62
88.54
88.37
88.24
88.14
88.02
87.90
87.64
87.46
87.30
87.16
87.06
86.89
86.62
86.41
86.24
86.02
85.76
85.58
85.35
85.19
84.95
84.73
84.63
84.41
84.30
84.19
84.11
83.99
83.86
83.62
83.38
83.18
83.08
82.76
82.52
82.29
82.04
81.85
81.66
81.45
81.22
80.99
80.90
80.81
80.65
80.52
80.36
80.24
80.12
79.95
79.82
79.70
79.57
79.47
79.32
79.22
79.13
78.93
78.80
78.71
78.60
78.51
78.41
78.19
78.08
77.99
77.85
77.74
77.59
77.47
77.37
77.25
77.17
77.03
76.90
76.81
76.70
76.56
76.45
76.36
76.26
76.11
75.98
75.83
75.66
75.53
