108.49
108.25
108.01
107.80
107.61
107.33
106.88
106.48
106.11
105.71
105.71
105.40
105.07
104.68
104.32
103.99
103.63
103.20
102.85
102.45
102.06
101.92
101.84
101.73
101.56
101.34
101.14
100.86
100.64
100.40
100.18
99.90
99.67
99.45
99.27
99.09
98.90
98.68
98.52
98.30
98.08
97.85
97.63
97.40
97.20
96.98
96.77
96.51
96.27
96.04
95.81
95.60
95.30
95.09
94.93
94.80
94.70
94.53
94.30
94.11
93.90
93.68
93.41
93.20
92.95
92.86
92.69
92.45
92.35
92.14
91.96
91.79
91.57
91.42
91.27
91.02
90.83
90.64
90.49
90.32
90.22
90.13
90.02
89.88
89.79
89.68
89.57
89.44
89.21
89.11
88.90
88.76
88.65
88.49
88.27
88.05
87.82
87.57
87.34
87.20
86.97
86.83
86.62
86.43
86.32
86.10
85.94
85.83
85.66
85.40
85.31
85.16
84.92
84.74
84.57
84.32
84.08
83.86
83.62
83.44
83.23
83.02
82.81
82.55
82.44
82.30
82.16
82.02
81.90
81.81
81.68
81.59
81.45
81.29
81.08
80.98
80.84
80.73
80.64
80.52
80.31
80.18
80.06
79.92
79.81
79.70
79.54
79.37
79.25
79.13
79.01
78.90
78.77
78.65
78.54
78.40
78.29
78.19
78.07
77.94
77.85
77.73
77.63
77.49
77.34
77.16
77.03
76.93
