110.52
110.30
110.06
109.86
109.65
109.33
108.98
108.61
108.31
107.93
107.56
107.23
106.83
106.47
106.12
105.83
105.46
105.15
104.76
104.34
104.10
103.89
103.69
103.37
103.00
102.68
102.35
102.01
101.70
101.34
101.01
100.65
100.33
99.98
99.66
99.34
98.99
98.65
98.31
97.96
97.61
97.28
96.93
96.62
96.33
96.02
95.73
95.38
95.00
94.66
94.33
93.98
93.58
93.34
93.13
92.96
92.67
92.16
91.77
91.36
90.99
90.55
90.17
89.97
89.72
89.37
89.08
88.88
88.51
88.26
88.03
87.79
87.57
87.36
87.02
86.75
86.47
86.25
86.03
85.83
85.62
85.38
85.16
84.91
84.71
84.48
84.25
83.91
83.69
83.44
83.20
82.96
82.68
82.34
81.99
81.69
81.40
81.05
80.77
80.48
80.24
79.85
79.53
79.31
79.03
78.80
78.58
78.33
78.03
77.79
77.47
77.13
76.91
76.68
76.31
75.82
75.41
75.03
74.65
74.39
74.06
73.73
73.41
73.18
72.97
72.72
72.49
72.27
72.02
71.82
71.55
71.28
71.07
70.86
70.61
70.61
70.50
70.37
70.27
70.18
70.03
69.92
69.81
69.72
69.63
69.42
69.30
69.16
69.02
68.86
68.75
68.66
68.52
68.40
68.29
68.16
68.04
67.91
67.79
67.69
67.59
67.51
67.40
67.32
67.21
67.04
66.93
66.80
