109.84
109.59
109.33
109.05
108.84
108.56
108.27
107.92
107.60
107.25
106.89
106.53
106.15
105.80
105.45
105.09
104.76
104.44
104.11
103.78
103.45
103.25
102.92
102.52
102.19
101.85
101.52
101.24
100.91
100.59
100.29
99.87
99.51
99.21
98.86
98.54
98.18
97.91
97.61
97.22
96.90
96.56
96.17
95.94
95.51
95.19
94.91
94.53
94.22
93.89
93.54
93.18
92.95
92.72
92.50
92.14
91.80
91.60
91.32
91.00
90.71
90.41
90.13
89.77
89.43
89.15
88.89
88.49
88.27
87.95
87.69
87.46
87.27
87.07
86.75
86.35
86.10
85.92
85.68
85.46
85.25
85.03
84.82
84.60
84.39
84.17
83.93
83.60
83.38
83.14
82.92
82.72
82.44
82.08
81.75
81.44
81.12
80.72
80.37
80.02
79.72
79.41
79.11
78.88
78.51
78.29
78.09
77.87
77.52
77.29
77.03
76.70
76.40
76.15
75.80
75.46
75.10
74.75
74.46
74.07
73.78
73.43
73.06
72.85
72.63
72.39
72.14
71.90
71.68
71.43
71.18
70.93
70.72
70.52
70.27
70.27
70.11
69.95
69.84
69.64
69.48
69.33
69.23
69.12
69.03
68.90
68.78
68.66
68.54
68.42
68.33
68.21
68.11
68.01
67.92
67.78
67.70
67.61
67.51
67.39
67.24
67.16
67.06
66.99
66.87
66.72
66.50
66.39
