85.82
85.63
85.40
85.20
84.98
84.77
84.56
84.34
84.15
83.92
83.63
83.30
82.83
82.43
82.04
81.62
81.23
80.84
80.62
80.41
80.20
79.97
79.49
79.15
78.78
78.44
78.24
78.04
77.83
77.64
77.44
77.24
77.03
76.83
76.57
76.37
76.02
75.71
75.71
75.53
75.28
75.05
74.78
74.62
74.50
74.39
74.29
74.18
74.08
73.97
73.87
73.74
73.60
73.50
73.40
73.31
73.20
73.09
72.97
72.86
72.68
72.57
72.43
72.32
72.20
72.08
71.97
71.86
71.75
71.66
71.53
71.41
71.32
71.18
71.05
70.95
70.85
70.73
70.64
70.55
70.44
70.33
70.22
70.12
70.01
69.91
69.81
69.70
69.60
69.49
69.41
69.32
69.20
69.10
68.97
68.85
68.76
68.66
68.57
68.44
68.33
68.22
68.05
67.88
67.78
67.62
67.52
67.38
67.28
67.16
67.04
66.86
66.77
66.64
66.55
66.42
66.30
66.19
66.08
65.96
65.88
65.79
65.67
65.56
65.45
65.36
65.25
65.14
65.03
64.90
64.80
64.70
64.59
64.50
64.39
64.28
64.17
64.06
63.98
