98.39
98.20
98.00
97.79
97.61
97.40
97.21
97.00
96.79
96.56
96.34
96.03
95.62
95.30
94.96
94.61
94.26
93.92
93.65
93.43
93.23
93.02
92.71
92.39
92.07
91.76
91.44
91.24
91.04
90.79
90.59
90.35
90.14
89.94
89.64
89.42
89.08
88.77
88.42
88.08
87.76
87.40
87.20
86.97
86.79
86.59
86.36
86.16
85.96
85.75
85.54
85.32
85.11
84.91
84.72
84.53
84.31
84.11
83.89
83.65
83.45
83.22
83.01
82.78
82.58
82.36
82.15
81.95
81.73
81.52
81.31
81.08
80.83
80.62
80.39
80.20
80.00
79.82
79.60
79.37
79.19
78.98
78.78
78.57
78.38
78.17
77.98
77.76
77.56
77.35
77.15
76.92
76.71
76.49
76.24
76.03
75.83
75.61
75.40
75.19
74.97
74.71
74.43
74.20
73.93
73.75
73.75
73.64
73.52
73.42
73.30
73.11
72.99
72.86
72.75
72.66
72.53
72.45
72.33
72.22
72.13
72.00
71.87
71.76
71.64
71.53
71.43
71.34
71.23
71.13
71.01
70.91
70.80
70.70
70.60
70.49
70.36
70.24
70.14
