99.26
99.06
98.86
98.65
98.44
98.24
98.06
97.83
97.61
97.40
97.20
96.88
96.48
96.13
95.81
95.46
95.16
94.78
94.46
94.25
94.03
93.83
93.53
93.21
92.90
92.61
92.28
92.05
91.87
91.63
91.42
91.21
91.00
90.80
90.54
90.32
89.98
89.65
89.32
88.99
88.67
88.31
88.05
87.84
87.62
87.43
87.25
87.06
86.86
86.68
86.49
86.26
86.05
85.85
85.66
85.45
85.24
85.04
84.83
84.57
84.36
84.18
84.00
83.78
83.56
83.34
83.12
82.92
82.74
82.50
82.29
82.04
81.85
81.62
81.43
81.22
80.98
80.78
80.57
80.34
80.14
79.93
79.71
79.53
79.32
79.12
78.92
78.70
78.48
78.30
78.10
77.88
77.69
77.50
77.29
77.08
76.88
76.66
76.46
76.26
76.07
75.77
75.49
75.28
75.28
75.19
75.09
74.91
74.81
74.70
74.59
74.39
74.30
74.20
74.09
73.97
73.87
73.76
73.67
73.52
73.38
73.27
73.16
73.05
72.95
72.85
72.76
72.64
72.53
72.39
72.29
72.20
72.09
71.99
71.89
71.78
71.67
71.56
71.47
