99.35
99.13
98.92
98.72
98.53
98.32
98.13
97.90
97.69
97.47
97.28
96.95
96.58
96.26
95.90
95.60
95.27
94.91
94.60
94.38
94.17
94.00
93.71
93.36
93.04
92.71
92.36
92.15
91.93
91.73
91.52
91.30
91.07
90.86
90.60
90.38
90.03
89.70
89.36
89.01
88.73
88.39
88.18
87.97
87.77
87.58
87.39
87.19
86.98
86.76
86.55
86.32
86.12
85.92
85.70
85.48
85.26
85.03
84.83
84.54
84.34
84.13
83.91
83.69
83.49
83.28
83.07
82.85
82.64
82.41
82.19
81.97
81.76
81.58
81.34
81.12
80.91
80.70
80.49
80.28
80.08
79.85
79.62
79.41
79.20
78.98
78.79
78.57
78.38
78.18
78.00
77.78
77.58
77.38
77.18
76.96
76.76
76.55
76.35
76.17
75.96
75.69
75.41
75.19
74.93
74.74
74.45
74.25
74.06
73.83
73.83
73.74
73.65
73.54
73.43
73.35
73.24
73.10
73.01
72.89
72.77
72.67
72.55
72.46
72.31
72.20
72.07
71.96
71.88
71.77
71.66
71.56
71.46
71.37
71.27
71.18
71.05
70.96
70.86
