83.99
83.77
83.58
83.39
83.20
82.98
82.76
82.55
82.34
82.13
81.92
81.62
81.62
81.38
81.16
80.91
80.72
80.54
80.28
80.07
79.94
79.83
79.71
79.51
79.30
79.03
78.80
78.60
78.50
78.39
78.26
78.16
78.05
77.93
77.84
77.70
77.59
77.35
77.13
76.91
76.67
76.48
76.25
76.12
76.02
75.89
75.79
75.67
75.56
75.46
75.35
75.26
75.14
75.02
74.91
74.81
74.70
74.58
74.47
74.36
74.17
74.05
73.91
73.78
73.70
73.60
73.49
73.39
73.29
73.20
73.10
72.98
72.86
72.74
72.64
72.55
72.42
72.30
72.20
72.09
71.95
71.85
71.73
71.61
71.50
71.39
71.31
71.19
71.07
70.97
70.86
70.74
70.62
70.49
70.38
70.27
70.13
70.03
69.93
69.83
69.71
69.60
69.41
69.25
69.14
68.94
68.84
68.70
68.58
68.47
68.32
68.14
68.01
67.90
67.79
67.66
67.55
67.44
67.34
67.24
67.12
67.03
66.93
66.82
66.72
66.64
66.50
66.39
66.28
66.14
66.03
65.94
65.82
65.72
65.61
65.51
65.44
65.33
65.23
