92.87
92.67
92.46
92.27
92.04
91.81
91.60
91.37
91.14
90.91
90.71
90.40
90.01
89.68
89.39
89.09
88.76
88.37
88.08
87.84
87.64
87.43
87.09
86.75
86.45
86.13
85.81
85.60
85.41
85.19
84.99
84.77
84.56
84.37
84.10
83.87
83.58
83.26
82.94
82.63
82.30
81.97
81.73
81.53
81.33
81.15
80.91
80.72
80.52
80.30
80.12
79.90
79.69
79.48
79.27
79.08
78.87
78.65
78.46
78.19
77.97
77.77
77.55
77.32
77.11
76.93
76.73
76.50
76.31
76.10
75.90
75.71
75.45
75.26
75.05
74.85
74.62
74.40
74.22
74.00
73.77
73.55
73.35
73.14
72.93
72.71
72.50
72.29
72.08
71.89
71.66
71.45
71.25
71.06
70.86
70.65
70.44
70.22
70.04
69.84
69.63
69.63
69.53
69.34
69.23
69.06
68.96
68.84
68.74
68.63
68.54
68.38
68.29
68.17
68.05
67.92
67.80
67.67
67.56
67.42
67.32
67.20
67.11
66.99
66.88
66.76
66.61
66.51
66.42
66.31
66.21
66.10
66.01
65.90
65.79
65.69
65.58
65.49
65.39
