92.31
92.10
91.90
91.69
91.47
91.28
91.09
90.86
90.63
90.42
90.23
89.90
89.51
89.16
88.82
88.51
88.14
87.77
87.48
87.26
87.06
86.68
86.31
85.98
85.76
85.43
85.14
84.94
84.75
84.56
84.36
84.15
83.97
83.78
83.78
83.68
83.34
82.99
82.67
82.34
82.02
81.67
81.54
81.40
81.25
81.15
81.06
80.95
80.84
80.74
80.64
80.54
80.43
80.35
80.28
80.17
80.08
79.96
79.83
79.73
79.59
79.46
79.35
79.22
79.11
78.99
78.86
78.77
78.64
78.53
78.42
78.30
78.17
78.04
77.93
77.82
77.73
77.60
77.47
77.38
77.26
77.15
77.05
76.96
76.87
76.77
76.66
76.56
76.46
76.33
76.24
76.13
76.02
75.92
75.81
75.66
75.57
75.48
75.36
75.25
75.16
75.06
74.85
74.69
74.58
74.40
74.31
74.15
74.04
73.93
73.82
73.63
73.55
73.43
73.32
73.20
73.10
72.99
72.87
72.73
72.62
72.50
72.37
72.27
72.12
72.01
71.91
71.79
71.69
71.58
71.47
71.36
71.25
71.15
71.03
70.91
70.80
70.69
70.59
