95.40
95.18
94.98
94.79
94.59
94.38
94.05
93.73
93.38
93.07
92.88
92.68
92.49
92.29
92.11
91.80
91.59
91.36
91.15
90.91
90.72
90.49
90.28
90.09
89.87
89.65
89.41
89.22
89.03
88.84
88.49
88.17
87.85
87.64
87.36
87.16
86.83
86.51
86.31
86.09
85.90
85.69
85.49
85.29
85.06
84.83
84.62
84.39
84.17
83.74
83.34
82.97
82.59
82.39
82.19
82.01
81.75
81.52
81.30
81.08
80.88
80.67
80.45
80.22
80.01
79.83
79.62
79.40
79.20
78.99
78.79
78.58
78.39
78.18
77.95
77.72
77.52
77.33
77.11
76.91
76.71
76.51
76.29
76.09
75.88
75.67
75.48
75.29
75.09
74.89
74.69
74.48
74.23
74.01
73.79
73.59
73.38
73.16
73.16
73.09
72.71
72.38
72.02
71.70
71.38
71.09
70.97
70.77
70.51
70.42
70.17
69.97
69.80
69.56
69.43
69.34
69.23
69.12
69.03
68.94
68.83
68.70
68.52
68.39
68.27
68.16
68.03
67.91
67.77
67.64
67.52
67.44
67.29
67.20
67.10
66.99
66.89
66.78
66.68
66.59
66.47
66.36
