92.19
91.99
91.77
91.57
91.37
91.15
90.79
90.51
90.15
89.86
89.66
89.44
89.23
89.01
88.83
88.46
88.27
88.05
87.84
87.59
87.35
87.14
86.94
86.72
86.52
86.29
86.08
85.87
85.66
85.36
85.04
84.70
84.51
84.30
84.03
83.67
83.29
83.09
82.87
82.67
82.46
82.26
82.05
81.85
81.65
81.41
81.19
80.98
80.77
80.57
80.21
79.82
79.45
79.12
78.93
78.72
78.46
78.23
78.00
77.77
77.57
77.38
77.16
76.96
76.77
76.55
76.33
76.13
75.92
75.74
75.52
75.32
75.12
74.91
74.71
74.47
74.26
74.04
73.85
73.63
73.42
73.21
73.01
72.81
72.62
72.43
72.24
72.00
71.79
71.59
71.40
71.20
71.00
70.78
70.60
70.39
70.20
69.98
69.69
69.47
69.15
68.85
68.85
68.70
68.47
68.00
67.63
67.27
67.15
66.83
66.49
66.16
65.80
65.70
65.60
65.51
65.42
65.31
65.20
65.08
64.97
64.86
64.69
64.59
64.49
64.39
64.28
64.16
64.07
63.96
63.85
63.75
63.64
63.54
63.44
63.35
63.24
63.14
63.03
62.92
62.80
62.69
