89.79
89.59
89.38
89.17
88.96
88.77
88.42
88.08
87.79
87.43
87.23
87.02
86.79
86.58
86.20
85.98
85.80
85.61
85.42
85.12
84.90
84.69
84.47
84.28
84.06
83.83
83.64
83.43
83.21
83.03
82.71
82.36
82.02
81.81
81.81
81.72
81.61
81.36
81.14
81.04
80.94
80.84
80.75
80.65
80.56
80.44
80.28
80.19
80.08
79.98
79.87
79.60
79.38
79.17
78.92
78.81
78.69
78.54
78.43
78.33
78.22
78.12
78.00
77.88
77.80
77.72
77.60
77.51
77.41
77.30
77.21
77.11
77.03
76.91
76.81
76.68
76.60
76.48
76.39
76.27
76.14
76.05
75.94
75.82
75.73
75.61
75.48
75.37
75.27
75.17
75.07
74.97
74.85
74.72
74.61
74.47
74.37
74.26
74.16
73.96
73.85
73.61
73.40
73.17
72.90
72.70
72.48
72.25
71.99
71.91
71.72
71.50
71.30
71.05
70.95
70.83
70.74
70.62
70.53
70.42
70.32
70.20
70.01
69.92
69.82
69.70
69.57
69.46
69.35
69.25
69.13
69.04
68.93
68.82
68.72
68.61
68.47
68.36
68.26
68.15
68.04
67.93
