78.08
77.86
77.65
77.43
77.21
76.81
76.39
75.98
75.59
75.42
75.21
75.00
74.79
74.56
74.34
73.98
73.78
73.53
73.36
73.36
73.25
73.13
73.02
72.93
72.78
72.65
72.54
72.46
72.32
72.22
72.12
71.88
71.72
71.52
71.38
71.21
71.12
70.90
70.68
70.57
70.46
70.36
70.26
70.15
70.04
69.95
69.80
69.70
69.58
69.47
69.34
69.13
68.89
68.63
68.42
68.30
68.19
68.01
67.86
67.74
67.63
67.53
67.43
67.32
67.20
67.05
66.94
66.85
66.71
66.62
66.53
66.44
66.31
66.21
66.13
66.03
65.90
65.76
65.65
65.54
65.41
65.31
65.20
65.09
64.97
64.88
64.77
64.68
64.59
64.49
64.37
64.25
64.13
64.00
63.90
63.76
63.67
63.57
63.46
63.26
63.12
62.88
62.68
62.44
62.23
62.03
61.82
61.58
61.30
61.18
60.99
60.76
60.57
60.35
60.25
60.15
60.06
59.96
59.86
59.74
59.63
59.53
59.36
59.25
59.13
59.03
58.95
58.84
58.73
58.61
58.51
58.39
58.28
58.17
58.07
57.97
57.85
57.74
57.63
57.51
57.40
57.29
