89.35
89.15
88.94
88.74
88.43
88.15
87.82
87.46
87.12
86.79
86.61
86.43
86.22
85.97
85.76
85.56
85.34
85.02
84.63
84.35
84.15
83.94
83.72
83.51
83.32
82.97
82.58
82.21
81.83
81.48
81.29
80.90
80.69
80.34
80.13
79.90
79.60
79.29
79.09
78.88
78.64
78.45
78.14
77.80
77.52
77.13
76.70
76.49
76.19
75.93
75.51
75.16
74.80
74.43
74.04
73.65
73.46
72.97
72.76
72.49
71.97
71.61
71.40
71.22
71.03
70.84
70.66
70.34
70.03
69.67
69.38
69.08
68.74
68.40
68.07
67.77
67.58
67.37
67.14
66.95
66.63
66.31
65.97
65.66
65.35
65.05
64.71
64.44
64.16
63.83
63.56
63.36
63.15
62.96
62.75
62.56
62.36
62.17
61.99
61.81
61.59
61.36
61.15
60.87
60.64
60.31
59.98
59.77
59.53
59.32
59.12
58.92
58.72
58.52
58.23
57.95
57.70
57.41
57.07
56.76
56.42
56.06
55.74
55.41
55.10
54.88
54.55
54.21
54.21
54.04
53.91
53.73
53.62
53.49
53.37
53.24
53.13
53.01
52.92
52.75
52.57
52.46
52.36
52.27
52.17
52.03
51.93
51.83
51.72
51.65
51.55
51.44
51.36
51.26
51.15
51.05
50.95
50.86
50.75
50.62
50.51
50.43
50.31
50.20
50.10
50.00
49.89
49.80
49.68
49.58
49.49
49.38
49.25
49.17
49.09
48.98
48.88
48.76
48.65
48.54
48.42
48.32
48.21
48.10
47.99
47.88
47.79
47.70
47.58
47.48
47.37
47.26
47.17
47.07
46.97
46.86
46.76
46.65
46.53
46.45
46.36
46.25
46.13
46.01
45.89
45.77
45.69
45.57
45.48
45.37
45.28
45.18
45.10
44.99
44.89
44.78
44.67
44.57
44.43
44.31
44.22
44.11
44.01
43.91
43.81
43.71
43.60
43.49
43.40
43.29
43.18
43.07
42.98
42.87
42.75
42.65
42.52
42.44
42.34
42.23
42.14
42.03
41.94
41.84
41.72
41.60
41.48
41.38
41.27
41.19
41.04
40.93
40.82
40.70
40.58
40.49
40.37
40.24
40.14
40.02
39.92
39.80
39.71
39.58
39.49
39.38
39.28
39.16
39.06
38.95
38.83
38.73
38.62
38.51
38.40
38.31
38.17
38.06
37.96
37.87
37.76
37.66
37.53
37.44
37.34
37.25
37.15
37.05
36.96
36.85
36.74
36.62
36.47
36.37
36.26
36.17
36.07
35.95
35.87
35.78
35.67
35.54
35.44
35.36
35.26
35.16
35.06
34.95
34.83
34.70
34.60
34.49
34.37
34.26
34.15
34.03
33.93
33.81
33.72
33.61
33.48
33.39
33.29
33.18
33.09
33.00
32.88
32.80
32.71
32.62
32.52
32.43
32.30
32.20
32.11
31.99
31.92
31.83
31.73
31.62
31.50
31.41
31.33
31.24
31.09
30.98
30.86
30.76
30.65
30.54
30.44
30.29
30.20
30.09
30.00
29.91
29.81
29.74
29.65
29.52
29.42
29.30
29.19
29.08
28.97
28.86
28.78
28.66
28.54
28.44
28.34
28.22
28.13
28.02
27.92
27.81
27.71
27.62
27.50
27.40
27.29
27.17
27.07
26.98
26.86
26.78
26.67
26.58
26.46
26.36
