95.65
95.41
95.21
95.02
94.73
94.42
94.09
93.75
93.40
93.07
92.88
92.69
92.47
92.18
91.98
91.79
91.59
91.27
90.90
90.57
90.35
90.12
89.94
89.73
89.51
89.29
88.96
88.63
88.33
88.03
87.75
87.52
87.16
86.88
86.67
86.44
86.13
85.83
85.65
85.45
85.17
84.95
84.68
84.34
84.00
83.65
83.34
82.99
82.71
82.50
82.18
81.86
81.55
81.26
80.95
80.66
80.35
80.02
79.69
79.41
78.99
78.67
78.46
78.23
78.05
77.84
77.65
77.35
77.05
76.61
76.28
76.01
75.81
75.51
75.18
74.86
74.66
74.45
74.24
73.95
73.62
73.30
72.95
72.59
72.26
71.89
71.69
71.23
70.85
70.64
70.36
70.14
69.93
69.72
69.51
69.29
69.08
68.89
68.70
68.52
68.30
68.11
67.93
67.66
67.42
67.09
66.80
66.57
66.29
66.08
65.86
65.65
65.43
65.23
64.93
64.64
64.42
64.09
63.76
63.27
63.06
62.54
62.30
61.98
61.65
61.41
61.08
60.77
60.40
60.17
60.17
60.09
59.98
59.87
59.73
59.61
59.53
59.40
59.30
59.11
58.95
58.86
58.78
58.69
58.59
58.47
58.38
58.29
58.17
58.06
57.95
57.87
57.75
57.63
57.52
57.39
57.26
57.18
57.07
56.96
56.87
56.77
56.66
56.55
56.45
56.35
56.25
56.12
56.01
55.91
55.83
55.74
55.62
55.53
55.44
55.33
55.23
55.11
54.99
54.89
54.78
54.67
54.56
54.45
54.35
54.24
54.13
54.01
53.90
53.76
53.64
53.53
53.43
53.32
53.24
53.14
53.03
52.95
52.87
52.79
52.68
52.55
52.46
52.36
52.23
52.11
52.01
51.92
51.80
51.68
51.60
51.49
51.38
51.28
51.19
51.07
50.95
50.83
50.69
50.58
50.47
50.36
50.23
50.13
49.98
49.88
49.80
49.67
49.56
49.43
49.31
49.20
49.07
48.99
48.88
48.78
48.67
48.56
48.43
48.32
48.20
48.10
47.98
47.89
47.79
47.71
47.59
47.48
47.36
47.25
47.13
47.00
46.90
46.79
46.68
46.56
46.46
46.35
46.21
46.10
46.01
45.91
45.80
45.71
45.59
45.48
45.37
45.27
45.17
45.06
44.93
44.82
44.70
44.61
44.51
44.41
44.28
44.16
44.07
43.97
43.86
43.74
43.62
43.53
43.43
43.34
43.26
43.14
43.04
42.93
42.83
42.71
42.59
42.47
42.38
42.28
42.16
42.06
41.96
41.83
41.72
41.60
41.49
41.39
41.30
41.20
41.08
40.97
40.87
40.74
40.64
40.55
40.43
40.32
40.20
40.06
39.96
39.83
39.73
39.63
39.52
39.42
39.32
39.22
39.12
39.03
38.93
38.81
38.71
38.62
38.51
38.40
38.27
38.17
38.07
37.94
37.85
37.74
37.64
37.54
37.46
37.32
37.21
37.09
36.98
36.86
36.70
36.60
36.47
36.37
36.27
36.14
36.06
35.95
35.86
35.73
35.59
35.48
35.37
35.26
35.18
35.08
34.97
34.86
34.76
34.67
34.57
34.46
34.36
34.24
34.13
34.02
33.90
33.80
33.71
33.61
33.50
33.41
33.32
33.22
33.09
32.98
32.89
32.75
32.64
32.55
32.45
32.35
32.24
32.12
