99.08
98.85
98.64
98.45
98.15
97.86
97.52
97.17
96.84
96.53
96.34
96.15
95.92
95.63
95.42
95.21
94.97
94.66
94.30
94.00
93.77
93.55
93.36
93.15
92.93
92.68
92.35
92.05
91.72
91.41
91.10
90.91
90.45
90.23
90.01
89.80
89.51
89.18
88.97
88.77
88.50
88.32
88.03
87.70
87.43
87.08
86.76
86.41
86.06
85.79
85.46
85.17
84.86
84.53
84.22
83.89
83.59
83.30
83.00
82.72
82.50
82.17
81.87
81.69
81.46
81.26
81.08
80.78
80.48
80.16
79.83
79.42
79.10
78.81
78.51
78.32
78.12
77.90
77.70
77.51
77.20
76.74
76.47
76.16
75.98
75.59
75.38
75.07
74.61
74.43
74.14
73.94
73.73
73.52
73.31
73.12
72.90
72.71
72.52
72.31
72.12
71.90
71.68
71.41
71.20
70.85
70.54
70.31
70.02
69.84
69.63
69.42
69.23
69.03
68.77
68.51
68.29
67.94
67.61
67.32
66.84
66.45
66.08
65.69
65.47
65.08
64.66
64.24
64.03
63.85
63.57
63.39
63.17
62.97
62.77
62.56
62.34
62.14
62.14
62.06
61.89
61.79
61.66
61.57
61.44
61.32
61.21
61.10
60.99
60.89
60.81
60.68
60.58
60.48
60.38
60.26
60.13
60.03
59.92
59.82
59.72
59.60
59.50
59.39
59.30
59.21
59.12
59.00
58.90
58.81
58.69
58.58
58.46
58.37
58.30
58.20
58.10
58.00
57.90
57.80
57.71
57.59
57.47
57.34
57.24
57.14
57.05
56.94
56.84
56.72
56.62
56.52
56.42
56.32
56.22
56.12
56.01
55.90
55.80
55.67
55.56
55.47
55.36
55.24
55.10
54.98
54.88
54.78
54.68
54.57
54.47
54.36
54.25
54.15
54.03
53.93
53.83
53.72
53.60
53.49
53.39
53.27
53.15
53.06
52.94
52.85
52.75
52.64
52.53
52.43
52.31
52.21
52.08
52.00
51.90
51.80
51.71
51.61
51.50
51.42
51.28
51.19
51.10
51.00
50.91
50.83
50.71
50.60
50.47
50.37
50.25
50.12
50.04
49.94
49.83
49.72
49.62
49.51
49.40
49.29
49.20
49.09
48.99
48.86
48.76
48.66
48.56
48.45
48.35
48.26
48.15
48.04
47.91
47.80
47.70
47.59
47.47
47.37
47.28
47.17
47.09
47.00
46.90
46.79
46.68
46.57
46.46
46.36
46.29
46.17
46.07
45.93
45.82
45.72
45.63
45.49
45.37
45.25
45.14
45.04
44.94
44.83
44.73
44.63
44.52
44.41
44.31
44.19
44.08
43.99
43.89
43.79
43.67
43.56
43.46
43.35
43.24
43.13
43.03
42.91
42.82
42.73
42.62
42.52
42.43
42.32
42.22
42.09
41.99
41.90
41.80
41.68
41.55
41.45
41.34
41.24
41.12
41.03
40.93
40.84
40.74
40.61
40.51
40.41
40.29
40.20
40.08
39.95
39.84
39.76
39.67
39.55
39.46
39.32
39.22
39.09
38.98
38.89
38.80
38.69
38.59
38.47
38.37
38.28
38.18
38.08
37.97
37.88
37.79
37.67
37.56
37.46
37.35
37.26
37.15
37.06
36.95
36.81
36.72
36.63
36.50
36.40
36.29
36.17
36.06
35.95
35.85
35.75
35.63
35.52
