83.10
82.88
82.67
82.38
82.06
81.74
81.39
81.11
80.74
80.54
80.34
80.15
79.93
79.63
79.44
79.24
79.03
78.73
78.40
78.10
77.89
77.68
77.48
77.27
77.07
76.86
76.58
76.27
76.27
76.13
75.93
75.75
75.64
75.44
75.24
75.16
75.04
74.83
74.61
74.50
74.37
74.21
74.12
73.93
73.69
73.49
73.24
73.06
72.81
72.58
72.49
72.28
72.08
71.86
71.64
71.45
71.24
71.01
70.77
70.51
70.29
70.03
69.81
69.59
69.50
69.40
69.29
69.21
68.97
68.78
68.56
68.35
68.12
67.93
67.70
67.51
67.30
67.21
67.09
67.00
66.91
66.71
66.52
66.30
66.14
65.94
65.78
65.57
65.37
65.16
64.89
64.68
64.58
64.48
64.39
64.29
64.20
64.10
63.98
63.88
63.77
63.64
63.53
63.44
63.27
63.16
62.92
62.68
62.61
62.43
62.31
62.19
62.06
61.95
61.85
61.68
61.54
61.41
61.19
60.97
60.79
60.55
60.30
60.08
59.84
59.63
59.55
59.31
59.08
58.85
58.73
58.58
58.47
58.37
58.26
58.15
58.04
57.90
57.77
57.57
57.40
57.32
57.23
57.13
57.04
56.95
56.84
56.72
56.61
56.48
56.37
56.28
56.16
56.04
55.93
55.84
55.75
55.63
55.53
55.42
55.31
55.20
55.09
54.97
54.87
54.78
54.69
54.57
54.45
54.34
54.24
54.14
54.03
53.92
53.83
53.73
53.63
53.51
53.38
53.26
53.16
53.03
52.92
52.81
52.68
52.58
52.49
52.37
52.29
52.18
52.08
51.97
51.88
51.76
51.66
51.56
51.47
51.38
51.27
51.16
51.03
50.93
50.84
50.75
50.62
50.48
50.36
50.26
50.15
50.05
49.96
49.87
49.74
49.64
49.54
49.42
49.32
49.22
49.11
49.03
48.95
48.84
48.75
48.66
48.53
48.44
48.34
48.24
48.15
48.04
47.93
47.83
47.74
47.66
47.57
47.47
47.32
47.22
47.11
47.00
46.87
46.76
46.64
46.53
46.43
46.33
46.23
46.13
46.00
45.91
45.82
45.72
45.64
45.54
45.43
45.32
45.23
45.14
45.02
44.89
44.77
44.68
44.59
44.48
44.38
44.29
44.21
44.11
44.00
43.91
43.80
43.68
43.55
43.47
43.34
43.23
43.10
42.98
42.89
42.79
42.68
42.59
42.48
42.39
42.29
42.19
42.07
41.97
41.87
41.75
41.65
41.57
41.43
41.30
41.18
41.08
40.97
40.86
40.75
40.65
40.54
40.43
40.33
40.24
40.15
40.05
39.94
39.83
39.72
39.59
39.48
39.37
39.25
39.15
39.05
38.89
38.78
38.67
38.56
38.45
38.31
38.19
38.09
37.97
37.87
37.77
37.67
37.57
37.46
37.37
37.26
37.15
37.02
36.93
36.81
36.72
36.61
36.51
36.40
36.30
36.18
36.07
35.99
35.90
35.80
35.68
35.58
35.46
35.35
35.24
35.13
35.01
34.91
34.78
34.68
34.55
34.43
34.35
34.25
34.14
34.04
33.92
33.82
33.74
33.63
33.52
33.40
33.31
33.19
33.10
32.99
32.88
32.78
32.65
32.52
32.42
32.32
32.24
32.13
32.03
31.92
31.81
31.68
31.57
31.45
31.36
31.25
31.15
31.06
30.94
