90.34
90.13
89.94
89.74
89.45
89.12
88.79
88.45
88.14
87.84
87.64
87.44
87.21
86.96
86.76
86.56
86.34
86.02
85.68
85.38
85.17
84.95
84.77
84.56
84.33
84.14
83.82
83.52
83.20
82.92
82.65
82.44
82.07
81.76
81.56
81.35
81.05
80.73
80.52
80.31
80.05
79.86
79.59
79.30
78.98
78.65
78.34
78.03
77.68
77.49
77.19
76.93
76.62
76.29
76.01
75.69
75.37
75.09
74.78
74.49
74.11
73.82
73.53
73.29
73.07
72.87
72.67
72.37
72.01
71.70
71.37
71.07
70.76
70.43
70.11
69.83
69.66
69.46
69.24
69.03
68.70
68.38
68.03
67.64
67.44
67.13
66.81
66.45
66.12
65.69
65.51
65.32
65.13
64.93
64.74
64.55
64.35
64.15
63.98
63.79
63.54
63.34
63.13
62.87
62.47
62.05
61.84
61.65
61.40
61.21
61.01
60.79
60.59
60.37
60.10
59.86
59.62
59.31
58.97
58.97
58.86
58.63
58.40
58.17
57.93
57.69
57.57
57.34
57.14
56.89
56.79
56.65
56.56
56.44
56.33
56.21
56.11
56.00
55.89
55.73
55.56
55.45
55.34
55.23
55.12
55.00
54.89
54.81
54.68
54.58
54.47
54.36
54.26
54.16
54.07
53.97
53.88
53.77
53.66
53.58
53.48
53.37
53.25
53.16
53.07
52.96
52.88
52.76
52.68
52.57
52.47
52.35
52.22
52.11
52.00
51.91
51.79
51.67
51.58
51.49
51.41
51.31
51.19
51.09
50.95
50.84
50.75
50.66
50.56
50.47
50.39
50.28
50.18
50.05
49.95
49.85
49.74
49.64
49.53
49.41
49.31
49.20
49.09
48.98
48.85
48.73
48.64
48.55
48.47
48.35
48.24
48.12
47.99
47.90
47.78
47.67
47.55
47.43
47.33
47.23
47.12
47.00
46.92
46.81
46.66
46.57
46.47
46.33
46.21
46.08
45.99
45.87
45.74
45.62
45.52
45.42
45.32
45.21
45.10
45.02
44.90
44.79
44.67
44.57
44.47
44.35
44.24
44.15
44.03
43.94
43.83
43.70
43.59
43.51
43.38
43.27
43.17
43.04
42.93
42.80
42.71
42.62
42.51
42.39
42.28
42.18
42.08
41.97
41.84
41.71
41.59
41.49
41.38
41.29
41.19
41.08
40.94
40.83
40.72
40.60
40.50
40.41
40.28
40.20
40.08
39.99
39.88
39.76
39.63
39.53
39.41
39.31
39.17
39.06
38.93
38.81
38.67
38.55
38.46
38.32
38.21
38.12
38.02
37.93
37.84
37.74
37.65
37.54
37.44
37.32
37.22
37.13
37.02
36.90
36.81
36.72
36.62
36.52
36.41
36.30
36.18
36.07
35.97
35.87
35.78
35.67
35.57
35.49
35.38
35.29
35.20
35.11
34.96
34.86
34.75
34.65
34.53
34.42
34.31
34.20
34.10
34.00
33.90
33.79
33.71
33.59
33.46
33.35
33.24
33.11
33.03
32.90
32.79
32.67
32.58
32.45
32.32
32.25
32.15
32.01
31.91
31.79
31.70
31.60
31.50
31.40
31.28
31.16
31.07
31.00
30.88
30.79
30.67
30.55
30.43
30.33
30.22
30.11
30.01
29.89
29.77
29.64
29.53
29.41
29.28
29.18
29.08
28.98
28.86
28.76
