82.42
82.21
82.00
81.78
81.45
81.14
80.81
80.45
80.12
79.81
79.60
79.41
79.20
78.94
78.75
78.54
78.34
78.02
77.69
77.37
77.17
76.96
76.75
76.56
76.36
76.13
75.79
75.48
75.14
74.82
74.54
74.35
74.03
73.70
73.49
73.11
72.69
72.48
72.27
72.08
72.08
71.98
71.65
71.36
71.05
70.73
70.37
70.06
69.70
69.58
69.48
69.26
69.06
68.82
68.55
68.36
68.14
67.93
67.68
67.44
67.20
66.98
66.80
66.60
66.48
66.35
66.25
66.15
65.94
65.76
65.54
65.30
65.07
64.83
64.60
64.38
64.21
64.11
64.01
63.90
63.80
63.58
63.35
63.09
62.89
62.65
62.48
62.31
62.12
61.89
61.66
61.45
61.34
61.24
61.15
61.06
60.95
60.85
60.75
60.64
60.54
60.42
60.31
60.19
60.02
59.89
59.67
59.43
59.32
59.16
59.06
58.95
58.82
58.72
58.61
58.41
58.26
58.14
57.92
57.70
57.52
57.29
57.04
56.80
56.56
56.33
56.22
56.00
55.80
55.54
55.43
55.24
55.14
55.02
54.92
54.82
54.73
54.63
54.50
54.33
54.20
54.11
54.00
53.90
53.79
53.67
53.56
53.46
53.34
53.23
53.14
53.03
52.92
52.82
52.70
52.58
52.47
52.35
52.23
52.14
52.02
51.91
51.82
51.70
51.62
51.51
51.42
51.31
51.21
51.08
50.98
50.90
50.77
50.65
50.54
50.45
50.34
50.20
50.10
50.01
49.93
49.83
49.72
49.62
49.49
49.38
49.29
49.18
49.07
48.98
48.89
48.79
48.71
48.62
48.53
48.42
48.29
48.18
48.07
47.98
47.89
47.78
47.66
47.56
47.43
47.30
47.21
47.09
46.99
46.89
46.77
46.63
46.51
46.42
46.31
46.19
46.10
45.99
45.88
45.75
45.66
45.54
45.42
45.31
45.18
45.08
44.98
44.85
44.74
44.61
44.53
44.43
44.34
44.21
44.08
44.00
43.85
43.74
43.64
43.55
43.43
43.34
43.24
43.13
43.01
42.89
42.76
42.66
42.55
42.46
42.35
42.21
42.12
42.04
41.91
41.83
41.70
41.60
41.50
41.37
41.27
41.16
41.04
40.93
40.84
40.73
40.64
40.51
40.42
40.31
40.16
40.06
39.98
39.86
39.75
39.65
39.51
39.41
39.30
39.21
39.09
39.01
38.89
38.77
38.67
38.55
38.44
38.34
38.23
38.12
38.02
37.92
37.79
37.69
37.60
37.52
37.40
37.30
37.21
37.12
37.02
36.91
36.82
36.72
36.61
36.51
36.43
36.33
36.21
36.09
35.98
35.86
35.75
35.64
35.52
35.41
35.31
35.21
35.12
35.01
34.89
34.77
34.66
34.54
34.45
34.34
34.22
34.13
34.02
33.92
33.81
33.70
33.60
33.50
33.40
33.28
33.17
33.07
32.98
32.88
32.76
32.66
32.56
32.46
32.33
32.23
32.08
31.96
31.85
31.77
31.67
31.52
31.43
31.32
31.22
31.11
30.97
30.88
30.75
30.63
30.54
30.44
30.34
30.23
30.13
30.02
29.93
29.82
29.72
29.63
29.51
29.40
29.29
29.20
29.10
29.01
28.91
28.78
28.66
28.56
28.45
28.36
28.23
28.12
27.99
27.88
27.78
27.67
27.52
27.41
