94.25
94.04
93.83
93.62
93.31
93.00
92.65
92.30
91.93
91.61
91.41
91.20
91.00
90.76
90.55
90.33
90.10
89.79
89.48
89.24
89.06
88.85
88.66
88.46
88.24
88.03
87.70
87.36
87.03
86.74
86.45
86.24
85.91
85.54
85.32
85.12
84.81
84.51
84.29
84.06
83.81
83.60
83.27
82.93
82.65
82.27
81.99
81.68
81.34
81.14
80.82
80.51
80.20
79.76
79.45
79.16
78.78
78.50
78.12
77.76
77.57
77.30
76.95
76.75
76.54
76.37
76.00
75.79
75.31
74.95
74.58
74.20
73.84
73.49
73.28
72.99
72.78
72.56
72.37
72.16
71.86
71.54
71.23
70.93
70.61
70.26
69.88
69.67
69.36
69.02
68.72
68.52
68.33
68.13
67.92
67.71
67.51
67.30
67.10
66.90
66.69
66.47
66.24
65.97
65.76
65.46
65.16
64.93
64.66
64.45
64.25
64.04
63.85
63.65
63.65
63.55
63.35
63.20
62.97
62.74
62.35
62.25
61.82
61.69
61.43
61.18
61.06
60.82
60.58
60.33
60.21
60.02
59.93
59.82
59.71
59.60
59.49
59.40
59.29
59.11
58.97
58.87
58.79
58.70
58.59
58.47
58.37
58.27
58.18
58.08
57.98
57.86
57.76
57.63
57.53
57.44
57.34
57.25
57.13
57.00
56.91
56.80
56.69
56.61
56.51
56.40
56.31
56.18
56.07
55.98
55.88
55.79
55.69
55.59
55.48
55.40
55.29
55.20
55.09
54.96
54.85
54.77
54.69
54.58
54.47
54.38
54.29
54.18
54.06
53.95
53.85
53.76
53.67
53.57
53.47
53.37
53.26
53.15
53.05
52.95
52.82
52.71
52.61
52.52
52.39
52.28
52.16
52.04
51.94
51.83
51.75
51.66
51.58
51.49
51.38
51.28
51.16
51.06
50.97
50.85
50.75
50.64
50.54
50.41
50.27
50.17
50.07
49.96
49.89
49.78
49.66
49.54
49.40
49.26
49.15
49.04
48.91
48.82
48.73
48.63
48.49
48.39
48.27
48.18
48.09
48.00
47.91
47.79
47.69
47.59
47.46
47.33
47.24
47.10
46.99
46.91
46.80
46.70
46.60
46.50
46.41
46.27
46.15
46.05
45.96
45.84
45.73
45.60
45.49
45.37
45.25
45.14
45.01
44.92
44.80
44.70
44.56
44.45
44.35
44.24
44.13
44.03
43.94
43.83
43.72
43.61
43.48
43.38
43.28
43.17
43.07
42.96
42.86
42.74
42.63
42.51
42.40
42.27
42.17
42.03
41.95
41.81
41.72
41.63
41.54
41.44
41.33
41.22
41.12
41.02
40.90
40.78
40.70
40.58
40.47
40.34
40.24
40.12
40.03
39.94
39.80
39.69
39.58
39.46
39.36
39.24
39.15
39.03
38.93
38.82
38.72
38.61
38.49
38.39
38.32
38.19
38.09
37.99
37.89
37.80
37.68
37.57
37.47
37.38
37.27
37.18
37.03
36.91
36.81
36.72
36.60
36.47
36.37
36.25
36.12
35.98
35.84
35.74
35.63
35.53
35.44
35.32
35.22
35.13
35.04
34.93
34.83
34.74
34.63
34.51
34.40
34.29
34.16
34.02
33.88
33.77
33.66
33.56
33.46
33.36
33.25
33.15
33.01
32.90
32.77
32.68
32.57
32.46
32.32
32.23
