116.75
116.52
116.24
116.04
115.80
115.60
115.33
114.89
114.54
114.21
113.91
113.62
113.30
112.96
112.62
112.28
111.99
111.71
111.48
111.20
110.91
110.70
110.38
110.02
109.77
109.46
109.12
108.73
108.55
108.25
108.05
107.76
107.51
107.27
106.98
106.73
106.44
106.04
105.84
105.51
105.11
104.92
104.61
104.29
103.91
103.68
103.34
103.04
102.74
102.53
102.18
101.79
101.51
101.30
101.10
100.78
100.38
100.13
99.85
99.54
99.20
98.80
98.43
98.23
97.92
97.69
97.28
96.87
96.65
96.44
96.17
95.78
95.56
95.23
94.91
94.55
94.19
93.85
93.51
93.17
92.89
92.59
92.24
91.95
91.61
91.36
91.14
90.94
90.74
90.51
90.28
90.07
89.83
89.64
89.42
89.11
88.90
88.70
88.44
88.19
87.97
87.75
87.57
87.36
87.36
87.26
87.03
86.83
86.74
86.57
86.35
86.22
86.05
85.83
85.70
85.50
85.41
85.33
85.24
85.04
84.82
84.61
84.39
84.23
84.04
83.84
83.68
83.55
83.32
83.11
82.90
82.76
82.52
82.36
82.24
82.06
81.91
81.72
81.57
81.44
81.25
81.13
81.04
80.94
80.83
80.73
80.62
80.47
80.35
80.25
80.12
79.95
79.82
79.64
79.51
79.40
79.30
79.22
79.14
79.00
78.90
78.80
78.68
78.60
78.50
78.39
78.23
78.08
77.98
77.87
77.73
77.62
77.48
77.30
77.20
77.04
76.92
76.81
76.70
76.55
76.39
76.31
76.19
76.03
75.91
75.79
75.67
75.52
75.40
75.27
75.16
75.09
74.98
74.85
74.72
74.62
74.50
74.40
74.27
74.15
74.03
73.89
73.78
73.62
73.50
73.40
73.29
73.06
72.93
72.79
72.69
72.57
72.45
72.34
72.23
72.13
71.96
71.80
71.71
71.60
71.46
71.36
71.24
71.16
71.06
70.95
70.86
70.73
70.63
70.53
70.41
70.29
70.20
70.06
69.94
69.81
69.71
69.57
69.45
69.34
69.23
69.11
68.99
68.89
68.79
68.63
68.52
68.43
