116.07
115.84
115.57
115.35
115.12
114.91
114.55
114.11
113.68
113.27
112.89
112.57
112.22
111.88
111.56
111.25
110.92
110.57
110.35
110.14
109.84
109.51
109.15
108.72
108.39
108.03
107.66
107.45
107.25
106.90
106.65
106.36
106.10
105.89
105.56
105.25
104.95
104.67
104.37
104.00
103.69
103.44
103.17
102.85
102.53
102.09
101.84
101.51
101.20
100.85
100.58
100.25
99.86
99.62
99.42
99.04
98.79
98.47
98.15
97.86
97.53
97.22
96.91
96.63
96.36
96.16
95.84
95.51
95.22
95.01
94.77
94.45
94.11
93.79
93.56
93.24
92.86
92.55
92.22
91.92
91.53
91.22
90.89
90.59
90.35
90.12
89.90
89.69
89.49
89.28
89.05
88.85
88.62
88.42
88.12
87.87
87.60
87.38
87.12
86.80
86.59
86.37
86.19
85.93
85.63
85.32
85.32
85.17
85.08
84.91
84.69
84.57
84.37
84.19
84.07
83.93
83.85
83.75
83.65
83.47
83.29
83.07
82.85
82.67
82.46
82.25
82.05
81.96
81.76
81.53
81.35
81.21
81.03
80.88
80.75
80.57
80.42
80.26
80.13
80.00
79.84
79.67
79.56
79.44
79.33
79.23
79.06
78.91
78.76
78.67
78.53
78.35
78.23
78.09
77.97
77.88
77.78
77.65
77.56
77.43
77.30
77.20
77.09
76.95
76.85
76.74
76.61
76.49
76.39
76.25
76.17
76.09
76.00
75.91
75.82
75.73
75.59
75.48
75.30
75.17
75.05
74.94
74.82
74.55
74.40
74.15
74.04
73.87
73.76
73.65
73.51
73.37
73.25
73.13
72.97
72.85
72.72
72.60
72.48
72.36
72.25
72.14
72.03
71.87
71.73
71.61
71.52
71.34
71.22
71.11
70.99
70.88
70.76
70.63
70.54
70.28
70.18
70.07
69.97
69.88
69.76
69.67
69.46
69.33
69.22
69.11
69.00
68.90
68.75
68.63
68.48
68.40
68.30
68.13
68.02
67.88
67.79
67.70
67.61
67.50
67.39
67.26
67.16
67.03
66.88
66.73
66.60
66.49
