116.57
116.37
116.08
115.84
115.61
115.43
115.17
114.75
114.41
113.98
113.66
113.35
112.90
112.51
112.27
111.85
111.63
111.27
111.04
110.73
110.41
110.23
109.93
109.61
109.30
109.00
108.66
108.38
108.13
107.83
107.62
107.32
107.10
106.90
106.62
106.33
106.05
105.73
105.45
105.13
104.81
104.47
104.14
103.88
103.59
103.14
102.90
102.52
102.23
101.99
101.66
101.31
100.94
100.72
100.51
100.17
99.87
99.59
99.30
98.99
98.68
98.43
98.14
97.88
97.62
97.43
97.12
96.80
96.53
96.32
96.08
95.76
95.42
95.11
94.86
94.45
94.07
93.78
93.45
93.14
92.78
92.48
92.13
91.84
91.59
91.39
91.19
90.98
90.78
90.58
90.37
90.19
89.99
89.76
89.54
89.29
89.11
88.85
88.60
88.37
88.16
87.96
87.76
87.55
87.27
86.94
86.63
86.43
86.16
85.88
85.68
85.41
85.10
84.86
84.60
84.37
84.18
83.93
83.60
83.32
83.00
82.70
82.38
82.10
81.75
81.38
81.15
80.86
80.55
80.28
80.08
79.88
79.63
79.44
79.16
78.92
78.92
78.83
78.70
78.58
78.45
78.30
78.19
78.10
77.99
77.82
77.70
77.45
77.34
77.23
77.10
76.96
76.83
76.68
76.57
76.45
76.36
76.26
76.16
76.06
75.92
75.81
75.70
75.60
75.46
75.37
75.24
75.11
75.02
74.89
74.80
74.68
74.57
74.47
74.34
74.20
74.06
73.95
73.82
73.69
73.59
73.50
73.36
73.15
73.04
72.86
72.74
72.61
72.45
72.34
72.19
72.07
71.95
71.83
71.70
71.61
71.53
71.44
71.33
71.23
71.11
70.95
70.85
70.68
70.57
70.45
70.34
70.10
69.93
69.82
69.72
69.61
69.49
69.35
69.24
69.11
69.02
68.90
68.79
68.69
68.56
68.44
68.31
68.18
68.08
67.93
67.82
67.71
67.61
67.52
67.42
67.34
67.20
67.06
66.95
66.84
66.73
66.59
66.48
66.37
66.27
66.15
66.03
65.93
65.78
65.66
65.56
65.44
