116.46
116.23
116.02
115.84
115.64
115.42
115.03
114.61
114.36
113.94
113.61
113.33
112.89
112.48
112.11
111.66
111.44
111.09
110.88
110.68
110.38
110.18
109.84
109.53
109.18
108.89
108.55
108.24
108.02
107.72
107.45
107.18
106.91
106.69
106.38
106.06
105.64
105.34
105.09
104.73
104.32
103.98
103.63
103.28
102.91
102.52
102.34
101.90
101.70
101.45
101.17
100.84
100.45
100.25
100.04
99.77
99.44
99.13
98.77
98.50
98.21
97.92
97.46
97.04
96.82
96.38
96.15
95.83
95.49
95.27
95.01
94.68
94.38
94.10
93.87
93.57
93.21
92.91
92.40
92.01
91.62
91.23
90.87
90.50
90.29
90.08
89.85
89.66
89.45
89.23
89.00
88.78
88.57
88.38
88.18
87.89
87.63
87.35
87.10
86.89
86.67
86.42
86.20
85.99
85.68
85.34
85.05
84.86
84.57
84.20
84.00
83.74
83.45
83.23
82.98
82.76
82.53
82.17
81.90
81.49
81.12
80.90
80.63
80.31
80.02
79.74
79.53
79.21
78.90
78.64
78.39
78.16
78.16
78.03
77.91
77.75
77.63
77.47
77.31
77.19
77.04
76.89
76.78
76.68
76.57
76.45
76.30
76.15
76.01
75.90
75.74
75.57
75.44
75.27
75.16
75.04
74.95
74.80
74.70
74.60
74.44
74.36
74.25
74.15
74.02
73.92
73.80
73.69
73.60
73.50
73.39
73.25
73.05
72.94
72.85
72.75
72.65
72.54
72.44
72.25
72.13
72.02
71.94
71.72
71.59
71.46
71.33
71.19
71.09
70.95
70.84
70.73
70.62
70.50
70.36
70.26
70.16
70.03
69.92
69.78
69.66
69.51
69.40
69.22
69.11
69.00
68.91
68.73
68.62
68.51
68.39
68.28
68.16
68.06
67.93
67.81
67.69
67.60
67.51
67.36
67.23
67.15
66.98
66.84
66.75
66.63
66.53
66.40
66.29
66.17
66.05
65.96
65.86
65.74
65.63
65.53
65.41
65.30
65.20
65.10
65.00
64.90
64.80
64.68
64.58
64.41
64.31
64.22
