114.94
114.69
114.42
114.19
113.97
113.72
113.43
113.04
112.59
112.23
111.90
111.58
111.25
110.92
110.92
110.74
110.51
110.28
110.03
109.93
109.80
109.61
109.48
109.30
109.10
108.92
108.65
108.40
108.18
108.09
107.86
107.75
107.55
107.39
107.26
107.08
106.86
106.65
106.45
106.25
106.05
105.87
105.77
105.62
105.39
105.19
104.97
104.73
104.51
104.33
104.13
103.92
103.70
103.40
103.28
103.18
102.97
102.79
102.55
102.32
102.13
101.89
101.66
101.47
101.30
101.12
101.00
100.78
100.51
100.35
100.23
100.15
99.96
99.71
99.53
99.43
99.21
98.94
98.71
98.46
98.27
98.09
97.87
97.64
97.41
97.21
97.06
96.92
96.81
96.71
96.59
96.48
96.39
96.28
96.17
96.02
95.83
95.71
95.59
95.45
95.25
95.14
95.03
94.90
94.76
94.57
94.29
94.06
93.96
93.76
93.55
93.43
93.15
92.92
92.82
92.61
92.51
92.35
92.25
92.07
91.81
91.55
91.30
91.13
90.92
90.71
90.45
90.35
90.12
89.89
89.74
89.60
89.39
89.23
89.10
88.96
88.86
88.72
88.58
88.47
88.27
88.10
87.97
87.84
87.71
87.62
87.52
87.36
87.23
87.12
86.97
86.82
86.66
86.47
86.39
86.27
86.17
86.06
85.96
85.86
85.72
85.63
85.53
85.44
85.33
85.20
85.09
84.94
84.85
84.73
84.66
84.56
84.48
84.38
84.30
84.19
84.05
83.95
83.88
83.70
83.52
83.42
83.21
83.12
83.02
82.91
82.77
82.64
82.54
82.42
82.31
82.23
82.08
81.95
81.76
81.61
81.51
81.40
81.27
81.15
81.02
80.91
80.80
80.66
80.55
80.44
80.37
80.27
80.15
80.04
79.95
79.85
79.71
79.60
79.50
79.32
79.23
79.09
78.98
78.87
78.75
78.65
78.46
78.34
78.24
78.15
78.04
77.91
77.78
77.67
77.58
77.45
77.33
77.20
77.08
76.91
76.79
76.69
76.60
76.49
76.38
76.26
76.15
76.02
75.86
75.75
75.63
75.54
