115.67
115.50
115.25
115.02
114.79
114.46
114.12
113.58
113.09
112.73
112.35
111.97
111.52
111.31
110.98
110.63
110.30
109.95
109.73
109.44
109.11
108.91
108.57
108.07
107.70
107.36
106.96
106.74
106.36
106.13
105.92
105.64
105.38
105.15
104.82
104.52
104.21
103.92
103.60
103.22
102.89
102.65
102.40
102.08
101.75
101.48
101.15
100.88
100.62
100.35
100.03
99.72
99.40
99.16
98.97
98.66
98.21
97.78
97.59
97.12
96.74
96.52
96.24
95.97
95.67
95.46
95.14
94.81
94.81
94.65
94.53
94.44
94.28
94.06
93.86
93.74
93.46
93.18
92.94
92.72
92.48
92.29
92.09
91.84
91.63
91.37
91.26
91.11
90.99
90.88
90.78
90.67
90.56
90.45
90.36
90.25
90.09
89.93
89.75
89.64
89.51
89.40
89.29
89.20
89.06
88.88
88.60
88.43
88.35
88.14
87.95
87.86
87.69
87.44
87.33
87.20
87.09
86.96
86.83
86.65
86.44
86.15
85.93
85.74
85.52
85.33
85.11
85.00
84.78
84.56
84.41
84.28
84.11
83.99
83.85
83.67
83.57
83.43
83.29
83.16
83.03
82.88
82.78
82.70
82.60
82.49
82.39
82.22
82.10
81.98
81.89
81.70
81.60
81.46
81.36
81.25
81.13
81.03
80.91
80.80
80.65
80.55
80.42
80.30
80.17
80.04
79.93
79.73
79.54
79.40
79.31
79.23
79.11
79.01
78.92
78.82
78.70
78.61
78.49
78.34
78.26
78.15
78.04
77.90
77.77
77.58
77.40
77.29
77.16
77.02
76.88
76.78
76.65
76.53
76.43
76.31
76.19
76.06
75.92
75.79
75.66
75.53
75.42
75.27
75.11
74.99
74.90
74.74
74.64
74.53
74.41
74.31
74.14
74.00
73.89
73.73
73.61
73.49
73.41
73.30
73.18
73.09
72.96
72.83
72.74
72.64
72.55
72.43
72.33
72.22
72.05
71.93
71.83
71.70
71.55
71.44
71.32
71.16
71.06
70.96
70.84
70.71
70.59
70.41
70.30
70.18
70.07
69.96
