117.06
116.80
116.50
116.28
116.05
115.84
115.54
115.11
114.73
114.30
113.98
113.61
113.23
112.89
112.58
112.22
111.72
111.49
111.28
111.05
110.75
110.53
110.24
109.92
109.63
109.32
108.96
108.56
108.33
107.97
107.78
107.51
107.28
106.89
106.56
106.18
105.77
105.43
105.06
104.67
104.43
104.18
103.89
103.54
103.19
102.85
102.54
102.16
101.94
101.72
101.31
101.01
100.78
100.58
100.37
100.07
99.75
99.48
99.17
98.86
98.57
98.33
98.00
97.61
97.39
97.06
96.88
96.49
96.17
95.95
95.69
95.44
95.10
94.91
94.67
94.36
93.97
93.63
93.32
93.00
92.66
92.37
92.02
91.75
91.44
91.22
90.96
90.74
90.53
90.33
90.11
89.90
89.69
89.48
89.27
88.96
88.74
88.53
88.26
88.03
87.82
87.62
87.41
87.08
86.73
86.30
86.08
85.90
85.58
85.23
85.00
84.77
84.46
84.22
83.95
83.75
83.55
83.11
82.69
82.32
82.09
81.59
81.22
81.03
80.70
80.42
80.21
79.90
79.54
79.26
78.98
78.73
78.48
78.28
78.28
78.17
77.99
77.82
77.65
77.52
77.34
77.20
77.09
76.97
76.87
76.77
76.61
76.45
76.35
76.25
76.12
75.96
75.83
75.66
75.48
75.38
75.21
75.09
75.00
74.88
74.76
74.64
74.51
74.41
74.30
74.16
74.03
73.81
73.69
73.55
73.42
73.31
73.20
73.06
72.95
72.85
72.71
72.61
72.45
72.24
72.16
72.03
71.90
71.71
71.59
71.45
71.32
71.19
71.07
70.94
70.80
70.71
70.46
70.33
70.20
70.07
69.97
69.86
69.75
69.58
69.47
69.34
69.21
69.04
68.92
68.82
68.72
68.52
68.39
68.28
68.16
68.03
67.91
67.78
67.69
67.52
67.40
67.26
67.17
67.05
66.93
66.84
66.67
66.58
66.47
66.37
66.26
66.16
66.06
65.98
65.81
65.67
65.56
65.42
65.32
65.15
65.04
64.89
64.79
64.68
64.56
64.44
64.27
64.17
64.08
63.93
63.83
63.73
