115.53
115.31
115.02
114.81
114.57
114.35
114.03
113.67
113.28
112.91
112.58
112.24
111.76
111.34
111.13
110.60
110.35
110.06
109.86
109.66
109.35
109.15
108.74
108.38
108.09
107.75
107.42
107.02
106.80
106.46
106.24
105.98
105.98
105.90
105.77
105.58
105.39
105.07
104.84
104.64
104.42
104.14
104.02
103.83
103.60
103.40
103.11
102.87
102.62
102.40
102.26
102.07
101.86
101.59
101.47
101.35
101.16
101.05
100.78
100.56
100.36
100.13
99.91
99.68
99.52
99.25
99.14
98.97
98.75
98.56
98.49
98.39
98.16
97.94
97.76
97.61
97.39
97.08
96.83
96.65
96.48
96.27
96.06
95.84
95.66
95.45
95.33
95.19
95.10
95.01
94.90
94.78
94.68
94.56
94.45
94.34
94.14
94.01
93.81
93.59
93.43
93.33
93.22
93.12
93.01
92.80
92.56
92.34
92.25
92.05
91.86
91.74
91.58
91.41
91.30
91.07
90.96
90.85
90.75
90.48
90.29
90.03
89.78
89.60
89.40
89.22
89.06
88.96
88.70
88.50
88.32
88.23
88.13
87.92
87.80
87.62
87.51
87.35
87.21
87.10
86.94
86.80
86.69
86.59
86.48
86.33
86.21
86.06
85.92
85.79
85.64
85.44
85.32
85.17
85.05
84.96
84.85
84.73
84.64
84.55
84.42
84.32
84.17
84.07
83.97
83.87
83.75
83.55
83.44
83.31
83.19
83.07
82.97
82.85
82.74
82.61
82.48
82.37
82.26
82.11
82.01
81.86
81.75
81.53
81.41
81.22
81.09
80.94
80.83
80.72
80.61
80.53
80.39
80.25
80.12
80.00
79.91
79.78
79.65
79.54
79.41
79.32
79.21
79.05
78.96
78.81
78.69
78.43
78.32
78.18
78.08
77.98
77.83
77.71
77.59
77.46
77.32
77.20
77.09
76.96
76.84
76.74
76.56
76.44
76.33
76.21
76.11
75.99
75.88
75.78
75.65
75.54
75.43
75.31
75.22
75.11
74.99
74.87
74.76
74.64
74.54
74.39
74.29
74.19
74.07
73.92
73.81
73.72
