116.17
115.91
115.66
115.45
115.27
115.06
114.72
114.25
113.91
113.55
113.23
112.87
112.54
112.19
111.75
111.25
111.04
110.67
110.47
110.26
109.98
109.79
109.46
109.12
108.81
108.51
108.18
107.87
107.65
107.32
107.10
106.83
106.60
106.38
106.08
105.79
105.52
105.19
104.89
104.47
104.10
103.90
103.60
103.25
102.82
102.48
102.07
101.69
101.49
101.18
100.78
100.43
100.17
99.97
99.76
99.45
99.12
98.83
98.49
98.17
97.87
97.61
97.31
96.96
96.62
96.37
96.09
95.71
95.43
95.24
95.02
94.74
94.46
94.07
93.85
93.43
92.97
92.63
92.41
92.10
91.84
91.58
91.28
90.98
90.69
90.48
90.22
90.00
89.81
89.62
89.38
89.16
88.93
88.73
88.43
88.15
87.93
87.66
87.43
87.19
86.96
86.76
86.58
86.37
86.09
85.67
85.31
85.10
84.83
84.53
84.32
83.97
83.70
83.48
83.48
83.35
83.25
83.15
82.89
82.73
82.31
81.99
81.91
81.66
81.47
81.22
81.04
80.92
80.73
80.48
80.29
80.18
79.96
79.84
79.75
79.58
79.46
79.27
79.14
79.02
78.83
78.63
78.51
78.41
78.32
78.16
78.00
77.81
77.69
77.59
77.43
77.28
77.14
76.98
76.88
76.72
76.63
76.51
76.43
76.32
76.18
76.10
75.99
75.87
75.71
75.58
75.46
75.33
75.25
75.10
75.01
74.90
74.80
74.67
74.58
74.47
74.34
74.25
74.10
74.00
73.89
73.78
73.64
73.44
73.30
73.18
73.07
72.90
72.77
72.69
72.57
72.46
72.29
72.16
72.03
71.93
71.82
71.70
71.58
71.43
71.31
71.17
71.05
70.88
70.77
70.67
70.56
70.37
70.27
70.17
70.06
69.94
69.80
69.67
69.56
69.38
69.25
69.13
69.03
68.91
68.78
68.67
68.48
68.34
68.25
68.12
68.03
67.91
67.83
67.70
67.55
67.42
67.31
67.21
67.09
66.93
66.84
66.67
66.56
66.45
66.33
66.21
66.09
65.97
65.84
65.70
65.61
65.53
