107.66
107.46
107.27
107.06
106.84
106.52
106.15
105.77
105.38
105.00
104.57
104.26
103.85
103.61
103.28
102.85
102.51
102.14
101.78
101.45
101.16
100.95
100.64
100.30
100.03
99.78
99.47
99.19
98.93
98.59
98.36
98.03
97.74
97.51
97.19
96.89
96.54
96.24
95.96
95.64
95.29
95.05
94.78
94.57
94.30
93.98
93.77
93.42
93.07
92.80
92.59
92.37
92.09
91.86
91.66
91.45
91.19
90.90
90.55
90.26
90.03
89.82
89.50
89.28
89.02
88.80
88.54
88.34
88.14
87.88
87.68
87.45
87.25
87.04
86.81
86.61
86.41
86.22
85.99
85.77
85.52
85.32
85.11
84.85
84.64
84.42
84.23
84.01
83.81
83.62
83.38
83.05
82.78
82.57
82.37
82.16
81.88
81.59
81.36
81.13
80.90
80.62
80.39
80.05
79.73
79.49
79.18
78.89
78.60
78.28
78.02
77.79
77.48
77.14
76.93
76.63
76.21
75.99
75.65
75.44
75.19
74.92
74.65
74.43
74.16
73.98
73.77
73.54
73.24
73.04
72.82
72.61
72.36
72.15
71.97
71.73
71.51
71.51
71.37
71.26
71.11
70.97
70.86
70.70
70.61
70.48
70.30
70.13
70.03
69.89
69.78
69.61
69.49
69.36
69.21
69.08
68.95
68.81
68.72
68.60
68.43
68.33
68.19
68.07
67.98
67.83
67.71
67.62
67.51
67.36
67.27
67.14
67.01
66.92
66.80
66.68
66.56
