107.88
107.60
107.38
107.17
106.95
106.62
106.32
105.98
105.59
105.26
104.88
104.51
104.20
103.87
103.51
103.18
102.85
102.54
102.24
101.97
101.61
101.42
101.03
100.72
100.44
100.16
99.80
99.50
99.18
98.85
98.60
98.30
98.03
97.82
97.44
97.10
96.81
96.47
96.16
95.87
95.55
95.23
94.97
94.77
94.50
94.22
94.00
93.72
93.40
93.09
92.86
92.64
92.35
92.10
91.88
91.65
91.36
91.07
90.76
90.50
90.27
90.06
89.68
89.45
89.22
89.00
88.75
88.53
88.30
88.07
87.83
87.61
87.38
87.17
86.99
86.78
86.55
86.35
86.13
85.92
85.71
85.52
85.29
85.05
84.78
84.57
84.38
84.13
83.92
83.73
83.51
83.30
83.08
82.80
82.60
82.38
82.10
82.10
81.99
81.85
81.71
81.39
81.30
80.96
80.65
80.53
80.39
79.98
79.68
79.37
79.08
78.96
78.83
78.60
78.40
78.29
78.09
77.90
77.67
77.47
77.27
77.10
76.99
76.84
76.72
76.51
76.37
76.26
76.12
75.92
75.78
75.66
75.57
75.40
75.30
75.19
75.07
74.96
74.76
74.67
74.57
74.45
74.34
74.20
74.09
73.96
73.77
73.57
73.45
73.32
73.16
73.03
72.93
72.80
72.65
72.53
72.40
72.27
72.19
72.10
71.95
71.85
71.75
71.64
71.51
71.42
71.29
71.19
71.09
70.95
70.85
70.70
70.54
70.41
70.31
70.13
70.01
