105.99
105.68
105.44
105.22
104.96
104.56
104.07
103.72
103.30
102.91
102.91
102.55
102.20
101.87
101.54
101.22
100.90
100.55
100.16
99.80
99.65
99.40
99.30
99.10
98.83
98.64
98.48
98.27
98.07
97.84
97.63
97.45
97.26
97.03
96.92
96.69
96.38
96.17
95.96
95.74
95.56
95.31
95.14
95.03
94.93
94.80
94.57
94.47
94.29
94.08
93.87
93.75
93.64
93.47
93.36
93.24
93.14
92.93
92.77
92.56
92.35
92.24
92.14
91.96
91.83
91.67
91.54
91.36
91.21
91.08
90.97
90.77
90.65
90.53
90.35
90.21
90.10
89.98
89.81
89.68
89.58
89.47
89.35
89.24
89.08
88.97
88.74
88.62
88.50
88.40
88.27
88.16
88.05
87.93
87.74
87.63
87.51
87.30
87.11
87.01
86.89
86.76
86.58
86.45
86.22
85.97
85.80
85.60
85.43
85.22
84.97
84.76
84.59
84.44
84.25
84.14
83.90
83.64
83.42
83.24
83.06
82.90
82.68
82.54
82.43
82.30
82.22
82.05
81.89
81.73
81.61
81.46
81.38
81.18
81.05
80.92
80.81
80.69
80.55
80.46
80.24
80.11
80.02
79.85
79.74
79.59
79.37
79.19
79.09
78.95
78.80
78.66
78.56
78.45
78.24
78.12
77.99
77.86
77.78
77.69
77.55
77.44
77.32
77.16
77.08
76.96
76.86
76.76
76.65
76.46
76.36
76.20
76.08
75.94
75.81
75.68
75.56
