106.82
106.60
106.39
106.18
105.95
105.57
105.30
104.93
104.62
104.25
103.91
103.53
103.19
102.82
102.44
102.07
101.78
101.41
101.09
100.78
100.46
100.28
99.99
99.70
99.41
99.11
98.83
98.50
98.21
97.90
97.68
97.68
97.53
97.34
97.02
96.69
96.38
96.02
95.67
95.35
95.06
94.91
94.65
94.49
94.39
94.26
94.06
93.75
93.42
93.26
93.05
92.92
92.83
92.64
92.50
92.36
92.26
92.11
91.91
91.70
91.52
91.35
91.26
91.06
90.96
90.81
90.70
90.54
90.41
90.31
90.17
90.03
89.89
89.80
89.69
89.57
89.45
89.32
89.15
89.05
88.95
88.83
88.71
88.60
88.46
88.35
88.07
87.94
87.82
87.72
87.64
87.47
87.30
87.18
87.08
86.97
86.83
86.66
86.47
86.33
86.22
86.12
85.92
85.75
85.54
85.34
85.19
84.99
84.80
84.58
84.38
84.14
83.98
83.77
83.58
83.50
83.33
83.12
82.87
82.67
82.50
82.36
82.19
82.05
81.91
81.73
81.62
81.51
81.39
81.22
81.08
80.95
80.84
80.66
80.52
80.42
80.33
80.20
79.98
79.89
79.66
79.52
79.40
79.17
79.04
78.93
78.74
78.60
78.51
78.37
78.23
78.10
77.98
77.85
77.67
77.55
77.42
77.29
77.19
77.06
76.91
76.81
76.71
76.60
76.50
76.40
76.31
76.20
76.07
75.92
75.82
75.63
75.48
75.35
75.21
75.03
74.92
