106.41
106.17
105.98
105.78
105.52
105.23
104.91
104.60
104.24
103.89
103.43
103.03
102.63
102.41
102.08
101.66
101.33
100.97
100.64
100.33
99.97
99.77
99.77
99.63
99.24
98.94
98.65
98.36
98.25
97.88
97.74
97.53
97.35
97.20
97.07
96.78
96.53
96.32
96.08
95.83
95.65
95.37
95.09
94.96
94.82
94.68
94.48
94.35
94.18
94.02
93.84
93.74
93.62
93.44
93.34
93.23
93.12
92.95
92.76
92.56
92.36
92.23
92.13
91.92
91.80
91.61
91.44
91.24
91.11
91.00
90.85
90.74
90.64
90.51
90.38
90.26
90.16
90.05
89.96
89.86
89.76
89.59
89.50
89.38
89.24
89.11
88.85
88.75
88.64
88.51
88.41
88.24
88.13
88.01
87.88
87.78
87.67
87.47
87.31
87.22
87.08
86.96
86.76
86.59
86.39
86.11
85.99
85.78
85.60
85.35
85.17
84.94
84.77
84.58
84.41
84.30
84.13
83.88
83.70
83.48
83.24
83.06
82.93
82.79
82.63
82.47
82.39
82.28
82.18
81.97
81.83
81.64
81.50
81.35
81.25
81.13
81.02
80.92
80.70
80.61
80.43
80.29
80.17
79.99
79.89
79.78
79.57
79.41
79.31
79.18
79.06
78.94
78.82
78.71
78.57
78.46
78.31
78.21
78.12
78.03
77.88
77.78
77.64
77.53
77.41
77.27
77.18
77.07
76.95
76.81
76.69
76.58
76.43
76.28
76.15
76.01
75.91
