106.02
105.81
105.56
105.37
105.01
104.74
104.32
103.89
103.46
103.04
102.65
102.19
101.81
101.81
101.70
101.50
101.19
101.03
100.74
100.53
100.28
99.98
99.83
99.61
99.42
99.24
99.06
98.80
98.62
98.43
98.22
98.11
97.88
97.68
97.58
97.35
97.19
96.93
96.67
96.35
96.16
95.91
95.74
95.57
95.40
95.23
95.11
95.00
94.72
94.51
94.32
94.20
94.10
93.92
93.82
93.71
93.63
93.44
93.26
93.06
92.90
92.76
92.65
92.54
92.40
92.24
92.09
91.97
91.87
91.77
91.63
91.55
91.46
91.37
91.26
91.15
91.04
90.93
90.74
90.63
90.52
90.32
90.21
90.09
89.95
89.83
89.59
89.48
89.36
89.23
89.14
89.04
88.83
88.67
88.50
88.41
88.25
88.08
87.92
87.78
87.64
87.51
87.33
87.14
86.95
86.75
86.62
86.40
86.15
85.89
85.62
85.36
85.16
84.89
84.66
84.55
84.38
84.19
84.00
83.83
83.64
83.50
83.37
83.20
83.08
82.90
82.78
82.67
82.56
82.39
82.29
82.17
82.04
81.88
81.77
81.68
81.57
81.40
81.23
81.11
80.94
80.79
80.64
80.41
80.32
80.21
79.93
79.81
79.72
79.60
79.50
79.34
79.24
79.12
78.94
78.76
78.60
78.42
78.32
78.14
78.00
77.88
77.75
77.65
77.52
77.40
77.30
77.17
77.05
76.85
76.75
76.58
76.43
76.29
76.15
76.01
75.92
