106.96
106.72
106.52
106.32
106.09
105.79
105.35
105.04
104.69
104.36
103.94
103.53
103.13
102.73
102.48
102.12
101.66
101.44
101.08
100.76
100.42
100.23
99.94
99.62
99.33
99.06
98.79
98.49
98.09
97.75
97.52
97.19
96.95
96.75
96.42
96.09
95.79
95.50
95.15
94.90
94.57
94.23
94.01
93.81
93.52
93.20
92.80
92.40
92.19
91.87
91.65
91.43
91.12
90.89
90.67
90.46
90.14
89.84
89.54
89.23
89.00
88.81
88.48
88.26
88.00
87.81
87.50
87.27
87.07
86.82
86.60
86.36
86.13
85.93
85.72
85.52
85.31
85.07
84.85
84.64
84.40
84.19
83.98
83.73
83.50
83.25
83.04
82.86
82.66
82.45
82.23
81.96
81.70
81.49
81.29
81.11
80.81
80.51
80.29
80.05
79.80
79.50
79.28
78.94
78.60
78.36
78.08
77.73
77.40
77.04
76.72
76.46
76.14
75.86
75.64
75.33
74.97
74.66
74.66
74.49
74.27
74.14
74.01
73.84
73.69
73.46
73.36
73.26
73.12
72.93
72.75
72.63
72.51
72.34
72.21
72.13
72.01
71.90
71.71
71.60
71.46
71.28
71.14
70.94
70.82
70.69
70.48
70.28
70.16
70.03
69.89
69.78
69.66
69.55
69.39
69.27
69.17
69.00
68.90
68.76
68.61
68.52
68.41
68.32
68.19
68.03
67.95
67.86
67.75
67.59
67.47
67.34
67.19
67.08
66.99
66.84
66.71
