107.69
107.39
107.15
106.96
106.69
106.26
105.94
105.51
105.19
104.86
104.45
104.13
103.75
103.37
103.14
102.77
102.47
102.12
101.78
101.52
101.15
100.90
100.62
100.25
99.97
99.74
99.42
99.09
98.71
98.38
98.16
97.82
97.55
97.32
97.02
96.65
96.34
96.01
95.72
95.42
95.03
94.76
94.56
94.37
94.12
93.79
93.58
93.26
92.96
92.66
92.44
92.24
91.95
91.75
91.53
91.30
90.95
90.68
90.37
90.08
89.86
89.66
89.38
89.15
88.87
88.63
88.36
88.14
87.91
87.66
87.41
87.20
86.97
86.72
86.52
86.33
86.12
85.87
85.66
85.44
85.19
85.00
84.74
84.53
84.32
84.05
83.82
83.63
83.40
83.18
82.94
82.71
82.39
82.18
82.00
81.80
81.80
81.67
81.47
81.36
81.19
81.02
80.82
80.64
80.44
80.20
80.06
79.90
79.69
79.49
79.31
79.07
78.93
78.75
78.60
78.47
78.30
78.09
77.91
77.73
77.57
77.40
77.26
77.10
76.98
76.84
76.74
76.61
76.51
76.30
76.20
76.06
75.88
75.76
75.66
75.56
75.44
75.32
75.17
75.07
74.91
74.78
74.66
74.43
74.33
74.22
73.99
73.87
73.77
73.65
73.54
73.39
73.28
73.17
72.96
72.84
72.69
72.56
72.45
72.30
72.11
72.02
71.93
71.81
71.68
71.58
71.49
71.40
71.30
71.11
71.00
70.84
70.73
70.65
70.51
70.34
70.22
