107.33
107.11
106.90
106.67
106.33
106.11
105.72
105.37
104.99
104.64
104.27
103.92
103.58
103.35
103.01
102.64
102.37
102.02
101.73
101.41
101.10
100.92
100.58
100.26
99.92
99.67
99.36
99.05
98.73
98.42
98.19
97.90
97.65
97.43
97.09
96.79
96.47
96.01
95.66
95.28
94.92
94.70
94.48
94.25
93.99
93.71
93.49
93.19
92.87
92.55
92.34
92.15
91.86
91.66
91.44
91.24
90.98
90.68
90.32
90.06
89.85
89.65
89.33
89.14
88.82
88.59
88.33
88.13
87.94
87.71
87.47
87.24
87.00
86.77
86.58
86.37
86.14
85.95
85.72
85.52
85.30
85.10
84.87
84.64
84.43
84.23
84.03
83.81
83.60
83.40
83.18
82.96
82.70
82.51
82.30
82.11
81.79
81.52
81.30
81.11
80.88
80.62
80.37
80.04
79.71
79.43
79.14
78.84
78.53
78.21
77.90
77.66
77.33
77.05
76.85
76.59
76.25
75.99
75.72
75.43
75.20
74.95
74.69
74.49
74.21
73.97
73.77
73.53
73.27
73.03
72.82
72.55
72.55
72.43
72.34
72.19
72.08
71.95
71.74
71.63
71.43
71.29
71.18
70.99
70.87
70.77
70.60
70.45
70.35
70.23
70.13
70.03
69.92
69.83
69.68
69.59
69.47
69.30
69.21
69.10
68.90
68.78
68.66
68.51
68.39
68.29
68.18
68.06
67.95
67.74
67.63
67.48
67.38
67.23
67.13
66.99
66.89
