107.17
106.93
106.71
106.52
106.31
106.02
105.67
105.39
105.07
104.72
104.32
103.98
103.54
103.23
102.88
102.52
102.22
101.91
101.61
101.30
100.96
100.76
100.40
100.11
99.81
99.49
98.98
98.51
98.13
97.92
97.53
97.32
97.06
96.83
96.48
96.16
95.84
95.55
95.23
94.94
94.67
94.41
94.20
93.99
93.71
93.45
93.23
92.89
92.58
92.27
92.04
91.85
91.56
91.35
91.11
90.92
90.62
90.31
90.01
89.76
89.54
89.34
89.01
88.79
88.51
88.29
88.01
87.80
87.60
87.34
87.08
86.89
86.70
86.45
86.24
86.02
85.80
85.52
85.32
85.10
84.88
84.69
84.50
84.25
84.03
83.81
83.61
83.39
83.21
83.02
82.82
82.62
82.40
82.19
81.99
81.76
81.49
81.21
81.01
80.78
80.58
80.15
79.89
79.62
79.32
79.13
78.84
78.55
78.55
78.40
78.19
77.94
77.51
77.20
77.07
76.78
76.45
76.33
75.96
75.85
75.65
75.50
75.30
75.14
75.01
74.85
74.76
74.64
74.55
74.37
74.25
74.15
74.03
73.90
73.79
73.65
73.54
73.42
73.23
73.14
73.01
72.87
72.73
72.51
72.38
72.25
72.05
71.87
71.79
71.68
71.56
71.40
71.28
71.16
71.03
70.92
70.81
70.68
70.56
70.45
70.29
70.21
70.11
69.99
69.86
69.74
69.64
69.55
69.43
69.30
69.20
69.01
68.87
68.70
68.56
68.36
68.26
