108.21
107.98
107.76
107.58
107.37
107.04
106.70
106.20
105.85
105.56
105.17
104.95
104.47
104.17
103.91
103.56
103.26
102.90
102.56
102.20
101.86
101.68
101.38
100.99
100.68
100.41
100.11
99.76
99.42
99.12
98.88
98.62
98.36
98.14
97.80
97.51
97.19
96.89
96.50
96.22
95.84
95.56
95.30
95.10
94.87
94.59
94.37
94.05
93.77
93.45
93.21
92.98
92.71
92.48
92.27
92.07
91.77
91.51
91.15
90.85
90.66
90.45
90.17
89.95
89.66
89.42
89.15
88.88
88.65
88.40
88.15
87.87
87.67
87.46
87.23
87.02
86.80
86.53
86.32
86.12
85.91
85.69
85.48
85.24
85.05
84.75
84.54
84.35
84.14
83.95
83.74
83.50
83.27
83.07
82.87
82.66
82.37
82.08
81.84
81.59
81.22
80.98
80.57
80.20
80.01
79.74
79.29
78.96
78.58
78.18
77.94
77.68
77.36
77.36
77.24
77.12
76.91
76.64
76.49
76.30
76.09
75.92
75.80
75.66
75.52
75.41
75.31
75.14
75.03
74.85
74.70
74.54
74.41
74.28
74.15
74.05
73.95
73.83
73.69
73.59
73.49
73.31
73.21
73.01
72.89
72.79
72.58
72.45
72.36
72.23
72.07
71.93
71.83
71.71
71.51
71.40
71.29
71.16
71.06
70.93
70.80
70.67
70.55
70.40
70.29
70.20
70.08
69.97
69.87
69.74
69.62
69.50
69.37
69.25
69.15
69.00
68.91
