108.10
107.78
107.54
107.32
107.09
106.74
106.35
106.04
105.61
105.27
104.90
104.53
104.18
103.86
103.49
103.14
102.73
102.51
102.21
101.88
101.47
101.24
100.91
100.62
100.33
100.10
99.78
99.50
99.19
98.90
98.64
98.32
98.04
97.62
97.23
96.83
96.44
95.98
95.61
95.20
94.94
94.65
94.43
94.22
93.96
93.64
93.40
93.09
92.77
92.45
92.25
92.05
91.78
91.58
91.37
91.18
90.92
90.68
90.35
90.06
89.85
89.62
89.31
89.10
88.88
88.61
88.34
88.10
87.88
87.62
87.42
87.23
87.04
86.77
86.59
86.38
86.19
85.96
85.75
85.54
85.32
85.13
84.93
84.69
84.47
84.26
84.06
83.85
83.64
83.45
83.21
82.99
82.76
82.54
82.32
82.11
81.82
81.55
81.36
81.12
80.92
80.66
80.41
80.14
79.86
79.49
79.14
78.92
78.59
78.10
77.82
77.57
77.26
76.98
76.76
76.46
76.18
75.91
75.62
75.31
75.03
74.73
74.73
74.61
74.43
74.25
74.16
74.05
73.95
73.78
73.63
73.53
73.41
73.25
73.15
73.04
72.92
72.76
72.56
72.47
72.32
72.22
72.09
71.91
71.80
71.69
71.50
71.36
71.26
71.16
71.07
70.96
70.86
70.77
70.62
70.49
70.35
70.21
70.10
69.98
69.90
69.78
69.69
69.55
69.47
69.37
69.25
69.12
69.00
68.86
68.77
68.66
68.54
68.39
68.27
68.11
68.00
