1	103.07	103.20	103.41	103.45	103.61	103.73	103.80	103.95	103.98	104.07	101.89	104.18	102.11	102.33	102.52	102.44	102.63	102.90	102.94	103.14
2	102.86	102.99	103.17	103.23	103.38	103.50	103.55	103.67	103.74	103.84	101.65	103.94	101.87	102.07	102.28	102.21	102.38	102.66	102.67	102.88
3	102.61	102.77	102.99	103.01	103.17	103.29	103.34	103.45	103.52	103.65	101.44	103.72	101.68	101.85	102.06	101.99	102.16	102.45	102.46	102.67
4	102.37	102.53	102.74	102.75	102.96	103.01	103.10	103.18	103.31	103.43	101.21	103.47	101.47	101.59	101.81	101.78	101.96	102.17	102.20	102.41
5	102.15	102.19	102.55	102.52	102.75	102.77	102.86	102.98	103.05	103.20	100.83	103.27	101.28	101.36	101.59	101.57	101.75	101.91	101.98	102.20
6	101.85	101.99	102.23	102.22	102.42	102.37	102.59	102.67	102.75	102.89	100.63	102.94	100.78	101.05	101.32	101.24	101.25	101.61	101.68	101.86
7	101.54	101.56	101.92	101.88	102.10	102.03	102.26	102.35	102.43	102.56	100.16	102.63	100.33	100.74	100.96	100.90	100.86	101.23	101.35	101.51
8	101.10	101.17	101.53	101.55	101.71	101.69	101.90	101.96	102.05	102.27	99.65	102.16	100.13	100.34	100.60	100.47	100.45	100.91	100.94	101.28
9	100.71	100.82	101.16	101.17	101.31	101.36	101.52	101.61	101.67	101.92	99.28	101.81	99.65	99.96	100.19	100.12	100.03	100.52	100.58	100.83
10	100.35	100.45	100.78	100.71	100.95	100.99	101.15	101.21	101.24	101.57	98.88	101.45	99.65	99.54	99.83	99.65	99.62	100.12	100.19	100.59
11	100.03	100.19	100.44	100.41	100.62	100.62	100.83	100.87	100.90	101.21	98.50	101.17	99.37	99.23	99.48	99.29	99.26	99.79	99.81	100.09
12	99.75	99.90	100.11	100.08	100.24	100.37	100.48	100.54	100.58	100.92	98.12	100.94	99.00	98.91	99.11	98.94	98.87	99.45	99.52	99.73
13	99.38	99.55	99.74	99.76	99.90	100.05	100.12	100.22	100.26	100.55	97.71	100.45	98.65	98.60	98.76	98.54	98.52	99.11	99.19	99.38
14	99.04	99.25	99.33	99.36	99.52	99.67	99.81	99.83	99.87	100.17	97.71	100.10	98.30	98.18	98.37	98.10	98.25	98.73	98.80	98.98
16	98.71	98.89	98.98	98.94	99.08	99.43	99.45	99.49	99.53	99.80	97.63	99.83	97.93	98.18	98.00	97.86	97.88	98.38	98.47	98.55
17	98.29	98.51	98.68	98.66	98.79	99.12	99.16	99.18	99.09	99.50	97.35	99.51	97.56	97.96	97.65	97.53	97.54	98.06	98.08	98.33
18	97.97	98.22	98.36	98.32	98.40	98.84	98.86	98.82	98.71	99.00	97.08	99.22	97.23	97.77	97.20	97.53	97.23	97.75	97.80	98.01
19	97.60	97.92	98.03	97.77	98.16	98.49	98.56	98.51	98.32	98.75	96.88	98.90	96.96	97.39	96.94	97.39	96.85	97.38	97.45	97.65
20	97.25	97.62	97.71	97.46	97.81	98.15	98.20	98.21	97.93	98.43	96.73	98.56	96.63	97.23	96.52	96.98	96.58	97.08	97.12	97.36
21	96.92	97.30	97.38	97.09	97.43	97.79	97.85	97.87	97.69	98.10	96.52	98.27	96.34	96.93	96.32	96.86	96.30	96.80	96.64	97.04
22	96.59	96.96	97.05	96.72	97.21	97.47	97.55	97.56	97.35	97.75	96.27	97.97	96.18	96.50	96.02	96.63	96.03	96.51	96.44	96.75
23	96.11	96.66	96.74	96.42	96.80	97.16	97.22	97.13	97.02	97.40	96.03	97.67	95.97	96.41	95.58	96.20	95.71	96.20	95.96	96.47
24	95.73	96.38	96.33	96.07	96.53	96.85	96.90	96.82	96.68	97.06	95.83	97.38	95.76	96.00	95.20	96.09	95.36	95.86	95.59	96.18
25	95.36	96.08	95.98	95.69	96.21	96.53	96.54	96.57	96.39	96.72	95.58	97.00	95.55	95.68	94.98	95.85	94.91	95.52	95.40	95.84
26	94.85	95.73	95.65	95.41	95.87	96.20	96.23	96.20	96.05	96.32	95.35	96.68	95.32	95.56	94.60	95.40	94.49	95.21	95.11	95.56
27	94.48	95.45	95.36	95.10	95.59	95.87	95.88	95.88	95.77	96.03	95.08	96.34	94.93	95.26	94.28	95.06	94.15	94.95	94.77	95.25
28	94.09	95.13	95.06	94.80	95.30	95.58	95.55	95.59	95.48	95.71	94.85	96.04	94.72	95.03	93.98	94.72	93.81	94.68	94.45	94.94
29	93.88	94.87	94.80	94.50	95.00	95.27	95.26	95.37	95.18	95.40	94.68	95.72	94.53	94.82	93.64	94.43	93.58	94.35	94.14	94.60
30	93.67	94.66	94.58	94.27	94.79	95.04	95.04	95.13	94.96	95.16	94.43	95.48	94.28	94.57	93.42	94.28	93.22	94.13	93.90	94.38
31	93.38	94.36	94.28	93.99	94.51	94.77	94.77	94.87	94.69	94.90	94.29	95.20	94.17	94.46	93.15	93.95	93.03	93.87	93.62	94.10
32	93.18	94.15	94.07	93.76	94.21	94.58	94.52	94.67	94.44	94.70	94.18	94.97	94.00	94.26	92.93	93.87	92.75	93.64	93.38	93.91
33	92.85	93.83	93.81	93.49	93.91	94.29	94.21	94.36	94.15	94.40	94.06	94.65	93.81	94.13	92.64	93.75	92.46	93.64	93.07	93.63
34	92.64	93.58	93.60	93.21	93.67	94.08	93.95	94.14	93.89	94.19	93.88	94.45	93.62	93.98	92.43	93.49	92.25	93.48	92.85	93.40
35	92.41	93.39	93.38	92.97	93.45	93.87	93.78	93.92	93.66	93.83	93.75	94.26	93.45	93.88	92.24	93.35	92.06	93.37	92.65	93.19
36	92.08	93.09	93.03	92.62	93.11	93.53	93.44	93.60	93.33	93.44	93.63	93.94	93.31	93.78	91.92	93.22	91.74	93.06	92.35	92.81
37	91.80	92.73	92.68	92.34	92.80	93.23	93.10	93.26	93.02	93.04	93.44	93.61	93.01	93.54	91.57	92.91	91.48	92.73	92.07	92.51
38	91.54	92.39	92.40	91.98	92.51	92.87	92.78	92.95	92.63	92.68	93.22	93.27	92.80	93.22	91.22	92.70	91.13	92.42	91.75	92.16
39	91.23	92.11	92.09	91.66	92.19	92.57	92.47	92.66	92.29	92.27	92.95	92.98	92.57	93.02	90.96	92.48	90.81	92.04	91.43	91.86
40	90.91	91.68	91.73	91.33	91.86	92.21	92.18	92.32	91.83	91.89	92.74	92.69	92.34	92.83	90.62	92.25	90.50	91.71	91.15	91.51
41	90.59	91.26	91.42	91.04	91.53	91.84	91.85	92.02	91.53	91.50	92.54	92.31	92.11	92.56	90.62	92.07	90.16	91.31	90.82	91.16
42	90.22	90.88	91.12	90.70	91.25	91.54	91.47	91.62	91.16	91.24	92.34	92.02	91.91	92.30	90.41	91.84	89.87	90.95	90.45	90.87
43	89.92	90.52	90.76	90.36	90.98	91.24	91.13	91.34	90.86	90.91	92.18	91.71	91.72	92.12	90.14	91.59	89.56	90.83	90.14	90.61
44	89.63	90.13	90.46	90.01	90.68	91.00	90.84	91.07	90.49	90.65	91.94	91.41	91.53	91.83	89.95	91.39	89.29	90.61	89.82	90.31
45	89.30	89.80	90.16	89.71	90.35	90.73	90.52	90.77	90.19	90.30	91.76	91.07	91.32	91.61	89.72	91.21	88.98	90.39	89.48	89.98
46	89.00	89.58	89.87	89.42	90.06	90.41	90.24	90.48	89.99	90.05	91.55	90.76	91.10	91.39	89.50	90.98	88.70	90.19	89.22	89.70
47	88.80	89.36	89.65	89.21	89.86	90.20	90.03	90.26	89.77	89.82	91.37	90.54	90.93	91.20	89.30	90.80	88.49	89.99	89.00	89.50
48	88.57	89.13	89.45	89.01	89.66	90.00	89.82	90.05	89.58	89.60	91.24	90.33	90.81	91.09	89.18	90.70	88.29	89.87	88.79	89.29
49	88.21	88.90	89.22	88.78	89.39	89.76	89.52	89.85	89.36	89.30	91.11	90.15	90.72	90.99	89.07	90.59	88.08	89.78	88.56	89.11
50	87.98	88.63	88.86	88.48	89.10	89.47	89.21	89.54	89.00	88.99	91.02	89.83	90.64	90.89	88.97	90.46	87.77	89.66	88.26	88.60
51	87.66	88.26	88.50	88.13	88.72	89.08	88.85	89.20	88.65	88.60	90.79	89.50	90.45	90.71	88.77	90.18	87.33	89.45	87.95	88.25
52	87.31	87.95	88.22	87.83	88.46	88.77	88.56	88.90	88.35	88.38	90.53	89.17	90.26	90.48	88.48	89.98	87.03	89.21	87.66	88.03
53	87.08	87.71	87.98	87.63	88.22	88.55	88.35	88.65	88.16	88.18	90.29	88.95	90.06	90.32	88.32	89.79	86.79	89.00	87.46	87.83
54	86.86	87.48	87.77	87.45	88.01	88.37	88.13	88.40	87.95	87.97	90.18	88.76	89.92	90.18	88.16	89.67	86.59	88.89	87.25	87.61
55	86.67	87.27	87.58	87.26	87.82	88.18	87.92	88.20	87.77	87.78	90.08	88.57	89.82	90.07	88.06	89.57	86.37	88.78	87.03	87.43
56	86.44	87.05	87.35	87.05	87.60	87.92	87.72	87.99	87.54	87.55	89.95	88.33	89.72	89.97	87.97	89.45	86.16	88.69	86.80	87.22
57	86.22	86.84	87.16	86.82	87.39	87.70	87.50	87.78	87.31	87.29	89.83	88.07	89.60	89.86	87.82	89.33	85.88	88.56	86.60	86.97
58	85.96	86.59	86.92	86.58	87.16	87.43	87.24	87.52	86.92	87.07	89.71	87.80	89.51	89.77	87.73	89.22	85.46	88.44	86.35	86.81
59	85.69	86.27	86.60	86.22	86.84	87.07	86.91	87.22	86.60	86.69	89.56	87.43	89.33	89.62	87.55	89.06	85.09	88.30	86.00	86.49
60	85.39	85.95	86.30	85.93	86.51	86.73	86.59	86.92	86.24	86.39	89.34	87.10	89.05	89.32	87.30	88.78	84.71	88.05	85.65	86.16
61	85.00	85.60	85.94	85.55	86.18	86.40	86.26	86.48	85.82	86.06	89.15	86.73	88.89	89.08	87.11	88.59	84.26	87.87	85.37	85.80
62	84.52	85.18	85.57	85.15	85.80	85.98	85.79	86.07	85.53	85.65	88.91	86.31	88.65	88.85	86.83	88.37	84.02	87.57	84.98	85.35
63	84.21	84.96	85.33	84.92	85.56	85.77	85.51	85.85	85.32	85.39	88.63	86.05	88.36	88.53	86.56	88.07	83.81	87.26	84.74	85.13
64	83.92	84.71	85.03	84.67	85.33	85.45	85.25	85.61	85.05	85.09	88.46	85.74	88.22	88.40	86.42	87.92	83.81	87.11	84.51	84.87
65	83.69	84.46	84.84	84.47	85.08	85.20	85.02	85.39	84.66	84.86	88.30	85.54	88.03	88.24	86.29	87.67	83.67	86.91	84.27	84.66
66	83.37	84.14	84.57	84.18	84.79	84.87	84.72	85.09	84.20	84.59	88.15	85.21	87.92	88.11	86.17	87.50	83.33	86.80	83.96	84.37
67	83.04	83.80	84.21	83.88	84.44	84.57	84.39	84.76	83.82	84.21	87.91	84.87	87.69	87.91	85.94	87.27	83.01	86.55	83.63	84.01
68	82.76	83.52	83.92	83.58	84.14	84.27	84.15	84.45	83.42	83.86	87.66	84.56	87.45	87.68	85.74	87.06	82.66	86.34	83.34	83.73
69	82.47	83.23	83.66	83.29	83.81	83.94	83.84	84.14	83.18	83.56	87.44	84.25	87.28	87.47	85.54	86.86	82.35	86.10	83.04	83.43
70	82.22	82.99	83.45	83.09	83.60	83.74	83.63	83.93	82.83	83.36	87.21	84.05	87.08	87.24	85.34	86.65	82.21	85.92	82.82	83.20
71	81.87	82.64	83.08	82.62	83.26	83.42	83.29	83.55	82.41	82.93	87.13	83.69	86.96	87.10	85.21	86.54	81.85	85.83	82.48	82.92
72	81.51	82.30	82.75	82.21	82.80	83.12	82.93	83.25	82.20	82.60	86.92	83.32	86.78	86.83	84.99	86.36	81.47	85.59	82.16	82.56
73	81.18	81.98	82.38	81.80	82.41	82.79	82.60	82.94	81.88	82.33	86.67	83.00	86.52	86.54	84.76	86.13	81.35	85.36	81.83	82.19
74	80.89	81.63	82.09	81.56	82.07	82.53	82.27	82.60	81.54	81.99	86.47	82.70	86.27	86.31	84.58	85.93	81.13	85.13	81.47	81.80
75	80.59	81.34	81.71	81.25	81.65	82.23	81.91	82.31	81.23	81.68	86.25	82.36	86.04	86.02	84.27	85.64	80.91	84.91	81.18	81.42
76	80.33	81.01	81.37	80.92	81.46	81.94	81.59	82.00	80.93	81.45	86.03	82.04	85.87	85.85	84.08	85.44	80.78	84.70	80.91	81.12
77	80.13	80.80	81.17	80.72	81.26	81.72	81.36	81.81	80.72	81.25	85.81	81.85	85.69	85.61	83.91	85.25	80.55	84.53	80.71	80.92
78	79.91	80.60	80.96	80.52	81.01	81.53	81.16	81.60	80.53	81.02	85.68	81.62	85.55	85.50	83.75	85.12	80.42	84.42	80.51	80.68
79	79.68	80.38	80.68	80.26	80.78	81.30	80.93	81.32	80.29	80.75	85.55	81.36	85.45	85.40	83.63	85.04	80.29	84.31	80.29	80.48
80	79.46	80.20	80.47	80.06	80.51	81.08	80.73	81.11	80.10	80.54	85.45	81.15	85.30	85.24	83.45	84.88	80.18	84.19	80.08	80.25
81	79.25	79.99	80.27	79.81	80.31	80.87	80.53	80.91	79.88	80.33	85.30	80.95	85.20	85.14	83.32	84.78	80.04	84.08	79.87	80.05
82	79.03	79.78	80.06	79.56	80.11	80.68	80.32	80.72	79.69	80.12	85.20	80.74	85.10	85.05	83.22	84.68	79.91	83.98	79.66	79.86
83	78.78	79.55	79.83	79.32	79.92	80.47	80.10	80.53	79.47	79.91	85.11	80.53	85.01	84.95	83.13	84.56	79.80	83.90	79.41	79.65
84	78.55	79.28	79.59	79.11	79.69	80.23	79.88	80.29	79.25	79.67	85.01	80.32	84.90	84.85	83.01	84.45	79.67	83.78	79.16	79.42
85	78.33	79.04	79.35	78.87	79.45	80.00	79.65	80.07	79.02	79.45	84.87	80.10	84.75	84.70	82.89	84.32	79.56	83.65	78.99	79.22
86	78.08	78.79	79.11	78.67	79.21	79.75	79.41	79.85	78.75	79.24	84.71	79.85	84.62	84.59	82.74	84.19	79.43	83.54	78.72	78.98
87	77.89	78.58	78.91	78.49	79.00	79.54	79.21	79.63	78.57	79.04	84.56	79.66	84.48	84.45	82.64	84.06	79.29	83.40	78.49	78.73
88	77.65	78.35	78.69	78.26	78.79	79.32	79.02	79.42	78.36	78.82	84.47	79.46	84.39	84.35	82.54	83.95	79.20	83.25	78.30	78.51
89	77.46	78.16	78.49	78.04	78.59	79.07	78.82	79.21	78.16	78.58	84.31	79.27	84.23	84.23	82.42	83.81	79.06	83.14	78.11	78.33
90	77.24	77.95	78.26	77.82	78.36	78.87	78.59	78.99	77.92	78.37	84.18	79.09	84.13	84.08	82.29	83.67	78.98	83.04	77.84	78.09
91	76.93	77.64	78.00	77.53	78.09	78.61	78.37	78.76	77.63	78.06	84.08	78.86	83.99	83.97	82.16	83.56	78.89	82.91	77.59	77.80
92	76.70	77.41	77.78	77.33	77.87	78.42	78.14	78.53	77.41	77.85	83.86	78.65	83.84	83.85	82.03	83.34	78.73	82.66	77.38	77.60
93	76.47	77.19	77.57	77.10	77.67	78.20	77.91	78.26	77.18	77.63	83.71	78.43	83.72	83.73	81.90	83.20	78.61	82.55	77.16	77.33
94	76.27	76.99	77.36	76.89	77.48	78.00	77.70	78.04	76.98	77.44	83.59	78.22	83.55	83.61	81.79	83.05	78.43	82.40	76.98	77.13
95	76.06	76.78	77.12	76.69	77.26	77.75	77.47	77.80	76.76	77.21	83.48	78.00	83.43	83.52	81.66	82.95	78.33	82.31	76.77	76.88
96	75.84	76.57	76.88	76.40	77.02	77.55	77.23	77.57	76.55	76.97	83.33	77.77	83.32	83.39	81.57	82.82	78.21	82.19	76.55	76.67
97	75.59	76.34	76.65	76.18	76.76	77.32	76.98	77.36	76.31	76.78	83.22	77.58	83.16	83.21	81.47	82.72	78.11	82.08	76.31	76.43
98	75.34	76.10	76.40	75.92	76.52	77.32	76.73	77.09	76.09	76.52	83.10	77.31	83.02	83.09	81.35	82.59	77.97	81.89	76.05	76.16
99	75.08	75.82	76.08	75.66	76.32	77.22	76.73	76.84	75.80	76.20	82.96	77.04	82.86	82.95	81.20	82.41	77.82	81.72	75.73	75.84
100	74.85	75.58	75.82	75.39	76.12	77.05	76.60	76.66	75.54	75.94	82.79	76.78	82.58	82.75	81.04	82.19	77.69	81.52	75.50	75.58
101	74.59	75.36	75.57	75.19	75.93	76.94	76.47	76.48	75.33	75.73	82.68	76.53	82.48	82.62	80.83	82.07	77.55	81.31	75.30	75.36
102	74.33	75.10	75.35	74.96	75.70	76.83	76.34	76.25	75.09	75.52	82.56	76.09	82.36	82.52	80.72	81.97	77.44	81.19	75.07	75.12
103	74.04	74.77	75.03	74.62	75.38	76.68	75.96	75.89	74.73	75.13	82.39	75.88	82.23	82.40	80.59	81.84	77.31	81.05	74.74	74.76
104	73.80	74.51	74.81	74.38	75.15	76.48	75.86	75.89	74.50	74.91	82.13	75.49	81.98	82.17	80.37	81.63	77.09	80.81	74.50	74.49
105	73.50	74.20	74.50	74.07	74.81	76.35	75.47	75.76	74.17	74.65	81.97	75.12	81.78	81.99	80.23	81.49	76.90	80.63	74.26	74.22
106	73.18	73.84	74.20	73.78	74.49	76.13	75.09	75.57	73.84	74.37	81.72	74.90	81.63	81.84	80.00	81.27	76.71	80.43	73.91	73.92
107	72.93	73.61	73.98	73.56	74.25	75.92	74.98	75.39	73.60	74.14	81.48	74.70	81.46	81.61	79.70	81.04	76.52	80.27	73.67	73.68
108	72.93	73.38	73.74	73.30	73.99	75.80	74.85	75.27	73.37	73.89	81.32	74.28	81.32	81.47	79.59	80.87	76.37	80.12	73.38	73.42
109	72.85	73.08	73.45	72.95	73.72	75.67	74.55	75.12	73.07	73.63	81.18	73.89	81.19	81.34	79.46	80.69	76.22	80.00	72.98	73.13
110	72.65	72.76	73.11	72.63	73.36	75.52	74.23	74.94	72.80	73.28	80.94	73.44	80.95	81.06	79.29	80.50	75.99	79.81	72.98	72.75
111	72.43	72.45	72.81	72.31	73.06	75.31	73.94	74.73	72.48	72.91	80.73	73.08	80.68	80.78	79.08	80.25	75.76	79.60	72.81	72.45
112	72.25	72.14	72.48	71.98	72.78	75.09	73.62	74.53	72.17	72.62	80.50	72.83	80.44	80.57	78.87	80.05	75.54	79.38	72.60	72.15
113	72.06	71.90	72.25	71.73	72.56	74.88	73.46	74.31	71.91	72.39	80.23	72.57	80.26	80.34	78.68	79.84	75.30	79.21	72.41	71.93
114	71.95	71.69	72.03	71.52	72.36	74.72	73.35	74.20	71.69	72.18	80.06	72.35	80.16	80.19	78.47	79.72	75.11	79.09	72.25	71.69
115	71.83	71.39	71.79	71.28	72.11	74.61	73.25	74.08	71.43	71.79	79.94	72.35	80.05	80.08	78.36	79.62	75.01	78.99	72.15	71.49
116	71.70	71.07	71.46	70.79	71.75	74.49	73.11	73.70	71.09	71.41	79.73	72.25	79.91	79.90	78.20	79.49	74.82	78.86	72.00	71.06
117	71.52	70.68	71.08	70.36	71.43	74.28	72.83	73.41	70.77	71.14	79.54	72.04	79.69	79.69	77.96	79.27	74.58	78.64	71.75	70.75
118	71.29	70.33	70.78	69.99	71.15	73.98	72.63	73.21	70.44	70.80	79.22	71.82	79.45	79.43	77.71	79.09	74.31	78.33	71.53	70.43
119	71.09	69.99	70.46	69.61	70.87	73.78	72.38	73.00	70.18	70.37	78.95	71.60	79.20	79.20	77.51	78.87	74.08	78.06	71.27	70.15
120	70.89	69.71	70.16	69.42	70.57	73.56	72.19	72.64	69.83	70.16	78.77	71.41	79.00	79.02	77.30	78.66	73.90	77.87	71.03	69.93
121	70.69	69.50	69.98	69.21	70.34	73.39	72.00	72.55	69.64	69.94	78.54	71.26	78.79	78.85	77.07	78.45	73.72	77.64	70.85	69.73
122	70.58	69.22	69.98	68.94	70.07	73.28	71.88	72.43	69.38	69.66	78.37	71.16	78.69	78.76	76.98	78.34	73.62	77.53	70.73	69.49
123	70.38	69.03	69.88	68.74	69.87	73.14	71.74	72.28	69.19	69.46	78.21	70.96	78.55	78.58	76.83	78.17	73.44	77.42	70.62	69.26
124	70.28	68.75	69.78	68.47	69.49	73.03	71.62	72.14	68.93	69.21	78.07	70.84	78.45	78.47	76.73	78.08	73.33	77.32	70.49	69.26
125	70.13	68.44	69.57	68.04	69.15	72.88	71.49	71.95	68.67	68.94	77.93	70.65	78.23	78.33	76.58	77.86	73.17	77.21	70.19	69.16
126	69.94	68.15	69.34	67.83	68.77	72.69	71.32	71.77	68.33	68.62	77.77	70.46	78.02	78.15	76.41	77.60	73.00	77.01	69.82	68.82
127	69.74	67.82	69.13	67.50	68.41	72.41	71.11	71.57	68.01	68.34	77.59	70.17	77.83	77.99	76.22	77.36	72.80	76.79	69.55	68.71
128	69.52	67.52	68.95	67.17	68.01	72.24	70.89	71.34	67.65	68.02	77.39	69.95	77.57	77.80	75.99	77.16	72.59	76.61	69.19	68.44
129	69.26	67.24	68.73	66.87	67.79	71.99	70.64	71.10	67.36	67.72	77.13	69.63	77.33	77.56	75.76	76.93	72.34	76.38	68.82	68.17
130	69.05	67.24	68.52	66.64	67.55	71.77	70.40	70.91	67.06	67.46	76.94	69.43	77.09	77.37	75.60	76.74	72.15	76.21	68.72	68.00
131	68.91	67.14	68.36	66.42	67.36	71.58	70.23	70.73	66.84	67.22	76.78	69.25	76.94	77.17	75.43	76.55	72.06	76.03	68.60	67.86
132	68.77	66.98	68.22	66.19	67.13	71.46	70.13	70.61	66.59	67.22	76.62	69.12	76.82	77.06	75.27	76.42	71.95	75.91	68.50	67.77
133	68.66	66.87	68.09	65.99	66.92	71.32	69.99	70.37	66.36	67.12	76.47	69.01	76.64	76.95	75.16	76.30	71.82	75.79	68.31	67.64
134	68.56	66.76	68.01	65.80	66.73	71.22	69.88	70.27	66.17	67.01	76.37	68.90	76.53	76.85	75.05	76.20	71.71	75.69	68.21	67.51
135	68.45	66.64	67.90	65.54	66.47	71.11	69.73	70.16	65.93	66.88	76.27	68.76	76.40	76.73	74.92	76.07	71.59	75.60	68.08	67.36
136	68.30	66.52	67.77	65.32	66.27	70.99	69.54	69.99	65.71	66.69	76.12	68.62	76.26	76.58	74.80	75.90	71.40	75.43	67.91	67.24
137	68.17	66.40	67.64	65.32	65.96	70.86	69.41	69.88	65.71	66.55	75.98	68.41	76.16	76.46	74.69	75.76	71.23	75.32	67.75	67.13
138	67.98	66.22	67.46	65.21	65.73	70.71	69.27	69.71	65.58	66.36	75.82	68.27	75.99	76.25	74.44	75.57	71.06	75.19	67.52	66.99
139	67.87	66.09	67.35	65.05	65.54	70.57	69.14	69.58	65.46	66.19	75.65	68.15	75.82	76.11	74.33	75.46	70.92	75.06	67.40	66.86
140	67.75	65.95	67.24	64.93	65.32	70.45	69.01	69.46	65.36	66.01	75.51	68.05	75.69	75.95	74.18	75.30	70.75	74.95	67.28	66.73
141	67.62	65.83	67.11	64.84	65.09	70.35	68.90	69.34	65.23	65.82	75.42	67.89	75.60	75.77	74.08	75.14	70.60	74.82	67.14	66.61
142	67.50	65.72	66.99	64.73	64.89	70.22	68.78	69.24	65.13	65.72	75.27	67.76	75.49	75.67	73.97	75.05	70.49	74.72	67.05	66.50
143	67.39	65.65	66.89	64.64	64.63	70.13	68.64	69.11	65.02	65.63	75.18	67.66	75.40	75.55	73.85	74.94	70.39	74.64	66.92	66.36
144	67.28	65.53	66.79	64.54	64.38	70.01	68.52	69.00	64.91	65.52	75.07	67.54	75.29	75.38	73.75	74.81	70.23	74.55	66.75	66.24
