1	107.17	107.33	107.37	107.57	107.66	107.69	107.88	107.92	108.03	108.10	106.02	108.21	105.99	106.26	106.41	106.54	106.58	106.82	106.96	106.96
2	106.93	107.11	107.14	107.37	107.46	107.39	107.60	107.69	107.80	107.78	105.81	107.98	105.68	106.02	106.17	106.33	106.32	106.60	106.71	106.72
3	106.71	106.90	106.93	107.18	107.27	107.15	107.38	107.45	107.61	107.54	105.56	107.76	105.44	105.78	105.98	106.12	106.10	106.39	106.50	106.52
4	106.52	106.67	106.73	106.99	107.06	106.96	107.17	107.24	107.41	107.32	105.37	107.58	105.22	105.60	105.78	105.92	105.90	106.18	106.30	106.32
5	106.31	106.33	106.48	106.75	106.84	106.69	106.95	107.01	107.18	107.09	105.01	107.37	104.96	105.37	105.52	105.70	105.68	105.95	106.08	106.09
6	106.02	106.11	106.16	106.44	106.52	106.26	106.62	106.74	106.83	106.74	104.74	107.04	104.56	105.09	105.23	105.36	105.18	105.57	105.78	105.79
7	105.67	105.72	105.82	106.09	106.15	105.94	106.32	106.31	106.50	106.35	104.32	106.70	104.07	104.71	104.91	105.01	104.79	105.30	105.42	105.35
8	105.39	105.37	105.48	105.70	105.77	105.51	105.98	105.97	106.17	106.04	103.89	106.20	103.72	104.31	104.60	104.69	104.32	104.93	105.11	105.04
9	105.07	104.99	105.10	105.35	105.38	105.19	105.59	105.53	105.82	105.61	103.46	105.85	103.30	104.01	104.24	104.31	103.98	104.62	104.67	104.69
10	104.72	104.64	104.75	105.03	105.00	104.86	105.26	105.19	105.39	105.27	103.04	105.56	102.91	103.66	103.89	103.97	103.62	104.25	104.33	104.36
11	104.32	104.27	104.31	104.66	104.57	104.45	104.88	104.83	104.97	104.90	102.65	105.17	102.91	103.32	103.43	103.59	103.22	103.91	103.94	103.94
12	103.98	103.92	103.95	104.31	104.26	104.13	104.51	104.49	104.58	104.53	102.19	104.95	102.55	102.94	103.03	103.24	102.86	103.53	103.56	103.53
13	103.54	103.58	103.60	103.97	103.85	103.75	104.20	104.14	104.26	104.18	101.81	104.47	102.20	102.60	102.63	102.81	102.41	103.19	103.21	103.13
14	103.23	103.35	103.23	103.66	103.61	103.37	103.87	103.79	103.89	103.86	101.81	104.17	101.87	102.19	102.41	102.47	102.17	102.82	102.82	102.73
16	102.88	103.01	102.91	103.29	103.28	103.14	103.51	103.45	103.47	103.49	101.70	103.91	101.54	102.19	102.08	102.14	101.85	102.44	102.48	102.48
17	102.52	102.64	102.56	102.88	102.85	102.77	103.18	103.12	103.08	103.14	101.50	103.56	101.22	102.00	101.66	101.78	101.50	102.07	102.09	102.12
18	102.22	102.37	102.25	102.48	102.51	102.47	102.85	102.81	102.76	102.73	101.19	103.26	100.90	101.75	101.33	101.37	101.18	101.78	101.75	101.66
19	101.91	102.02	101.85	102.08	102.14	102.12	102.54	102.46	102.39	102.51	101.03	102.90	100.55	101.32	100.97	100.96	100.85	101.41	101.36	101.44
20	101.61	101.73	101.55	101.77	101.78	101.78	102.24	102.14	101.99	102.21	100.74	102.56	100.16	101.21	100.64	100.60	100.50	101.09	101.01	101.08
21	101.30	101.41	101.23	101.50	101.45	101.52	101.97	101.85	101.76	101.88	100.53	102.20	99.80	100.95	100.33	100.40	100.17	100.78	100.54	100.76
22	100.96	101.10	100.84	101.13	101.16	101.15	101.61	101.51	101.43	101.47	100.28	101.86	99.65	100.50	99.97	100.14	99.81	100.46	100.31	100.42
23	100.76	100.92	100.67	100.93	100.95	100.90	101.42	101.34	101.21	101.24	99.98	101.68	99.40	100.38	99.77	99.91	99.62	100.28	99.88	100.23
24	100.40	100.58	100.31	100.58	100.64	100.62	101.03	101.02	100.88	100.91	99.83	101.38	99.30	100.06	99.77	99.60	99.30	99.99	99.48	99.94
25	100.11	100.26	100.01	100.23	100.30	100.25	100.72	100.69	100.54	100.62	99.61	100.99	99.10	99.74	99.63	99.27	98.83	99.70	99.28	99.62
26	99.81	99.92	99.71	99.90	100.03	99.97	100.44	100.39	100.23	100.33	99.42	100.68	98.83	99.62	99.24	99.01	98.46	99.41	98.99	99.33
27	99.49	99.67	99.47	99.58	99.78	99.74	100.16	100.14	99.96	100.10	99.24	100.41	98.64	99.45	98.94	98.74	98.07	99.11	98.70	99.06
28	98.98	99.36	99.16	99.20	99.47	99.42	99.80	99.68	99.63	99.78	99.06	100.11	98.48	99.29	98.65	98.43	97.71	98.83	98.34	98.79
29	98.51	99.05	98.81	98.93	99.19	99.09	99.50	99.36	99.32	99.50	98.80	99.76	98.27	99.08	98.36	98.16	97.50	98.50	98.04	98.49
30	98.13	98.73	98.49	98.63	98.93	98.71	99.18	99.06	99.02	99.19	98.62	99.42	98.07	98.87	98.25	97.88	97.07	98.21	97.75	98.09
31	97.92	98.42	98.15	98.34	98.59	98.38	98.85	98.79	98.71	98.90	98.43	99.12	97.84	98.68	97.88	97.55	96.81	97.90	97.40	97.75
32	97.53	98.19	97.93	98.11	98.36	98.16	98.60	98.45	98.44	98.64	98.22	98.88	97.63	98.50	97.74	97.25	96.58	97.68	97.16	97.52
33	97.32	97.90	97.66	97.75	98.03	97.82	98.30	98.22	98.15	98.32	98.11	98.62	97.45	98.33	97.53	96.98	96.29	97.68	96.88	97.19
34	97.06	97.65	97.36	97.49	97.74	97.55	98.03	97.93	97.91	98.04	97.88	98.36	97.26	98.12	97.35	96.98	96.04	97.53	96.59	96.95
35	96.83	97.43	97.11	97.26	97.51	97.32	97.82	97.67	97.71	97.62	97.68	98.14	97.03	97.99	97.20	96.86	95.83	97.34	96.35	96.75
36	96.48	97.09	96.78	96.94	97.19	97.02	97.44	97.32	97.44	97.23	97.58	97.80	96.92	97.85	97.07	96.74	95.50	97.02	96.04	96.42
37	96.16	96.79	96.44	96.65	96.89	96.65	97.10	97.01	97.08	96.83	97.35	97.51	96.69	97.63	96.78	96.52	95.14	96.69	95.71	96.09
38	95.84	96.47	96.05	96.31	96.54	96.34	96.81	96.70	96.79	96.44	97.19	97.19	96.38	97.41	96.53	96.29	94.81	96.38	95.43	95.79
39	95.55	96.01	95.73	95.93	96.24	96.01	96.47	96.37	96.39	95.98	96.93	96.89	96.17	97.20	96.32	96.05	94.46	96.02	95.13	95.50
40	95.23	95.66	95.39	95.64	95.96	95.72	96.16	96.06	96.10	95.61	96.67	96.50	95.96	97.02	96.08	95.79	94.06	95.67	94.84	95.15
41	94.94	95.28	95.12	95.37	95.64	95.42	95.87	95.68	95.73	95.20	96.35	96.22	95.74	96.81	95.83	95.59	93.66	95.35	94.53	94.90
42	94.67	94.92	94.81	95.04	95.29	95.03	95.55	95.35	95.41	94.94	96.16	95.84	95.56	96.65	95.65	95.38	93.36	95.06	94.19	94.57
43	94.41	94.70	94.47	94.76	95.05	94.76	95.23	95.06	95.15	94.65	95.91	95.56	95.31	96.41	95.37	95.12	93.10	94.91	93.88	94.23
44	94.20	94.48	94.24	94.53	94.78	94.56	94.97	94.87	94.94	94.43	95.74	95.30	95.14	96.11	95.09	94.87	92.88	94.65	93.66	94.01
45	93.99	94.25	94.04	94.33	94.57	94.37	94.77	94.66	94.72	94.22	95.57	95.10	95.03	95.94	94.96	94.77	92.69	94.49	93.48	93.81
46	93.71	93.99	93.82	94.07	94.30	94.12	94.50	94.40	94.49	93.96	95.40	94.87	94.93	95.81	94.82	94.67	92.46	94.39	93.24	93.52
47	93.45	93.71	93.53	93.81	93.98	93.79	94.22	94.09	94.15	93.64	95.23	94.59	94.80	95.59	94.68	94.54	92.19	94.26	92.97	93.20
48	93.23	93.49	93.30	93.56	93.77	93.58	94.00	93.88	93.91	93.40	95.11	94.37	94.57	95.33	94.48	94.34	91.98	94.06	92.74	92.80
49	92.89	93.19	92.97	93.08	93.42	93.26	93.72	93.40	93.58	93.09	95.00	94.05	94.47	95.20	94.35	94.20	91.67	93.75	92.43	92.40
50	92.58	92.87	92.63	92.70	93.07	92.96	93.40	93.06	93.25	92.77	94.72	93.77	94.29	94.95	94.18	93.98	91.39	93.42	92.11	92.19
51	92.27	92.55	92.38	92.52	92.80	92.66	93.09	92.84	92.94	92.45	94.51	93.45	94.08	94.75	94.02	93.75	91.08	93.26	91.82	91.87
52	92.04	92.34	92.17	92.32	92.59	92.44	92.86	92.63	92.73	92.25	94.32	93.21	93.87	94.53	93.84	93.54	90.87	93.05	91.62	91.65
53	91.85	92.15	91.98	91.95	92.37	92.24	92.64	92.31	92.55	92.05	94.20	92.98	93.75	94.43	93.74	93.40	90.66	92.92	91.39	91.43
54	91.56	91.86	91.66	91.71	92.09	91.95	92.35	92.10	92.21	91.78	94.10	92.71	93.64	94.34	93.62	93.30	90.39	92.83	91.05	91.12
55	91.35	91.66	91.46	91.53	91.86	91.75	92.10	91.87	92.02	91.58	93.92	92.48	93.47	94.13	93.44	93.09	90.17	92.64	90.84	90.89
56	91.11	91.44	91.24	91.33	91.66	91.53	91.88	91.63	91.80	91.37	93.82	92.27	93.36	94.01	93.34	92.99	89.98	92.50	90.63	90.67
57	90.92	91.24	91.06	91.12	91.45	91.30	91.65	91.42	91.55	91.18	93.71	92.07	93.24	93.90	93.23	92.89	89.65	92.36	90.43	90.46
58	90.62	90.98	90.80	90.84	91.19	90.95	91.36	91.15	91.24	90.92	93.63	91.77	93.14	93.81	93.12	92.80	89.29	92.26	90.14	90.14
59	90.31	90.68	90.53	90.54	90.90	90.68	91.07	90.88	90.96	90.68	93.44	91.51	92.93	93.61	92.95	92.65	88.90	92.11	89.86	89.84
60	90.01	90.32	90.20	90.23	90.55	90.37	90.76	90.47	90.72	90.35	93.26	91.15	92.77	93.44	92.76	92.47	88.69	91.91	89.51	89.54
61	89.76	90.06	89.91	89.97	90.26	90.08	90.50	90.25	90.44	90.06	93.06	90.85	92.56	93.22	92.56	92.25	88.42	91.70	89.24	89.23
62	89.54	89.85	89.67	89.74	90.03	89.86	90.27	90.03	90.22	89.85	92.90	90.66	92.35	93.05	92.36	92.10	88.18	91.52	89.01	89.00
63	89.34	89.65	89.46	89.53	89.82	89.66	90.06	89.82	90.02	89.62	92.76	90.45	92.24	92.89	92.23	91.96	87.96	91.35	88.82	88.81
64	89.01	89.33	89.12	89.23	89.50	89.38	89.68	89.50	89.68	89.31	92.65	90.17	92.14	92.80	92.13	91.86	87.60	91.26	88.48	88.48
65	88.79	89.14	88.91	89.01	89.28	89.15	89.45	89.32	89.46	89.10	92.54	89.95	91.96	92.58	91.92	91.63	87.38	91.06	88.27	88.26
66	88.51	88.82	88.64	88.77	89.02	88.87	89.22	89.05	89.23	88.88	92.40	89.66	91.83	92.47	91.80	91.50	87.09	90.96	88.03	88.00
67	88.29	88.59	88.44	88.53	88.80	88.63	89.00	88.82	88.99	88.61	92.24	89.42	91.67	92.32	91.61	91.39	86.84	90.81	87.82	87.81
68	88.01	88.33	88.17	88.30	88.54	88.36	88.75	88.54	88.74	88.34	92.09	89.15	91.54	92.17	91.44	91.27	86.84	90.70	87.53	87.50
69	87.80	88.13	87.96	88.07	88.34	88.14	88.53	88.33	88.52	88.10	91.97	88.88	91.36	91.98	91.24	91.14	86.74	90.54	87.33	87.27
70	87.60	87.94	87.74	87.83	88.14	87.91	88.30	88.12	88.32	87.88	91.87	88.65	91.21	91.87	91.11	91.04	86.64	90.41	87.14	87.07
71	87.34	87.71	87.49	87.62	87.88	87.66	88.07	87.88	88.07	87.62	91.77	88.40	91.08	91.75	91.00	90.96	86.53	90.31	86.89	86.82
72	87.08	87.47	87.21	87.41	87.68	87.41	87.83	87.67	87.85	87.42	91.63	88.15	90.97	91.60	90.85	90.83	86.38	90.17	86.70	86.60
73	86.89	87.24	86.97	87.21	87.45	87.20	87.61	87.44	87.64	87.23	91.55	87.87	90.77	91.52	90.74	90.62	86.29	90.03	86.44	86.36
74	86.70	87.00	86.79	87.02	87.25	86.97	87.38	87.21	87.40	87.04	91.46	87.67	90.65	91.40	90.64	90.50	86.20	89.89	86.21	86.13
75	86.45	86.77	86.60	86.83	87.04	86.72	87.17	86.95	87.15	86.77	91.37	87.46	90.53	91.30	90.51	90.39	86.07	89.80	86.00	85.93
76	86.24	86.58	86.38	86.62	86.81	86.52	86.99	86.73	86.95	86.59	91.26	87.23	90.35	91.14	90.38	90.28	85.95	89.69	85.77	85.72
77	86.02	86.37	86.15	86.41	86.61	86.33	86.78	86.54	86.73	86.38	91.15	87.02	90.21	91.05	90.26	90.17	85.85	89.57	85.58	85.52
78	85.80	86.14	85.93	86.18	86.41	86.12	86.55	86.32	86.47	86.19	91.04	86.80	90.10	90.94	90.16	90.08	85.74	89.45	85.39	85.31
79	85.52	85.95	85.73	85.91	86.22	85.87	86.35	86.12	86.26	85.96	90.93	86.53	89.98	90.81	90.05	89.97	85.61	89.32	85.19	85.07
80	85.32	85.72	85.52	85.71	85.99	85.66	86.13	85.91	86.04	85.75	90.74	86.32	89.81	90.73	89.96	89.81	85.52	89.15	84.97	84.85
81	85.10	85.52	85.34	85.50	85.77	85.44	85.92	85.69	85.84	85.54	90.63	86.12	89.68	90.61	89.86	89.72	85.44	89.05	84.75	84.64
82	84.88	85.30	85.15	85.27	85.52	85.19	85.71	85.46	85.59	85.32	90.52	85.91	89.58	90.48	89.76	89.61	85.32	88.95	84.53	84.40
83	84.69	85.10	84.95	85.07	85.32	85.00	85.52	85.27	85.38	85.13	90.32	85.69	89.47	90.36	89.59	89.39	85.20	88.83	84.33	84.19
84	84.50	84.87	84.74	84.87	85.11	84.74	85.29	85.08	85.15	84.93	90.21	85.48	89.35	90.27	89.50	89.28	85.12	88.71	84.13	83.98
85	84.25	84.64	84.54	84.62	84.85	84.53	85.05	84.85	84.91	84.69	90.09	85.24	89.24	90.17	89.38	89.15	85.02	88.60	83.88	83.73
86	84.03	84.43	84.31	84.42	84.64	84.32	84.78	84.64	84.70	84.47	89.95	85.05	89.08	90.05	89.24	89.02	84.87	88.46	83.66	83.50
87	83.81	84.23	84.08	84.20	84.42	84.05	84.57	84.44	84.49	84.26	89.83	84.75	88.97	89.90	89.11	88.90	84.76	88.35	83.45	83.25
88	83.61	84.03	83.88	83.98	84.23	83.82	84.38	84.24	84.26	84.06	89.59	84.54	88.74	89.80	88.85	88.77	84.66	88.07	83.26	83.04
89	83.39	83.81	83.69	83.76	84.01	83.63	84.13	84.02	84.07	83.85	89.48	84.35	88.62	89.68	88.75	88.65	84.51	87.94	83.04	82.86
90	83.21	83.60	83.48	83.56	83.81	83.40	83.92	83.81	83.86	83.64	89.36	84.14	88.50	89.57	88.64	88.55	84.41	87.82	82.82	82.66
91	83.02	83.40	83.30	83.38	83.62	83.18	83.73	83.61	83.67	83.45	89.23	83.95	88.40	89.47	88.51	88.47	84.29	87.72	82.63	82.45
92	82.82	83.18	83.09	83.16	83.38	82.94	83.51	83.39	83.46	83.21	89.14	83.74	88.27	89.37	88.41	88.38	84.20	87.64	82.42	82.23
93	82.62	82.96	82.74	82.95	83.05	82.71	83.30	83.12	83.26	82.99	89.04	83.50	88.16	89.28	88.24	88.23	84.07	87.47	82.18	81.96
94	82.40	82.70	82.50	82.71	82.78	82.39	83.08	82.89	83.02	82.76	88.83	83.27	88.05	89.18	88.13	88.10	83.92	87.30	81.94	81.70
95	82.19	82.51	82.31	82.51	82.57	82.18	82.80	82.68	82.81	82.54	88.67	83.07	87.93	89.02	88.01	87.95	83.82	87.18	81.72	81.49
96	81.99	82.30	82.11	82.31	82.37	82.00	82.60	82.49	82.60	82.32	88.50	82.87	87.74	88.93	87.88	87.82	83.72	87.08	81.52	81.29
97	81.76	82.11	81.91	82.09	82.16	81.80	82.38	82.27	82.40	82.11	88.41	82.66	87.63	88.82	87.78	87.71	83.60	86.97	81.33	81.11
98	81.49	81.79	81.63	81.78	81.88	81.80	82.10	82.01	82.12	81.82	88.25	82.37	87.51	88.73	87.67	87.64	83.45	86.83	81.01	80.81
99	81.21	81.52	81.36	81.53	81.59	81.67	82.10	81.73	81.87	81.55	88.08	82.08	87.30	88.57	87.47	87.46	83.30	86.66	80.71	80.51
100	81.01	81.30	81.16	81.30	81.36	81.47	81.99	81.51	81.66	81.36	87.92	81.84	87.11	88.33	87.31	87.27	83.16	86.47	80.51	80.29
101	80.78	81.11	80.93	81.05	81.13	81.36	81.85	81.26	81.45	81.12	87.78	81.59	87.01	88.17	87.22	87.19	83.04	86.33	80.26	80.05
102	80.58	80.88	80.63	80.81	80.90	81.19	81.71	81.03	81.20	80.92	87.64	81.22	86.89	87.98	87.08	87.05	82.87	86.22	80.02	79.80
103	80.15	80.62	80.32	80.53	80.62	81.02	81.39	80.75	80.94	80.66	87.51	80.98	86.76	87.87	86.96	86.86	82.71	86.12	79.75	79.50
104	79.89	80.37	80.06	80.27	80.39	80.82	81.30	80.52	80.67	80.41	87.33	80.57	86.58	87.63	86.76	86.66	82.53	85.92	79.49	79.28
105	79.62	80.04	79.73	79.94	80.05	80.64	80.96	80.52	80.36	80.14	87.14	80.20	86.45	87.44	86.59	86.47	82.36	85.75	79.15	78.94
106	79.32	79.71	79.42	79.59	79.73	80.44	80.65	80.35	80.05	79.86	86.95	80.01	86.22	87.23	86.39	86.19	82.14	85.54	78.78	78.60
107	79.13	79.43	79.22	79.32	79.49	80.20	80.53	80.15	79.81	79.49	86.75	79.74	85.97	87.00	86.11	86.03	81.85	85.34	78.52	78.36
108	78.84	79.14	78.91	79.02	79.18	80.06	80.39	79.78	79.48	79.14	86.62	79.29	85.80	86.86	85.99	85.87	81.72	85.19	78.22	78.08
109	78.55	78.84	78.62	78.75	78.89	79.90	79.98	79.48	79.18	78.92	86.40	78.96	85.60	86.63	85.78	85.67	81.47	84.99	77.89	77.73
110	78.55	78.53	78.30	78.45	78.60	79.69	79.68	79.39	78.84	78.59	86.15	78.58	85.43	86.40	85.60	85.45	81.28	84.80	77.89	77.40
111	78.40	78.21	77.89	78.11	78.28	79.49	79.37	79.13	78.52	78.10	85.89	78.18	85.22	86.20	85.35	85.26	81.11	84.58	77.74	77.04
112	78.19	77.90	77.59	77.84	78.02	79.31	79.08	78.74	78.16	77.82	85.62	77.94	84.97	85.92	85.17	85.01	80.89	84.38	77.53	76.72
113	77.94	77.66	77.34	77.46	77.79	79.07	78.96	78.53	77.91	77.57	85.36	77.68	84.76	85.72	84.94	84.75	80.63	84.14	77.35	76.46
114	77.51	77.33	77.01	77.06	77.48	78.93	78.83	78.37	77.58	77.26	85.16	77.36	84.59	85.52	84.77	84.62	80.53	83.98	77.20	76.14
115	77.20	77.05	76.74	76.86	77.14	78.75	78.60	78.20	77.34	76.98	84.89	77.36	84.44	85.28	84.58	84.42	80.33	83.77	76.98	75.86
116	77.07	76.85	76.50	76.49	76.93	78.60	78.40	78.05	77.13	76.76	84.66	77.24	84.25	85.10	84.41	84.26	80.16	83.58	76.81	75.64
117	76.78	76.59	76.29	76.14	76.63	78.47	78.29	77.96	76.82	76.46	84.55	77.12	84.14	84.99	84.30	84.14	80.05	83.50	76.68	75.33
118	76.45	76.25	75.95	75.70	76.21	78.30	78.09	77.80	76.48	76.18	84.38	76.91	83.90	84.78	84.13	83.99	79.83	83.33	76.51	74.97
119	76.33	75.99	75.65	75.34	75.99	78.09	77.90	77.54	76.19	75.91	84.19	76.64	83.64	84.57	83.88	83.79	79.61	83.12	76.29	74.66
120	75.96	75.72	75.36	74.92	75.65	77.91	77.67	77.32	75.91	75.62	84.00	76.49	83.42	84.37	83.70	83.61	79.41	82.87	76.10	74.66
121	75.85	75.43	75.06	74.70	75.44	77.73	77.47	77.12	75.64	75.31	83.83	76.30	83.24	84.17	83.48	83.43	79.22	82.67	75.92	74.49
122	75.65	75.20	75.06	74.38	75.19	77.57	77.27	76.90	75.40	75.03	83.64	76.09	83.06	83.94	83.24	83.25	79.06	82.50	75.74	74.27
123	75.50	74.95	74.94	74.14	74.92	77.40	77.10	76.72	75.11	74.73	83.50	75.92	82.90	83.71	83.06	82.98	78.89	82.36	75.53	74.14
124	75.30	74.69	74.82	73.86	74.65	77.26	76.99	76.61	74.88	74.73	83.37	75.80	82.68	83.56	82.93	82.86	78.76	82.19	75.38	74.01
125	75.14	74.49	74.66	73.61	74.43	77.10	76.84	76.43	74.63	74.61	83.20	75.66	82.54	83.42	82.79	82.71	78.58	82.05	75.19	73.84
126	75.01	74.21	74.51	73.32	74.16	76.98	76.72	76.32	74.63	74.43	83.08	75.52	82.43	83.34	82.63	82.55	78.45	81.91	75.01	73.69
127	74.85	73.97	74.35	73.12	73.98	76.84	76.51	76.18	74.53	74.25	82.90	75.41	82.30	83.21	82.47	82.36	78.26	81.73	74.86	73.46
128	74.76	73.77	74.23	72.92	73.77	76.74	76.37	76.10	74.43	74.16	82.78	75.31	82.22	83.09	82.39	82.27	78.13	81.62	74.77	73.36
129	74.64	73.53	74.09	72.72	73.54	76.61	76.26	75.98	74.33	74.05	82.67	75.14	82.05	82.99	82.28	82.14	78.02	81.51	74.67	73.26
130	74.55	73.27	73.95	72.72	73.24	76.51	76.12	75.87	74.20	73.95	82.56	75.03	81.89	82.91	82.18	82.01	77.92	81.39	74.53	73.12
131	74.37	73.03	73.73	72.59	73.04	76.30	75.92	75.66	74.00	73.78	82.39	74.85	81.73	82.74	81.97	81.79	77.73	81.22	74.34	72.93
132	74.25	72.82	73.61	72.44	72.82	76.20	75.78	75.53	73.86	73.63	82.29	74.70	81.61	82.62	81.83	81.65	77.59	81.08	74.17	72.75
133	74.15	72.55	73.53	72.34	72.61	76.06	75.66	75.42	73.73	73.53	82.17	74.54	81.46	82.44	81.64	81.53	77.45	80.95	74.04	72.63
134	74.03	72.55	73.40	72.24	72.36	75.88	75.57	75.28	73.61	73.41	82.04	74.41	81.38	82.27	81.50	81.43	77.34	80.84	73.91	72.51
135	73.90	72.43	73.22	72.10	72.15	75.76	75.40	75.13	73.42	73.25	81.88	74.28	81.18	82.14	81.35	81.29	77.18	80.66	73.76	72.34
136	73.79	72.34	73.12	72.01	71.97	75.66	75.30	75.02	73.33	73.15	81.77	74.15	81.05	82.01	81.25	81.17	77.05	80.52	73.65	72.21
137	73.65	72.19	72.99	71.91	71.73	75.56	75.19	74.87	73.19	73.04	81.68	74.05	80.92	81.84	81.13	81.07	76.93	80.42	73.50	72.13
138	73.54	72.08	72.90	71.82	71.51	75.44	75.07	74.80	73.06	72.92	81.57	73.95	80.81	81.73	81.02	80.95	76.85	80.33	73.38	72.01
