1	114.22	114.32	114.45	114.52	114.58	114.79	114.90	115.03	115.02	115.21	112.92	115.26	112.97	113.25	113.43	113.63	113.69	113.95	113.95	114.22
2	113.97	114.12	114.24	114.28	114.38	114.57	114.66	114.81	114.79	115.02	112.70	115.05	112.74	113.00	113.23	113.43	113.44	113.70	113.75	114.01
3	113.74	113.88	114.01	114.05	114.16	114.37	114.41	114.57	114.56	114.80	112.48	114.80	112.48	112.81	112.98	113.19	113.21	113.46	113.51	113.76
4	113.45	113.63	113.68	113.80	113.87	114.11	114.12	114.29	114.32	114.52	112.23	114.56	112.25	112.54	112.73	112.95	112.97	113.17	113.25	113.51
5	113.21	113.29	113.41	113.55	113.62	113.87	113.87	114.04	114.12	114.28	111.84	114.25	111.93	112.31	112.50	112.69	112.73	112.91	113.02	113.27
6	112.87	113.06	113.09	113.22	113.24	113.45	113.53	113.73	113.78	113.91	111.60	113.92	111.65	111.94	112.21	112.35	112.25	112.61	112.68	112.97
7	112.62	112.69	112.76	112.92	112.96	113.14	113.24	113.41	113.51	113.66	111.18	113.65	111.20	111.65	111.92	112.07	111.85	112.26	112.37	112.60
8	112.30	112.36	112.43	112.61	112.66	112.85	112.91	113.08	113.21	113.33	110.84	113.23	110.84	111.30	111.62	111.75	111.49	111.94	112.06	112.29
9	111.91	112.05	112.10	112.26	112.36	112.52	112.59	112.75	112.87	113.00	110.44	112.94	110.43	111.01	111.28	111.45	111.07	111.59	111.69	112.01
10	111.52	111.77	111.76	111.90	111.97	112.18	112.13	112.43	112.45	112.65	110.02	112.61	110.02	110.68	110.98	111.12	110.61	111.26	111.31	111.62
11	111.15	111.43	111.46	111.54	111.52	111.81	111.76	112.05	112.12	112.30	109.59	112.27	110.02	110.34	110.41	110.71	110.26	110.91	110.92	111.24
12	110.83	111.10	111.10	111.19	111.13	111.45	111.42	111.69	111.79	111.93	109.19	112.03	109.73	109.96	110.01	110.36	109.87	110.56	110.57	110.84
13	110.44	110.73	110.75	110.82	110.83	111.12	111.10	111.33	111.42	111.63	108.81	111.55	109.36	109.60	109.61	110.01	109.47	110.22	110.27	110.47
14	110.03	110.49	110.38	110.51	110.56	110.71	110.69	111.00	111.04	111.32	108.81	111.20	109.05	109.18	109.38	109.66	109.25	109.88	109.90	110.13
16	109.68	110.09	110.01	110.21	110.18	110.48	110.29	110.65	110.64	110.96	108.72	110.89	108.65	109.18	109.04	109.33	108.93	109.57	109.54	109.90
17	109.39	109.78	109.77	109.82	109.83	110.15	110.01	110.30	110.20	110.65	108.44	110.58	108.36	109.04	108.69	108.98	108.60	109.26	109.17	109.53
18	109.10	109.50	109.45	109.40	109.50	109.85	109.69	110.01	109.82	110.14	108.12	110.23	107.93	108.74	108.38	108.53	108.28	108.93	108.83	109.01
19	108.75	109.10	109.12	109.08	109.19	109.53	109.35	109.64	109.41	109.88	107.95	109.86	107.64	108.36	107.99	108.20	107.93	108.56	108.54	108.78
20	108.42	108.80	108.85	108.73	108.84	109.25	109.01	109.34	108.98	109.57	107.75	109.51	107.32	108.26	107.68	107.81	107.61	108.21	108.27	108.48
21	108.05	108.42	108.51	108.52	108.48	108.95	108.71	108.97	108.74	109.21	107.54	109.13	106.99	108.04	107.30	107.59	107.25	107.85	107.79	108.15
22	107.67	108.03	108.16	108.17	108.16	108.60	108.30	108.65	108.37	108.91	107.31	108.78	106.87	107.57	106.96	107.24	106.86	107.56	107.60	107.84
23	107.40	107.78	107.94	107.91	107.91	108.35	108.02	108.39	108.14	108.68	107.05	108.57	106.61	107.43	106.70	107.01	106.62	107.32	107.12	107.60
24	107.00	107.47	107.62	107.52	107.49	107.98	107.70	108.07	107.82	108.35	106.89	108.22	106.43	107.05	106.70	106.72	106.26	106.90	106.63	107.36
25	106.65	107.07	107.25	107.20	107.15	107.59	107.34	107.64	107.45	108.05	106.71	107.85	106.17	106.65	106.47	106.39	105.74	106.43	106.41	106.96
26	106.36	106.75	106.95	106.90	106.83	107.28	107.04	107.30	107.08	107.71	106.35	107.52	105.92	106.53	105.99	106.10	105.34	106.09	106.13	106.64
27	106.08	106.45	106.62	106.52	106.53	106.99	106.76	107.01	106.72	107.39	106.11	107.21	105.66	106.32	105.71	105.81	104.86	105.76	105.84	106.31
28	105.60	106.13	106.34	106.18	106.24	106.67	106.43	106.63	106.38	107.07	105.95	106.92	105.48	106.14	105.43	105.47	104.49	105.42	105.51	106.00
29	105.19	105.85	106.05	105.92	105.98	106.41	106.15	106.32	106.10	106.80	105.71	106.63	105.27	105.89	105.11	105.19	104.27	105.14	105.24	105.69
30	104.80	105.50	105.72	105.57	105.63	106.04	105.73	105.92	105.76	106.34	105.48	106.24	105.10	105.70	104.98	104.80	103.80	104.75	104.92	105.33
31	104.52	105.18	105.43	105.28	105.30	105.74	105.41	105.60	105.43	106.00	105.16	105.94	104.85	105.44	104.43	104.46	103.58	104.44	104.59	105.01
32	104.07	104.97	105.21	105.08	105.04	105.49	105.19	105.28	105.21	105.79	104.95	105.71	104.65	105.26	104.33	104.22	103.37	104.20	104.33	104.81
33	103.87	104.65	104.92	104.74	104.75	105.21	104.88	105.07	104.92	105.45	104.85	105.39	104.53	105.07	104.22	103.94	103.08	104.20	104.05	104.47
34	103.55	104.37	104.64	104.47	104.46	104.93	104.59	104.78	104.56	105.17	104.63	105.16	104.32	104.86	104.00	103.94	102.85	104.03	103.78	104.18
35	103.35	104.17	104.43	104.27	104.26	104.73	104.37	104.55	104.37	104.81	104.44	104.95	104.10	104.65	103.82	103.84	102.63	103.90	103.57	103.98
36	103.01	103.89	104.12	103.98	103.97	104.44	104.03	104.21	104.04	104.40	104.31	104.64	104.01	104.54	103.73	103.72	102.32	103.56	103.21	103.70
37	102.68	103.59	103.85	103.73	103.69	104.17	103.72	103.88	103.74	103.99	104.09	104.35	103.79	104.34	103.53	103.51	102.02	103.20	102.91	103.44
38	102.38	103.34	103.52	103.39	103.39	103.86	103.45	103.58	103.49	103.59	103.93	104.06	103.63	104.17	103.33	103.33	101.77	102.84	102.60	103.17
39	102.06	102.89	103.17	103.05	103.07	103.54	103.14	103.28	103.03	103.17	103.73	103.74	103.45	103.93	103.12	103.17	101.45	102.48	102.23	102.85
40	101.70	102.50	102.87	102.70	102.77	103.24	102.83	102.97	102.74	102.79	103.51	103.47	103.25	103.68	102.90	102.95	101.16	102.17	101.88	102.51
41	101.41	102.11	102.57	102.34	102.48	102.88	102.52	102.67	102.42	102.36	103.33	103.17	103.04	103.46	102.64	102.68	100.85	101.86	101.53	102.16
42	101.07	101.69	102.24	102.00	102.18	102.62	102.18	102.30	102.07	102.13	103.10	102.85	102.81	103.27	102.42	102.46	100.50	101.56	101.25	101.82
43	100.76	101.48	101.97	101.71	101.92	102.34	101.91	102.03	101.86	101.84	102.87	102.55	102.58	103.03	102.17	102.26	100.18	101.40	100.95	101.51
44	100.52	101.27	101.75	101.46	101.69	102.09	101.68	101.80	101.63	101.58	102.67	102.31	102.37	102.84	102.01	102.05	99.94	101.25	100.74	101.27
45	100.17	100.97	101.47	101.24	101.37	101.84	101.40	101.55	101.39	101.31	102.54	102.03	102.25	102.69	101.89	101.96	99.71	101.12	100.49	100.88
46	99.96	100.78	101.25	101.03	101.17	101.63	101.20	101.33	101.20	101.10	102.37	101.79	102.05	102.48	101.76	101.79	99.49	100.96	100.28	100.62
47	99.71	100.54	100.96	100.81	100.92	101.40	100.96	101.07	100.93	100.83	102.26	101.59	101.92	102.37	101.66	101.67	99.25	100.86	100.04	100.38
48	99.50	100.34	100.74	100.61	100.71	101.18	100.76	100.87	100.71	100.59	102.14	101.32	101.77	102.21	101.48	101.45	99.04	100.72	99.84	99.99
49	99.18	100.03	100.45	100.18	100.38	100.83	100.40	100.47	100.40	100.28	102.05	101.04	101.63	102.11	101.39	101.35	98.74	100.38	99.49	99.62
50	98.86	99.72	100.12	99.78	100.03	100.49	100.11	100.15	100.07	100.03	101.79	100.75	101.44	101.88	101.18	101.09	98.38	100.05	99.17	99.38
51	98.54	99.41	99.78	99.57	99.71	100.16	99.77	99.94	99.76	99.74	101.60	100.45	101.19	101.66	100.94	100.87	98.07	99.93	98.92	99.06
52	98.34	99.20	99.58	99.35	99.50	99.96	99.52	99.75	99.56	99.53	101.41	100.24	101.01	101.47	100.73	100.67	97.88	99.73	98.70	98.85
53	98.11	98.98	99.39	98.95	99.28	99.77	99.31	99.46	99.36	99.32	101.30	100.04	100.92	101.34	100.64	100.56	97.68	99.62	98.49	98.65
54	97.79	98.59	99.07	98.73	98.96	99.48	98.98	99.20	99.02	99.04	101.20	99.74	100.79	101.24	100.49	100.44	97.38	99.48	98.18	98.36
55	97.54	98.39	98.81	98.53	98.71	99.23	98.77	98.97	98.79	98.82	100.96	99.56	100.58	101.01	100.24	100.24	97.15	99.25	97.93	98.12
56	97.29	98.14	98.61	98.31	98.46	99.01	98.54	98.68	98.57	98.63	100.87	99.31	100.44	100.84	100.09	100.13	96.91	99.11	97.65	97.89
57	97.07	97.95	98.40	98.11	98.26	98.78	98.34	98.47	98.29	98.41	100.78	99.11	100.29	100.72	99.97	100.01	96.50	98.98	97.37	97.66
58	96.71	97.61	98.00	97.76	97.91	98.35	97.99	98.12	97.89	98.03	100.67	98.71	100.17	100.63	99.87	99.88	96.08	98.86	97.01	97.28
59	96.40	97.31	97.64	97.40	97.61	98.06	97.66	97.83	97.55	97.70	100.40	98.36	99.91	100.35	99.59	99.52	95.71	98.60	96.73	97.00
60	96.11	97.01	97.31	97.07	97.26	97.78	97.32	97.51	97.33	97.41	100.21	98.03	99.69	100.14	99.41	99.31	95.47	98.37	96.44	96.68
61	95.92	96.77	97.09	96.84	97.02	97.54	97.05	97.24	97.11	97.15	99.95	97.79	99.41	99.93	99.18	99.11	95.22	98.17	96.18	96.46
62	95.70	96.56	96.90	96.63	96.79	97.31	96.79	96.98	96.94	96.93	99.84	97.59	99.28	99.83	99.01	98.94	95.02	98.01	95.99	96.23
63	95.50	96.35	96.66	96.40	96.59	97.10	96.56	96.75	96.68	96.74	99.73	97.38	99.16	99.69	98.91	98.81	94.82	97.86	95.76	96.02
64	95.24	96.11	96.39	96.16	96.36	96.88	96.32	96.52	96.44	96.47	99.61	97.13	99.05	99.58	98.78	98.68	94.58	97.74	95.56	95.77
65	95.05	95.90	96.17	95.94	96.13	96.69	96.10	96.31	96.25	96.27	99.48	96.92	98.95	99.45	98.64	98.50	94.37	97.62	95.34	95.55
66	94.85	95.67	95.94	95.73	95.93	96.46	95.91	96.10	96.04	96.07	99.38	96.71	98.85	99.35	98.52	98.37	94.16	97.50	95.13	95.33
67	94.63	95.46	95.75	95.50	95.71	96.24	95.69	95.89	95.82	95.86	99.26	96.49	98.76	99.24	98.39	98.25	93.94	97.37	94.91	95.12
68	94.31	95.19	95.36	95.21	95.42	95.99	95.39	95.61	95.49	95.61	99.14	96.18	98.65	99.12	98.28	98.14	93.94	97.27	94.62	94.86
69	94.08	94.96	95.12	94.96	95.16	95.76	95.13	95.36	95.17	95.38	98.91	95.93	98.40	98.96	98.07	97.91	93.78	97.03	94.43	94.60
70	93.86	94.72	94.92	94.75	94.96	95.53	94.90	95.16	94.93	95.13	98.74	95.74	98.24	98.80	97.92	97.79	93.61	96.87	94.19	94.36
71	93.66	94.48	94.70	94.53	94.72	95.29	94.70	94.92	94.70	94.92	98.60	95.52	98.11	98.68	97.82	97.69	93.50	96.75	93.96	94.13
72	93.46	94.26	94.45	94.31	94.50	95.07	94.50	94.72	94.49	94.70	98.46	95.31	97.99	98.55	97.69	97.60	93.37	96.61	93.75	93.89
73	93.25	94.08	94.23	94.10	94.32	94.88	94.30	94.54	94.29	94.52	98.34	95.11	97.87	98.45	97.56	97.46	93.28	96.52	93.54	93.64
74	93.00	93.85	93.99	93.89	94.06	94.64	94.06	94.33	94.03	94.28	98.22	94.85	97.73	98.33	97.42	97.33	93.14	96.43	93.27	93.44
75	92.77	93.64	93.80	93.66	93.88	94.40	93.84	94.12	93.81	94.04	98.04	94.63	97.61	98.19	97.34	97.18	93.02	96.29	93.02	93.21
76	92.54	93.40	93.54	93.42	93.63	94.16	93.59	93.86	93.58	93.79	97.87	94.38	97.50	98.05	97.23	96.99	92.84	96.18	92.77	92.97
77	92.35	93.20	93.31	93.21	93.39	93.94	93.38	93.62	93.37	93.54	97.74	94.19	97.29	97.92	97.07	96.81	92.66	96.05	92.55	92.74
78	92.15	92.98	93.10	93.02	93.19	93.73	93.14	93.40	93.15	93.34	97.63	93.93	97.17	97.82	96.95	96.67	92.54	95.93	92.29	92.49
79	91.90	92.74	92.85	92.81	92.94	93.52	92.90	93.17	92.91	93.10	97.52	93.69	97.07	97.69	96.80	96.56	92.45	95.82	92.06	92.29
80	91.71	92.50	92.63	92.58	92.73	93.30	92.69	92.96	92.66	92.89	97.40	93.46	96.95	97.57	96.70	96.45	92.31	95.71	91.83	92.07
81	91.52	92.25	92.41	92.35	92.50	93.10	92.49	92.74	92.39	92.70	97.28	93.22	96.85	97.48	96.58	96.34	92.18	95.58	91.65	91.88
82	91.32	92.03	92.22	92.15	92.28	92.90	92.27	92.52	92.19	92.46	97.15	93.00	96.75	97.36	96.48	96.23	92.03	95.50	91.44	91.64
83	91.09	91.82	92.05	91.95	92.06	92.67	92.06	92.32	91.94	92.26	96.98	92.78	96.64	97.25	96.36	96.07	91.91	95.39	91.17	91.42
84	90.86	91.58	91.82	91.74	91.83	92.44	91.83	92.09	91.70	92.05	96.88	92.56	96.51	97.15	96.25	95.96	91.79	95.25	90.95	91.18
85	90.62	91.36	91.60	91.48	91.62	92.21	91.59	91.89	91.45	91.83	96.75	92.33	96.39	97.02	96.09	95.84	91.65	95.14	90.73	90.97
86	90.36	91.06	91.41	91.29	91.40	91.95	91.39	91.62	91.23	91.61	96.62	92.10	96.25	96.89	95.96	95.73	91.55	95.05	90.47	90.70
87	90.13	90.81	91.16	91.08	91.18	91.71	91.19	91.41	90.97	91.38	96.51	91.84	95.99	96.68	95.78	95.62	91.41	94.89	90.23	90.46
88	89.85	90.56	90.89	90.84	90.91	91.47	90.92	91.14	90.71	91.13	96.42	91.58	95.86	96.59	95.66	95.51	91.29	94.79	89.95	90.23
89	89.61	90.33	90.67	90.64	90.69	91.23	90.69	90.94	90.49	90.92	96.25	91.37	95.70	96.45	95.51	95.38	91.12	94.61	89.74	90.03
90	89.40	90.12	90.45	90.41	90.47	91.00	90.49	90.72	90.29	90.72	96.16	91.15	95.59	96.32	95.40	95.26	91.00	94.48	89.56	89.80
91	89.21	89.92	90.26	90.22	90.27	90.80	90.29	90.54	90.11	90.52	96.04	90.96	95.48	96.24	95.28	95.12	90.86	94.37	89.36	89.57
92	89.01	89.71	90.05	90.03	90.07	90.59	90.07	90.34	89.90	90.31	95.96	90.76	95.39	96.16	95.16	95.01	90.73	94.28	89.16	89.35
93	88.80	89.50	89.86	89.82	89.86	90.39	89.88	90.15	89.70	90.11	95.87	90.55	95.25	96.05	95.08	94.93	90.65	94.15	88.95	89.14
94	88.60	89.29	89.64	89.62	89.67	90.17	89.66	89.96	89.50	89.91	95.77	90.32	95.17	95.93	94.96	94.84	90.54	94.05	88.74	88.94
95	88.36	89.06	89.46	89.42	89.48	89.93	89.46	89.73	89.28	89.65	95.65	90.04	95.07	95.81	94.87	94.72	90.45	93.94	88.55	88.74
96	88.15	88.84	89.25	89.22	89.29	89.74	89.26	89.53	89.08	89.44	95.52	89.84	94.93	95.69	94.76	94.56	90.33	93.79	88.33	88.54
97	87.93	88.64	89.05	88.99	89.06	89.53	89.02	89.28	88.86	89.22	95.42	89.63	94.84	95.59	94.66	94.43	90.23	93.68	88.12	88.33
98	87.67	88.43	88.80	88.71	88.82	89.53	88.77	89.01	88.61	88.93	95.31	89.41	94.75	95.49	94.56	94.29	90.11	93.56	87.88	88.05
99	87.37	88.17	88.54	88.45	88.56	89.43	88.77	88.76	88.29	88.70	95.07	89.12	94.60	95.30	94.39	94.15	89.97	93.39	87.68	87.83
100	87.16	87.97	88.31	88.24	88.35	89.20	88.63	88.57	88.06	88.48	94.93	88.88	94.43	95.16	94.21	93.95	89.82	93.22	87.47	87.65
101	86.91	87.70	88.07	88.00	88.08	89.07	88.45	88.31	87.81	88.26	94.83	88.56	94.33	95.05	94.11	93.86	89.70	93.09	87.24	87.44
102	86.70	87.50	87.85	87.76	87.83	88.92	88.33	88.11	87.63	88.04	94.68	88.17	94.22	94.81	93.96	93.71	89.53	92.98	87.03	87.24
103	86.37	87.17	87.53	87.42	87.51	88.82	88.05	87.80	87.30	87.72	94.54	87.96	94.13	94.70	93.85	93.62	89.44	92.89	86.73	86.91
104	86.12	86.92	87.30	87.21	87.30	88.57	87.93	87.62	87.10	87.51	94.33	87.49	93.86	94.40	93.65	93.40	89.23	92.67	86.52	86.68
105	85.86	86.56	86.97	86.85	86.93	88.45	87.62	87.62	86.80	87.18	94.23	87.13	93.76	94.28	93.53	93.28	89.13	92.57	86.18	86.24
106	85.53	86.26	86.65	86.56	86.60	88.20	87.26	87.48	86.51	86.92	93.93	86.90	93.49	94.06	93.29	93.02	88.95	92.33	85.87	85.92
107	85.32	86.04	86.40	86.34	86.39	88.01	87.17	87.25	86.33	86.60	93.76	86.68	93.30	93.85	93.07	92.84	88.77	92.12	85.65	85.73
108	85.00	85.74	86.10	85.96	86.11	87.90	87.08	86.92	86.03	86.28	93.65	86.17	93.20	93.72	92.99	92.72	88.63	92.03	85.31	85.35
109	84.71	85.42	85.80	85.64	85.78	87.67	86.61	86.60	85.71	86.05	93.39	85.81	92.90	93.53	92.76	92.52	88.42	91.77	84.99	85.03
110	84.71	85.11	85.49	85.33	85.49	87.44	86.26	86.47	85.38	85.74	93.16	85.43	92.69	93.34	92.57	92.32	88.22	91.63	84.99	84.71
111	84.54	84.84	85.18	85.07	85.17	87.24	85.94	86.25	85.06	85.29	92.93	85.09	92.46	93.16	92.42	92.08	87.97	91.40	84.85	84.35
112	84.35	84.53	84.88	84.72	84.88	87.02	85.60	85.94	84.74	85.06	92.72	84.84	92.25	93.00	92.23	91.93	87.75	91.21	84.69	84.05
113	84.11	84.31	84.69	84.38	84.67	86.78	85.51	85.83	84.54	84.85	92.49	84.63	92.03	92.82	92.01	91.73	87.52	90.98	84.45	83.82
114	83.75	83.96	84.33	83.90	84.35	86.68	85.40	85.73	84.23	84.52	92.39	84.26	91.92	92.72	91.87	91.61	87.40	90.83	84.31	83.50
115	83.40	83.61	84.00	83.70	84.06	86.47	85.22	85.51	83.92	84.16	92.13	84.26	91.72	92.52	91.65	91.36	87.21	90.58	84.07	83.16
116	83.26	83.40	83.79	83.36	83.85	86.25	85.00	85.21	83.72	83.92	91.88	84.07	91.50	92.28	91.44	91.13	86.97	90.33	83.82	82.97
117	82.91	83.12	83.45	82.98	83.52	86.13	84.91	85.09	83.43	83.62	91.75	83.99	91.38	92.13	91.33	91.02	86.89	90.22	83.72	82.67
118	82.56	82.81	83.16	82.62	83.16	85.90	84.71	84.88	83.11	83.30	91.49	83.79	91.15	91.95	91.12	90.75	86.68	90.04	83.51	82.34
119	82.44	82.52	82.85	82.25	82.93	85.66	84.44	84.65	82.86	83.02	91.28	83.54	90.85	91.74	90.89	90.54	86.49	89.74	83.34	82.08
120	81.97	82.19	82.51	81.83	82.48	85.49	84.24	84.54	82.53	82.68	91.09	83.33	90.63	91.58	90.69	90.33	86.33	89.59	83.12	82.08
121	81.90	81.85	82.16	81.64	82.23	85.24	84.00	84.31	82.20	82.35	90.87	83.09	90.40	91.32	90.45	90.08	86.09	89.37	82.88	81.90
122	81.66	81.56	82.16	81.35	81.94	85.01	83.74	84.02	81.89	82.06	90.67	82.84	90.15	91.04	90.26	89.87	85.87	89.17	82.66	81.66
123	81.48	81.36	82.03	81.15	81.75	84.84	83.51	83.79	81.69	81.85	90.50	82.64	89.93	90.82	90.06	89.67	85.67	88.99	82.48	81.47
124	81.38	81.09	81.94	80.94	81.54	84.76	83.41	83.69	81.39	81.85	90.35	82.54	89.83	90.69	89.96	89.59	85.57	88.90	82.39	81.37
125	81.28	80.88	81.73	80.70	81.32	84.62	83.23	83.52	81.18	81.73	90.15	82.33	89.59	90.48	89.83	89.47	85.47	88.79	82.29	81.24
126	81.15	80.60	81.59	80.45	81.02	84.49	83.13	83.42	81.18	81.60	90.01	82.22	89.41	90.35	89.72	89.35	85.36	88.68	82.15	81.10
127	80.96	80.37	81.41	80.25	80.76	84.33	82.97	83.27	81.08	81.47	89.85	82.07	89.25	90.19	89.55	89.22	85.17	88.52	81.98	80.91
128	80.80	80.15	81.26	80.03	80.57	84.22	82.85	83.13	80.99	81.33	89.74	81.94	89.07	90.08	89.40	89.09	85.03	88.39	81.82	80.75
129	80.72	79.95	81.16	79.83	80.35	84.12	82.76	83.02	80.85	81.23	89.64	81.83	88.96	90.00	89.30	88.99	84.92	88.28	81.72	80.65
130	80.63	79.67	81.04	79.83	80.08	84.02	82.66	82.91	80.75	81.13	89.55	81.74	88.86	89.89	89.18	88.86	84.82	88.18	81.60	80.57
131	80.49	79.46	80.88	79.72	79.85	83.87	82.51	82.78	80.57	80.96	89.37	81.60	88.70	89.73	89.01	88.70	84.61	88.02	81.39	80.41
132	80.39	79.24	80.75	79.56	79.57	83.74	82.39	82.66	80.41	80.86	89.25	81.49	88.53	89.63	88.90	88.59	84.50	87.90	81.28	80.31
133	80.27	78.99	80.64	79.42	79.35	83.62	82.27	82.50	80.26	80.70	89.08	81.38	88.38	89.48	88.77	88.44	84.36	87.76	81.11	80.15
134	80.13	78.99	80.51	79.32	79.04	83.47	82.17	82.37	80.14	80.54	88.99	81.24	88.26	89.36	88.66	88.32	84.19	87.65	80.99	80.02
135	79.97	78.86	80.35	79.15	78.82	83.28	82.01	82.18	79.95	80.38	88.79	81.10	88.07	89.21	88.49	88.08	84.01	87.47	80.82	79.82
136	79.88	78.74	80.24	79.05	78.61	83.14	81.86	82.08	79.86	80.29	88.69	81.00	87.97	89.07	88.35	87.97	83.90	87.35	80.68	79.67
137	79.73	78.54	80.11	78.93	78.39	83.03	81.73	81.99	79.72	80.19	88.61	80.84	87.86	88.97	88.18	87.88	83.80	87.21	80.55	79.55
138	79.55	78.40	79.95	78.80	78.19	82.85	81.64	81.87	79.57	80.06	88.52	80.71	87.76	88.85	88.06	87.76	83.68	87.09	80.45	79.37
