113.25
113.05
112.83
112.61
112.36
111.98
111.71
111.35
110.91
110.60
110.33
110.03
109.81
109.56
109.18
108.84
108.48
108.15
107.86
107.53
107.19
106.90
106.56
106.25
105.91
105.57
105.26
104.93
104.58
104.20
103.84
103.46
103.10
102.77
102.45
102.09
101.77
101.42
101.02
100.74
100.33
99.97
99.67
99.33
98.96
98.60
98.26
97.93
97.57
97.18
96.84
96.46
96.14
95.74
95.52
95.07
94.81
94.53
94.15
93.79
93.45
93.45
93.29
93.04
92.70
92.41
92.15
91.97
91.73
91.52
91.32
91.07
90.85
90.63
90.43
90.21
89.99
89.80
89.59
89.27
88.96
88.66
88.52
88.27
88.04
87.80
87.60
87.50
87.28
87.16
87.02
86.88
86.63
86.44
86.22
86.03
85.82
85.61
85.49
85.26
85.05
84.94
84.72
84.61
84.44
84.22
84.08
83.98
83.84
83.66
83.49
83.27
83.10
82.89
82.63
82.42
82.18
81.96
81.82
81.66
81.56
81.41
81.29
81.18
81.05
80.89
80.72
80.52
80.37
80.28
80.14
79.99
79.91
79.71
79.56
79.38
79.18
79.09
78.93
78.81
78.67
78.54
78.41
78.28
78.15
78.02
77.90
77.80
77.67
77.45
77.27
77.09
76.98
76.88
76.76
76.59
76.45
76.31
76.21
76.09
75.98
75.80
75.65
75.53
75.38
75.20
75.06
74.94
74.85
74.75
74.61
74.47
74.38
