115.10
114.91
114.69
114.43
114.17
113.73
113.39
113.05
112.63
112.33
112.03
111.79
111.54
111.21
110.80
110.49
110.14
109.84
109.49
109.17
108.84
108.51
108.18
107.83
107.52
107.13
106.82
106.50
106.17
105.88
105.56
105.24
104.87
104.61
104.32
103.97
103.65
103.36
103.04
102.76
102.41
102.09
101.78
101.48
101.17
100.84
100.52
100.19
99.84
99.53
99.20
98.88
98.58
98.25
97.93
97.61
97.31
97.03
96.64
96.22
95.92
95.58
95.26
94.89
94.55
94.19
93.88
93.54
93.24
92.86
92.52
92.20
91.88
91.57
91.27
90.93
90.58
90.23
89.95
89.65
89.35
89.06
88.69
88.41
88.05
87.75
87.54
87.25
87.00
86.78
86.55
86.25
86.00
85.71
85.45
85.13
84.83
84.42
83.95
83.77
83.40
83.15
82.92
82.48
82.24
81.98
81.77
81.53
81.28
81.04
80.71
80.41
80.08
79.73
79.41
79.13
78.84
78.64
78.64
78.53
78.42
78.28
78.15
78.05
77.96
77.84
77.71
77.54
77.40
77.22
77.08
76.96
76.79
76.65
76.45
76.29
76.17
76.05
75.88
75.75
75.62
75.48
75.36
75.23
75.12
74.98
74.85
74.71
74.57
74.35
74.16
73.99
73.89
73.79
73.67
73.52
73.40
73.26
73.13
73.03
72.91
72.79
72.64
72.52
72.38
72.14
72.01
71.87
71.71
71.59
71.46
71.29
71.18
