114.66
114.43
114.24
114.04
113.85
113.50
113.19
112.81
112.37
112.04
111.69
111.37
111.16
110.82
110.47
110.12
109.78
109.48
109.16
108.82
108.47
108.19
107.88
107.51
107.23
106.79
106.47
106.14
105.82
105.52
105.20
104.86
104.54
104.22
103.92
103.63
103.29
103.00
102.66
102.27
101.90
101.61
101.30
100.97
100.65
100.34
100.00
99.67
99.36
99.01
98.67
98.32
97.99
97.67
97.36
97.02
96.59
96.28
95.91
95.54
95.23
94.93
94.58
94.19
93.80
93.42
93.09
92.76
92.45
92.11
91.76
91.41
91.07
90.80
90.53
90.21
89.83
89.48
89.22
88.94
88.65
88.35
87.98
87.65
87.30
87.00
86.78
86.47
86.20
85.96
85.69
85.36
85.08
84.76
84.76
84.64
84.34
84.10
83.79
83.51
83.41
83.14
83.01
82.91
82.50
82.38
82.24
82.12
81.95
81.79
81.44
81.33
80.93
80.83
80.39
80.06
79.75
79.61
79.51
79.35
79.24
79.08
78.98
78.84
78.72
78.56
78.36
78.18
78.08
77.90
77.77
77.64
77.53
77.39
77.22
76.99
76.84
76.73
76.59
76.45
76.34
76.19
76.09
75.97
75.82
75.66
75.51
75.42
75.30
75.05
74.84
74.64
74.54
74.44
74.32
74.22
74.04
73.91
73.81
73.71
73.60
73.43
73.29
73.16
73.05
72.90
72.76
72.63
72.48
72.37
72.24
72.07
71.97
