114.85
114.63
114.42
114.14
113.89
113.54
113.25
112.88
112.43
112.14
111.83
111.54
111.20
110.88
110.49
110.19
109.88
109.60
109.28
108.85
108.51
108.31
107.88
107.59
107.37
106.95
106.71
106.38
105.99
105.78
105.49
105.19
104.84
104.53
104.25
103.95
103.62
103.31
102.97
102.65
102.33
101.96
101.65
101.33
101.03
100.70
100.40
100.13
99.85
99.53
98.98
98.64
98.37
98.13
97.74
97.32
97.08
96.70
96.33
95.95
95.64
95.29
94.91
94.55
94.25
93.95
93.61
93.30
93.02
92.69
92.34
91.94
91.64
91.27
90.94
90.65
90.32
90.11
89.84
89.62
89.20
88.89
88.56
88.18
87.88
87.68
87.29
87.10
86.83
86.58
86.34
85.97
85.74
85.45
85.11
84.77
84.43
84.20
83.92
83.57
83.33
83.07
82.87
82.58
82.27
81.91
81.66
81.40
81.14
80.88
80.50
80.21
79.92
79.55
79.23
78.88
78.55
78.33
78.09
77.87
77.63
77.40
77.20
76.93
76.69
76.42
76.17
75.93
75.68
75.46
75.23
75.04
74.78
74.52
74.27
74.03
73.81
73.53
73.29
73.06
72.82
72.59
72.36
72.10
71.86
71.65
71.45
71.06
70.83
70.49
70.22
70.03
69.82
69.62
69.36
69.36
69.24
69.11
68.99
68.89
68.78
68.62
68.39
68.27
68.09
67.93
67.81
67.70
67.58
67.47
67.36
67.18
67.07
