114.20
113.97
113.73
113.47
113.25
112.96
112.45
112.12
111.79
111.44
111.24
110.96
110.74
110.44
110.04
109.70
109.34
109.01
108.63
108.26
107.96
107.65
107.32
106.96
106.67
106.25
105.90
105.59
105.26
104.94
104.60
104.30
103.94
103.73
103.42
103.12
102.77
102.49
102.15
101.88
101.54
101.24
100.95
100.60
100.29
99.94
99.59
99.28
98.99
98.63
98.25
97.93
97.58
97.33
97.03
96.68
96.39
96.13
95.62
95.17
94.79
94.46
94.05
93.79
93.47
93.16
92.85
92.53
92.25
91.95
91.62
91.31
90.98
90.69
90.38
90.05
89.73
89.46
89.26
89.00
88.72
88.44
88.11
87.81
87.48
87.15
86.93
86.60
86.37
86.20
85.94
85.64
85.32
85.05
84.77
84.48
84.10
83.86
83.52
83.21
82.96
82.71
82.51
82.21
81.92
81.65
81.40
81.15
80.89
80.59
80.23
79.91
79.58
79.24
78.93
78.61
78.33
78.11
77.85
77.66
77.38
77.18
76.96
76.72
76.72
76.57
76.42
76.22
76.10
75.94
75.81
75.68
75.58
75.41
75.25
75.09
74.93
74.77
74.56
74.43
74.33
74.17
74.06
73.95
73.81
73.68
73.54
73.43
73.27
73.05
72.86
72.66
72.53
72.45
72.34
72.22
72.08
71.94
71.85
71.76
71.66
71.48
71.35
71.20
71.03
70.83
70.71
70.60
70.52
70.39
70.27
70.13
70.03
