114.29
114.09
113.89
113.66
113.41
113.12
112.85
112.45
112.11
111.80
111.56
111.23
110.95
110.64
110.22
109.90
109.52
109.22
108.89
108.54
108.25
107.97
107.65
107.29
106.95
106.63
106.27
105.91
105.61
105.28
104.97
104.64
104.30
103.85
103.43
103.03
102.66
102.45
102.07
101.63
101.33
101.01
100.68
100.32
100.01
99.73
99.42
99.10
98.82
98.45
98.06
97.76
97.46
97.18
96.82
96.47
96.17
95.92
95.55
95.18
94.83
94.48
94.12
93.77
93.37
93.00
92.72
92.42
92.16
91.86
91.49
91.14
90.84
90.54
90.22
89.87
89.55
89.20
88.94
88.65
88.30
88.05
87.73
87.49
87.15
86.84
86.63
86.34
86.12
85.91
85.57
85.27
84.97
84.64
84.28
83.86
83.64
83.43
83.07
82.72
82.48
82.19
81.99
81.70
81.38
81.13
80.90
80.63
80.29
80.00
79.55
79.29
78.97
78.62
78.31
77.93
77.69
77.47
77.20
77.02
76.77
76.58
76.37
76.15
75.86
75.61
75.33
75.12
74.87
74.64
74.34
74.11
74.11
74.00
73.81
73.61
73.48
73.34
73.20
73.06
72.94
72.78
72.65
72.50
72.37
72.24
72.12
72.01
71.88
71.68
71.46
71.28
71.17
71.10
70.98
70.87
70.71
70.60
70.47
70.38
70.28
70.12
69.98
69.86
69.75
69.61
69.50
69.39
69.26
69.17
69.04
68.91
68.82
