113.78
113.58
113.33
113.08
112.83
112.53
112.29
111.87
111.53
111.21
110.93
110.61
110.29
109.87
109.42
109.00
108.68
108.35
107.96
107.65
107.28
106.94
106.62
106.26
106.02
105.51
105.25
104.90
104.56
104.26
103.96
103.64
103.30
103.01
102.71
102.43
102.09
101.80
101.47
101.15
100.85
100.52
100.20
99.88
99.55
99.21
98.92
98.61
98.29
97.94
97.52
97.20
96.87
96.56
96.22
95.90
95.57
95.31
94.83
94.41
94.10
93.77
93.46
93.23
92.87
92.51
92.19
91.89
91.60
91.27
90.89
90.58
90.26
89.93
89.59
89.27
88.97
88.62
88.40
88.11
87.79
87.46
87.10
86.79
86.41
86.13
85.91
85.60
85.32
85.12
84.89
84.57
84.26
83.95
83.64
83.33
83.01
82.79
82.43
82.05
81.85
81.55
81.36
81.09
80.77
80.48
80.23
79.97
79.73
79.47
79.11
78.82
78.52
78.17
77.74
77.41
77.15
76.93
76.67
76.44
76.44
76.35
76.23
76.08
75.93
75.76
75.57
75.42
75.28
75.13
74.95
74.80
74.68
74.53
74.34
74.17
74.01
73.89
73.72
73.57
73.45
73.35
73.24
73.15
73.01
72.83
72.75
72.64
72.53
72.33
72.13
71.93
71.83
71.72
71.59
71.47
71.32
71.22
71.11
71.00
70.89
70.74
70.66
70.57
70.45
70.29
70.16
70.05
69.95
69.85
69.73
69.59
69.48
