114.67
114.47
114.24
114.01
113.69
113.47
113.01
112.67
112.33
112.02
111.71
111.39
111.18
110.92
110.51
110.20
109.83
109.49
109.11
108.77
108.40
108.10
107.74
107.39
107.07
106.73
106.40
106.09
105.79
105.47
105.20
104.85
104.50
104.19
103.90
103.56
103.23
102.95
102.60
102.31
102.01
101.74
101.44
101.11
100.79
100.45
100.15
99.83
99.50
99.18
98.87
98.57
98.26
97.98
97.65
97.32
97.00
96.67
96.29
95.94
95.62
95.33
94.95
94.59
94.27
93.96
93.65
93.34
93.03
92.70
92.37
92.04
91.74
91.43
91.12
90.76
90.46
90.11
89.91
89.66
89.33
88.98
88.64
88.39
88.04
87.73
87.52
87.18
86.91
86.71
86.48
86.11
85.84
85.51
85.22
85.22
85.09
84.89
84.75
84.51
84.29
84.19
84.02
83.91
83.76
83.50
83.38
83.28
83.14
82.97
82.74
82.52
82.33
82.10
81.87
81.68
81.47
81.26
81.12
80.91
80.81
80.69
80.56
80.44
80.32
80.14
79.95
79.79
79.67
79.48
79.35
79.22
79.10
78.97
78.79
78.60
78.46
78.35
78.18
78.07
77.95
77.81
77.69
77.57
77.45
77.33
77.20
77.09
76.75
76.61
76.51
76.33
76.22
76.11
76.00
75.91
75.76
75.60
75.47
75.35
75.23
75.03
74.89
74.80
74.63
74.50
74.39
74.27
74.14
74.03
73.93
73.76
73.66
