1	95.36	87.15	91.33	77.59	74.67	90.11	82.12	94.24	89.26	91.30
2	95.17	86.94	91.14	77.40	74.47	89.91	81.93	94.05	89.08	91.10
3	94.97	86.73	90.95	77.19	74.26	89.69	81.72	93.84	88.87	90.85
4	94.79	86.53	90.76	76.99	74.07	89.51	81.49	93.62	88.66	90.63
5	94.58	86.32	90.52	76.79	73.86	89.32	81.27	93.42	88.44	90.41
6	94.37	86.13	90.32	76.60	73.66	89.12	81.07	93.21	88.24	90.20
7	94.17	85.93	90.11	76.39	73.45	88.91	80.86	92.99	88.05	90.01
8	93.85	85.56	89.90	76.20	73.23	88.73	80.67	92.69	87.69	89.80
9	93.56	85.12	89.58	75.85	72.88	88.44	80.38	92.34	87.30	89.45
10	93.26	84.80	89.21	75.49	72.54	88.10	80.03	91.96	86.89	89.07
11	92.95	84.42	88.87	75.20	72.20	87.78	79.68	91.76	86.68	88.73
12	92.74	84.24	88.54	74.88	71.84	87.43	79.40	91.42	86.34	88.44
13	92.47	83.95	88.29	74.63	71.84	87.18	79.12	91.13	86.05	88.17
14	92.27	83.75	88.10	74.43	71.75	86.97	78.91	90.94	85.85	87.98
15	92.04	83.56	87.92	74.21	71.66	86.74	78.70	90.69	85.63	87.77
16	91.79	83.33	87.67	73.98	71.54	86.49	78.46	90.47	85.40	87.55
17	91.58	83.11	87.47	73.79	71.39	86.26	78.25	90.28	85.18	87.37
18	91.38	82.89	87.26	73.58	71.26	86.04	78.05	90.08	84.98	87.16
19	91.16	82.66	87.07	73.40	71.16	85.85	77.82	89.89	84.73	86.94
20	90.93	82.44	86.81	73.18	71.03	85.66	77.57	89.66	84.49	86.74
21	90.73	82.25	86.60	72.97	70.92	85.44	77.36	89.45	84.27	86.52
22	90.51	82.03	86.39	72.77	70.80	85.24	77.15	89.26	84.06	86.32
23	90.29	81.82	86.18	72.57	70.70	85.03	76.95	89.06	83.85	86.13
24	90.08	81.60	85.97	72.38	70.59	84.83	76.74	88.85	83.66	85.93
25	89.88	81.39	85.76	72.17	70.47	84.62	76.53	88.62	83.45	85.73
26	89.66	81.18	85.58	71.95	70.35	84.39	76.30	88.42	83.22	85.51
27	89.44	80.99	85.37	71.74	70.22	84.18	76.13	88.21	83.02	85.31
28	89.24	80.78	85.16	71.51	70.12	83.99	75.90	88.01	82.84	85.11
29	89.01	80.59	84.96	71.29	69.99	83.78	75.67	87.79	82.60	84.89
30	88.81	80.38	84.76	71.10	69.89	83.58	75.46	87.60	82.41	84.70
31	88.60	80.21	84.53	70.91	69.80	83.35	75.23	87.40	82.22	84.48
33	88.38	79.92	84.22	70.91	69.71	83.06	75.00	87.12	81.94	84.23
34	88.18	79.73	84.03	70.81	69.55	82.84	74.80	86.90	81.75	84.03
35	87.96	79.52	83.78	70.70	69.43	82.60	74.57	86.67	81.53	83.84
36	87.76	79.31	83.60	70.56	69.32	82.38	74.34	86.48	81.33	83.65
37	87.53	79.09	83.40	70.42	69.21	82.15	74.13	86.29	81.13	83.41
38	87.26	78.80	83.15	70.30	69.08	81.89	74.13	86.00	80.85	83.15
39	87.04	78.60	82.95	70.14	68.91	81.69	74.03	85.58	80.64	82.94
40	86.71	78.26	82.65	70.02	68.77	81.38	73.69	85.20	80.35	82.62
41	86.37	77.94	82.30	69.84	68.58	81.05	73.34	84.79	80.02	82.27
42	86.02	77.63	81.97	69.59	68.36	80.71	73.01	84.41	79.72	81.93
43	85.74	77.27	81.65	69.36	68.14	80.30	72.68	84.21	79.44	81.60
44	85.53	77.08	81.45	69.07	67.92	80.10	72.53	84.01	79.24	81.40
45	85.32	76.88	81.26	68.95	67.83	79.91	72.43	83.81	79.03	81.20
46	85.13	76.67	81.08	68.84	67.73	79.72	72.35	83.59	78.80	80.99
47	84.93	76.46	80.89	68.73	67.64	79.53	72.25	83.40	78.60	80.82
48	84.71	76.27	80.69	68.62	67.52	79.32	72.16	83.20	78.40	80.60
49	84.49	76.03	80.44	68.53	67.42	79.11	72.06	83.00	78.19	80.37
50	84.26	75.83	80.26	68.39	67.26	78.93	71.88	82.77	77.99	80.17
51	84.05	75.63	80.03	68.30	67.16	78.72	71.80	82.57	77.80	79.97
52	83.87	75.42	79.82	68.18	67.03	78.53	71.66	82.38	77.60	79.78
53	83.65	75.22	79.62	68.08	66.95	78.29	71.56	82.16	77.41	79.60
54	83.44	74.98	79.40	67.99	66.82	78.07	71.44	81.92	77.16	79.40
55	83.24	74.76	79.19	67.87	66.68	77.84	71.33	81.71	76.97	79.20
56	82.97	74.50	78.92	67.76	66.56	77.55	71.22	81.45	76.97	78.92
57	82.76	74.31	78.71	67.57	66.37	77.36	71.04	81.25	76.86	78.72
58	82.54	74.09	78.49	67.46	66.26	77.16	70.92	81.04	76.76	78.51
59	82.33	73.90	78.29	67.36	66.17	76.96	70.82	80.82	76.66	78.29
60	82.14	73.72	78.11	67.25	66.04	76.76	70.69	80.61	76.56	78.07
61	81.95	73.51	77.89	67.14	65.95	76.56	70.61	80.41	76.47	77.88
62	81.73	73.29	77.66	67.03	65.85	76.34	70.51	80.20	76.37	77.67
63	81.53	73.07	77.47	66.91	65.74	76.12	70.39	80.00	76.25	77.47
64	81.35	72.86	77.28	66.82	65.63	75.90	70.28	79.79	76.16	77.27
65	81.14	72.67	77.06	66.72	65.53	75.71	70.18	79.58	76.08	77.06
66	80.94	72.46	76.87	66.61	65.42	75.50	70.08	79.39	75.99	76.86
67	80.68	72.46	76.62	66.51	65.31	75.24	69.97	79.15	75.88	76.58
68	80.47	72.37	76.41	66.35	65.11	75.03	69.79	78.93	75.72	76.35
69	80.28	72.26	76.20	66.22	64.99	74.82	69.67	78.70	75.60	76.11
70	80.09	72.17	76.01	66.11	64.88	74.62	69.58	78.52	75.51	75.92
71	79.90	72.07	75.83	66.03	64.79	74.42	69.49	78.33	75.41	75.70
72	79.69	71.96	75.62	65.94	64.67	74.22	69.37	78.12	75.28	75.49
73	79.49	71.87	75.41	65.84	64.59	74.02	69.29	77.94	75.18	75.30
74	79.29	71.77	75.21	65.75	64.48	73.82	69.20	77.75	75.07	75.09
75	79.09	71.67	75.02	65.64	64.39	73.61	69.09	77.55	74.97	74.89
76	78.91	71.54	74.80	65.50	64.29	73.39	68.97	77.35	74.83	74.69
77	78.67	71.44	74.60	65.35	64.19	73.18	68.86	77.15	74.70	74.49
78	78.46	71.33	74.40	65.21	64.08	72.98	68.77	76.97	74.57	74.31
79	78.13	71.25	74.18	65.10	63.99	72.79	68.67	76.59	74.44	74.12
80	77.94	71.14	73.85	64.97	63.89	72.50	68.56	76.40	74.33	73.77
81	77.61	70.90	73.65	64.75	63.68	72.30	68.32	76.04	74.08	73.58
82	77.29	70.80	73.36	64.66	63.57	72.02	68.22	75.64	73.98	73.26
83	76.99	70.61	73.06	64.42	63.40	71.73	68.04	75.27	73.75	72.94
84	76.79	70.39	72.75	64.24	63.18	71.43	67.82	75.08	73.53	72.62
85	76.59	70.19	72.55	64.02	62.98	71.23	67.59	74.87	73.30	72.43
86	76.38	70.11	72.37	63.93	62.89	71.04	67.49	74.64	73.20	72.24
87	76.19	69.97	72.15	63.80	62.76	70.83	67.38	74.43	73.10	72.02
88	76.00	69.85	71.96	63.69	62.67	70.62	67.25	74.23	72.98	71.81
89	75.82	69.75	71.72	63.60	62.55	70.38	67.16	74.01	72.89	71.59
90	75.63	69.66	71.51	63.47	62.43	70.17	67.06	73.80	72.79	71.36
91	75.43	69.57	71.29	63.37	62.32	69.95	66.96	73.57	72.67	71.13
92	75.23	69.48	71.10	63.23	62.19	69.75	66.87	73.38	72.58	70.92
93	75.02	69.38	70.89	63.08	62.10	69.54	66.77	73.18	72.48	70.71
94	74.84	69.29	70.68	62.98	61.98	69.33	66.67	72.96	72.38	70.49
95	74.63	69.20	70.48	62.90	61.87	69.13	66.55	72.76	72.28	70.30
96	74.42	69.09	70.29	62.78	61.76	68.94	66.45	72.58	72.18	70.09
97	74.20	68.98	70.09	62.69	61.65	68.73	66.34	72.36	72.07	69.90
98	74.00	68.88	69.89	62.60	61.56	68.52	66.23	72.17	71.97	69.69
99	73.73	68.79	69.63	62.51	61.46	68.24	66.13	71.91	71.87	69.69
100	73.54	68.62	69.43	62.33	61.28	68.05	65.95	71.72	71.70	69.57
101	73.32	68.52	69.23	62.24	61.18	67.84	65.86	71.50	71.59	69.46
102	73.10	68.39	69.00	62.11	61.07	67.66	65.74	71.12	71.48	69.36
103	72.79	68.27	68.69	61.99	60.96	67.66	65.64	70.73	71.37	69.02
104	72.36	68.07	68.34	61.73	60.74	67.53	65.45	70.32	71.16	68.70
105	71.99	67.82	68.02	61.49	60.49	67.34	65.21	69.91	70.94	68.36
106	71.77	67.59	67.72	61.25	60.22	67.11	64.96	69.47	70.71	68.00
107	71.46	67.29	67.37	60.95	59.96	66.79	64.70	69.04	70.42	67.65
108	71.08	67.03	67.00	60.70	59.75	66.59	64.45	68.67	70.18	67.23
109	70.76	66.76	66.65	60.42	59.48	66.31	64.18	68.25	69.89	66.86
110	70.41	66.49	66.32	60.18	59.24	66.05	63.94	67.85	69.66	66.49
111	70.10	66.26	65.94	59.97	58.98	65.77	63.71	67.65	69.45	66.10
112	69.91	66.03	65.74	59.77	58.79	65.51	63.50	67.44	69.19	66.00
113	69.72	65.91	65.54	59.69	58.69	65.40	63.38	67.25	69.07	65.91
114	69.52	65.82	65.35	59.60	58.59	65.31	63.30	67.05	68.97	65.82
115	69.26	65.74	65.09	59.52	58.50	65.20	63.19	67.05	68.85	65.75
116	69.06	65.56	64.88	59.33	58.32	65.00	63.02	66.94	68.66	65.57
117	68.85	65.47	64.67	59.21	58.24	64.91	62.95	66.84	68.56	65.44
118	68.60	65.38	64.67	59.13	58.14	64.80	62.86	66.72	68.45	65.34
119	68.40	65.18	64.59	58.97	57.96	64.66	62.66	66.55	68.28	65.18
120	68.17	65.08	64.48	58.87	57.84	64.57	62.56	66.44	68.19	65.07
121	67.96	64.97	64.37	58.77	57.75	64.47	62.46	66.34	68.06	64.96
