1	99.35	98.39	87.42	78.50	85.82	92.87	83.99	98.23	92.31	99.26
2	99.13	98.20	87.21	78.31	85.63	92.67	83.77	98.00	92.10	99.06
3	98.92	98.00	87.00	78.11	85.40	92.46	83.58	97.80	91.90	98.86
4	98.72	97.79	86.80	77.89	85.20	92.27	83.39	97.60	91.69	98.65
5	98.53	97.61	86.57	77.67	84.98	92.04	83.20	97.39	91.47	98.44
6	98.32	97.40	86.35	77.48	84.77	91.81	82.98	97.18	91.28	98.24
7	98.13	97.21	86.15	77.29	84.56	91.60	82.76	96.98	91.09	98.06
8	97.90	97.00	85.93	77.07	84.34	91.37	82.55	96.77	90.86	97.83
9	97.69	96.79	85.74	76.85	84.15	91.14	82.34	96.59	90.63	97.61
10	97.47	96.56	85.53	76.65	83.92	90.91	82.13	96.39	90.42	97.40
11	97.28	96.34	85.32	76.24	83.63	90.71	81.92	96.21	90.23	97.20
12	96.95	96.03	84.98	75.86	83.30	90.40	81.62	95.90	89.90	96.88
14	96.58	95.62	84.57	75.86	82.83	90.01	81.62	95.51	89.51	96.48
15	96.26	95.30	84.27	75.56	82.43	89.68	81.38	95.16	89.16	96.13
16	95.90	94.96	83.91	75.21	82.04	89.39	81.16	94.82	88.82	95.81
17	95.60	94.61	83.56	74.87	81.62	89.09	80.91	94.52	88.51	95.46
18	95.27	94.26	83.24	74.53	81.23	88.76	80.72	94.19	88.14	95.16
19	94.91	93.92	82.87	74.18	80.84	88.37	80.54	93.81	87.77	94.78
20	94.60	93.65	82.56	73.82	80.62	88.08	80.28	93.51	87.48	94.46
21	94.38	93.43	82.34	73.71	80.41	87.84	80.07	93.28	87.26	94.25
22	94.17	93.23	82.14	73.58	80.20	87.64	79.94	93.08	87.06	94.03
23	94.00	93.02	81.91	73.47	79.97	87.43	79.83	92.76	86.68	93.83
24	93.71	92.71	81.50	73.34	79.49	87.09	79.71	92.43	86.31	93.53
25	93.36	92.39	81.19	73.12	79.15	86.75	79.51	92.12	85.98	93.21
26	93.04	92.07	80.89	72.88	78.78	86.45	79.30	91.93	85.76	92.90
27	92.71	91.76	80.55	72.66	78.44	86.13	79.03	91.63	85.43	92.61
28	92.36	91.44	80.35	72.42	78.24	85.81	78.80	91.29	85.14	92.28
29	92.15	91.24	80.14	72.18	78.04	85.60	78.60	91.08	84.94	92.05
30	91.93	91.04	79.94	72.06	77.83	85.41	78.50	90.86	84.75	91.87
31	91.73	90.79	79.71	71.95	77.64	85.19	78.39	90.67	84.56	91.63
32	91.52	90.59	79.49	71.85	77.44	84.99	78.26	90.47	84.36	91.42
33	91.30	90.35	79.30	71.73	77.24	84.77	78.16	90.26	84.15	91.21
34	91.07	90.14	79.08	71.65	77.03	84.56	78.05	90.02	83.97	91.00
35	90.86	89.94	78.87	71.56	76.83	84.37	77.93	89.82	83.78	90.80
36	90.60	89.64	78.59	71.43	76.57	84.10	77.84	89.54	83.78	90.54
37	90.38	89.42	78.39	71.26	76.37	83.87	77.70	89.13	83.68	90.32
38	90.03	89.08	78.04	71.15	76.02	83.58	77.59	88.74	83.34	89.98
39	89.70	88.77	77.72	70.95	75.71	83.26	77.35	88.37	82.99	89.65
40	89.36	88.42	77.36	70.71	75.71	82.94	77.13	87.97	82.67	89.32
41	89.01	88.08	77.04	70.50	75.53	82.63	76.91	87.57	82.34	88.99
42	88.73	87.76	76.72	70.23	75.28	82.30	76.67	87.18	82.02	88.67
43	88.39	87.40	76.40	70.02	75.05	81.97	76.48	86.97	81.67	88.31
44	88.18	87.20	76.17	69.79	74.78	81.73	76.25	86.74	81.54	88.05
45	87.97	86.97	75.97	69.66	74.62	81.53	76.12	86.55	81.40	87.84
46	87.77	86.79	75.76	69.54	74.50	81.33	76.02	86.34	81.25	87.62
47	87.58	86.59	75.57	69.45	74.39	81.15	75.89	86.14	81.15	87.43
48	87.39	86.36	75.35	69.35	74.29	80.91	75.79	85.93	81.06	87.25
49	87.19	86.16	75.16	69.21	74.18	80.72	75.67	85.73	80.95	87.06
50	86.98	85.96	74.94	69.12	74.08	80.52	75.56	85.53	80.84	86.86
51	86.76	85.75	74.76	69.02	73.97	80.30	75.46	85.32	80.74	86.68
52	86.55	85.54	74.55	68.92	73.87	80.12	75.35	85.11	80.64	86.49
53	86.32	85.32	74.35	68.82	73.74	79.90	75.26	84.88	80.54	86.26
54	86.12	85.11	74.14	68.68	73.60	79.69	75.14	84.68	80.43	86.05
55	85.92	84.91	73.96	68.59	73.50	79.48	75.02	84.48	80.35	85.85
56	85.70	84.72	73.77	68.48	73.40	79.27	74.91	84.27	80.28	85.66
57	85.48	84.53	73.56	68.39	73.31	79.08	74.81	84.07	80.17	85.45
58	85.26	84.31	73.34	68.29	73.20	78.87	74.70	83.86	80.08	85.24
59	85.03	84.11	73.09	68.16	73.09	78.65	74.58	83.65	79.96	85.04
60	84.83	83.89	72.89	68.06	72.97	78.46	74.47	83.43	79.83	84.83
61	84.54	83.65	72.89	67.92	72.86	78.19	74.36	83.19	79.73	84.57
62	84.34	83.45	72.79	67.73	72.68	77.97	74.17	82.96	79.59	84.36
63	84.13	83.22	72.66	67.64	72.57	77.77	74.05	82.78	79.46	84.18
64	83.91	83.01	72.52	67.51	72.43	77.55	73.91	82.57	79.35	84.00
65	83.69	82.78	72.43	67.41	72.32	77.32	73.78	82.34	79.22	83.78
66	83.49	82.58	72.32	67.28	72.20	77.11	73.70	82.14	79.11	83.56
67	83.28	82.36	72.20	67.18	72.08	76.93	73.60	81.93	78.99	83.34
68	83.07	82.15	72.07	67.06	71.97	76.73	73.49	81.74	78.86	83.12
69	82.85	81.95	71.96	66.97	71.86	76.50	73.39	81.53	78.77	82.92
70	82.64	81.73	71.85	66.86	71.75	76.31	73.29	81.31	78.64	82.74
71	82.41	81.52	71.74	66.74	71.66	76.10	73.20	81.13	78.53	82.50
72	82.19	81.31	71.66	66.64	71.53	75.90	73.10	80.87	78.42	82.29
73	81.97	81.08	71.53	66.53	71.41	75.71	72.98	80.66	78.30	82.04
74	81.76	80.83	71.36	66.42	71.32	75.45	72.86	80.42	78.17	81.85
75	81.58	80.62	71.22	66.27	71.18	75.26	72.74	80.17	78.04	81.62
76	81.34	80.39	71.10	66.17	71.05	75.05	72.64	79.99	77.93	81.43
77	81.12	80.20	70.98	66.09	70.95	74.85	72.55	79.80	77.82	81.22
78	80.91	80.00	70.88	65.96	70.85	74.62	72.42	79.57	77.73	80.98
79	80.70	79.82	70.75	65.85	70.73	74.40	72.30	79.34	77.60	80.78
80	80.49	79.60	70.63	65.73	70.64	74.22	72.20	79.13	77.47	80.57
81	80.28	79.37	70.53	65.64	70.55	74.00	72.09	78.92	77.38	80.34
82	80.08	79.19	70.41	65.52	70.44	73.77	71.95	78.71	77.26	80.14
83	79.85	78.98	70.28	65.42	70.33	73.55	71.85	78.51	77.15	79.93
84	79.62	78.78	70.16	65.31	70.22	73.35	71.73	78.31	77.05	79.71
85	79.41	78.57	70.06	65.19	70.12	73.14	71.61	78.10	76.96	79.53
86	79.20	78.38	69.95	65.07	70.01	72.93	71.50	77.89	76.87	79.32
87	78.98	78.17	69.82	64.97	69.91	72.71	71.39	77.69	76.77	79.12
88	78.79	77.98	69.72	64.87	69.81	72.50	71.31	77.48	76.66	78.92
89	78.57	77.76	69.61	64.78	69.70	72.29	71.19	77.28	76.56	78.70
90	78.38	77.56	69.51	64.68	69.60	72.08	71.07	77.06	76.46	78.48
91	78.18	77.35	69.41	64.55	69.49	71.89	70.97	76.86	76.33	78.30
92	78.00	77.15	69.31	64.45	69.41	71.66	70.86	76.65	76.24	78.10
93	77.78	76.92	69.19	64.34	69.32	71.45	70.74	76.42	76.13	77.88
94	77.58	76.71	69.08	64.24	69.20	71.25	70.62	76.21	76.02	77.69
95	77.38	76.49	68.98	64.11	69.10	71.06	70.49	75.98	75.92	77.50
96	77.18	76.24	68.87	64.01	68.97	70.86	70.38	75.78	75.81	77.29
97	76.96	76.03	68.78	63.89	68.85	70.65	70.27	75.55	75.66	77.08
98	76.76	75.83	68.66	63.79	68.76	70.44	70.13	75.36	75.57	76.88
99	76.55	75.61	68.57	63.68	68.66	70.22	70.03	75.13	75.48	76.66
100	76.35	75.40	68.47	63.59	68.57	70.04	69.93	74.94	75.36	76.46
101	76.17	75.19	68.37	63.50	68.44	69.84	69.83	74.74	75.25	76.26
102	75.96	74.97	68.28	63.42	68.33	69.63	69.71	74.55	75.16	76.07
103	75.69	74.71	68.18	63.30	68.22	69.63	69.60	74.29	75.06	75.77
104	75.41	74.43	68.02	63.14	68.05	69.53	69.41	74.29	74.85	75.49
105	75.19	74.20	67.85	62.97	67.88	69.34	69.25	74.19	74.69	75.28
106	74.93	73.93	67.73	62.86	67.78	69.23	69.14	74.09	74.58	75.28
107	74.74	73.75	67.57	62.69	67.62	69.06	68.94	73.94	74.40	75.19
108	74.45	73.75	67.47	62.59	67.52	68.96	68.84	73.84	74.31	75.09
109	74.25	73.64	67.33	62.40	67.38	68.84	68.70	73.68	74.15	74.91
110	74.06	73.52	67.23	62.30	67.28	68.74	68.58	73.60	74.04	74.81
111	73.83	73.42	67.14	62.20	67.16	68.63	68.47	73.49	73.93	74.70
