98.66
98.44
98.20
98.00
97.62
97.41
97.10
96.78
96.43
96.11
95.76
95.43
95.09
94.76
94.41
94.06
93.84
93.57
93.26
92.99
92.66
92.27
91.93
91.65
91.35
91.03
90.71
90.39
90.05
89.73
89.39
89.05
88.71
88.47
88.10
87.74
87.45
87.10
86.86
86.56
86.24
85.86
85.50
85.23
84.90
84.60
84.26
83.94
83.66
83.35
83.04
82.71
82.31
82.00
81.69
81.35
80.92
80.59
80.29
80.00
79.69
79.44
79.14
78.78
78.44
78.09
77.78
77.53
77.19
76.90
76.62
76.30
75.96
75.71
75.41
75.18
74.91
74.70
74.49
74.31
74.05
73.81
73.47
73.10
72.77
72.44
72.22
72.00
71.67
71.67
71.58
71.42
71.29
71.12
71.04
70.92
70.79
70.67
70.51
70.38
70.16
69.98
69.86
69.50
69.13
69.05
68.85
68.40
68.07
67.74
67.50
67.27
66.92
66.81
66.58
66.18
65.87
65.51
65.30
65.04
64.84
64.55
64.32
64.04
63.84
63.66
63.44
63.25
63.03
62.80
62.64
62.50
62.38
62.15
61.98
61.77
61.55
61.44
61.25
61.12
61.01
60.88
60.74
60.59
60.47
60.28
60.16
60.03
59.91
59.67
59.52
59.40
59.29
59.19
59.01
58.87
58.74
58.59
58.45
58.29
58.16
58.05
57.90
57.76
57.64
57.51
57.41
57.28
57.15
