97.04
96.83
96.63
96.45
96.24
95.92
95.59
95.30
94.96
94.66
94.19
93.85
93.63
93.25
93.05
92.78
92.58
92.31
91.88
91.50
91.07
90.67
90.41
89.98
89.76
89.42
89.10
88.77
88.41
88.15
87.84
87.47
87.14
86.91
86.54
86.25
85.96
85.68
85.45
85.15
84.91
84.53
84.23
83.93
83.57
83.25
83.25
83.11
82.91
82.69
82.47
82.29
82.08
81.74
81.54
81.32
81.04
80.68
80.44
80.24
80.05
79.80
79.63
79.41
79.17
78.92
78.64
78.43
78.24
78.01
77.81
77.63
77.43
77.24
77.05
76.85
76.73
76.51
76.37
76.25
76.15
76.00
75.86
75.62
75.40
75.09
74.88
74.77
74.67
74.43
74.26
74.14
73.97
73.83
73.71
73.57
73.46
73.32
73.14
73.03
72.86
72.63
72.47
72.35
72.13
71.91
71.74
71.52
71.30
71.04
70.74
70.52
70.36
70.10
69.87
69.62
69.33
69.06
68.78
68.54
68.33
68.09
67.81
67.56
67.35
67.15
66.99
66.81
66.61
66.41
66.25
66.02
65.88
65.57
65.39
65.25
65.05
64.95
64.79
64.66
64.53
64.37
64.22
64.11
63.99
63.81
63.70
63.52
63.42
63.26
63.15
63.04
62.89
62.78
62.57
62.45
62.33
62.17
62.03
61.92
61.78
61.64
61.50
61.38
61.25
61.08
60.90
60.79
60.69
