97.48
97.26
97.04
96.84
96.64
96.28
95.92
95.47
95.23
94.91
94.59
94.22
93.93
93.60
93.29
92.97
92.73
92.47
92.18
91.91
91.61
91.27
90.93
90.68
90.41
90.10
89.75
89.48
89.14
88.89
88.52
88.18
87.89
87.62
87.29
87.04
86.77
86.42
86.17
85.85
85.55
85.21
84.81
84.52
84.20
83.88
83.57
83.25
82.96
82.62
82.32
81.99
81.60
81.30
81.02
80.71
80.28
80.01
79.73
79.43
79.14
78.82
78.48
78.17
77.86
77.56
77.25
76.97
76.58
76.27
76.01
75.66
75.33
75.08
74.80
74.53
74.24
74.00
73.79
73.56
73.35
73.11
72.82
72.48
72.15
71.83
71.60
71.37
71.09
70.84
70.61
70.41
70.19
69.98
69.72
69.51
69.28
69.28
69.19
69.07
68.90
68.64
68.50
68.35
68.13
67.91
67.73
67.50
67.21
66.94
66.62
66.38
66.29
66.06
65.88
65.64
65.46
65.24
64.98
64.76
64.53
64.25
64.06
63.82
63.60
63.39
63.20
63.00
62.79
62.60
62.41
62.25
62.14
61.84
61.69
61.49
61.23
61.11
60.91
60.78
60.68
60.53
60.42
60.28
60.17
60.07
59.94
59.75
59.62
59.41
59.26
59.16
58.99
58.89
58.72
58.56
58.44
58.31
58.16
57.98
57.88
57.77
57.60
57.48
57.34
57.22
57.13
57.00
56.90
