98.10
97.91
97.71
97.50
97.31
96.98
96.65
96.38
96.12
95.78
95.43
95.07
94.75
94.47
94.15
93.81
93.61
93.34
93.04
92.75
92.45
92.09
91.76
91.44
91.17
90.84
90.53
90.21
89.91
89.59
89.26
88.87
88.56
88.29
87.84
87.63
87.25
86.98
86.66
86.35
86.04
85.77
85.41
85.12
84.83
84.52
84.17
83.86
83.58
83.21
82.94
82.67
82.28
81.92
81.63
81.26
80.95
80.60
80.21
79.85
79.47
79.26
78.81
78.61
78.27
77.92
77.58
77.28
76.94
76.66
76.43
76.10
75.81
75.53
75.29
75.05
74.82
74.61
74.40
74.19
74.00
73.54
73.14
72.73
72.31
72.09
71.86
71.63
71.34
71.07
70.84
70.60
70.41
70.19
69.92
69.71
69.48
69.17
68.93
68.62
68.26
68.03
67.79
67.45
67.18
66.86
66.50
66.15
65.84
65.47
65.09
64.86
64.60
64.28
63.90
63.58
63.28
62.91
62.55
62.23
61.86
61.51
61.21
60.93
60.61
60.32
59.95
59.65
59.34
59.07
58.77
58.54
58.16
58.16
58.05
57.85
57.62
57.51
57.40
57.28
57.14
56.98
56.86
56.73
56.54
56.37
56.27
56.10
55.98
55.71
55.58
55.46
55.30
55.17
55.09
54.94
54.81
54.70
54.53
54.40
54.25
54.14
53.97
53.80
53.66
53.58
53.39
53.25
53.14
