97.17
96.97
96.75
96.55
96.34
96.00
95.67
95.39
95.04
94.72
94.38
94.05
93.75
93.45
93.16
92.81
92.61
92.40
92.11
91.73
91.38
91.07
90.69
90.47
90.17
89.77
89.55
89.12
88.90
88.55
88.16
87.70
87.48
87.14
86.83
86.53
86.27
86.00
85.72
85.37
85.07
84.71
84.32
83.98
83.68
83.27
83.03
82.62
82.40
81.98
81.76
81.76
81.45
81.24
80.89
80.57
80.21
79.86
79.74
79.48
79.29
79.07
78.88
78.64
78.46
78.24
78.03
77.76
77.56
77.37
77.17
76.95
76.72
76.52
76.36
76.13
75.95
75.74
75.57
75.46
75.35
75.21
75.07
74.86
74.60
74.36
74.10
73.98
73.84
73.63
73.51
73.39
73.26
73.06
72.97
72.85
72.71
72.61
72.43
72.27
72.10
71.88
71.72
71.62
71.37
71.17
70.95
70.71
70.47
70.25
69.95
69.67
69.54
69.36
69.16
68.92
68.70
68.43
68.15
67.86
67.63
67.34
67.11
66.85
66.58
66.39
66.21
65.98
65.71
65.37
65.20
64.97
64.85
64.58
64.43
64.27
64.07
63.94
63.79
63.68
63.59
63.42
63.29
63.17
63.07
62.92
62.76
62.59
62.43
62.17
62.04
61.92
61.82
61.72
61.53
61.43
61.29
61.14
61.00
60.85
60.75
60.63
60.47
60.33
60.17
60.01
59.87
59.74
59.62
