96.48
96.26
96.04
95.85
95.65
95.34
95.04
95.04
94.91
94.62
94.35
94.12
93.91
93.71
93.48
93.25
93.03
92.91
92.76
92.34
92.01
91.66
91.38
91.21
90.80
90.69
90.45
90.28
90.01
89.80
89.60
89.36
89.11
88.91
88.76
88.52
88.27
88.10
87.89
87.79
87.57
87.37
87.11
86.86
86.65
86.45
86.23
86.03
85.86
85.65
85.44
85.23
84.99
84.60
84.38
84.10
83.84
83.45
83.24
83.04
82.84
82.64
82.47
82.16
81.91
81.70
81.46
81.19
81.02
80.80
80.56
80.34
80.14
79.95
79.79
79.68
79.55
79.35
79.17
79.04
78.93
78.80
78.66
78.44
78.20
77.87
77.63
77.50
77.35
77.14
76.96
76.83
76.63
76.51
76.39
76.22
76.07
75.97
75.77
75.64
75.44
75.17
75.06
74.90
74.59
74.37
74.21
73.92
73.68
73.44
73.19
72.97
72.85
72.64
72.44
72.23
71.97
71.70
71.38
71.14
70.95
70.70
70.45
70.22
69.95
69.75
69.50
69.30
69.09
68.87
68.71
68.51
68.35
68.02
67.83
67.64
67.43
67.32
67.17
67.05
66.88
66.77
66.64
66.52
66.40
66.27
66.15
65.98
65.83
65.68
65.55
65.42
65.29
65.19
65.05
64.90
64.78
64.64
64.49
64.38
64.23
64.09
63.91
63.77
63.63
63.47
63.38
63.26
