97.62
97.43
97.21
97.02
96.82
96.51
96.26
95.97
95.64
95.31
94.97
94.66
94.33
94.04
93.72
93.43
93.23
92.98
92.68
92.36
91.98
91.66
91.29
91.05
90.79
90.45
90.14
89.87
89.58
89.29
88.94
88.59
88.29
88.08
87.68
87.40
87.12
86.71
86.46
86.18
85.85
85.48
85.15
84.82
84.51
84.18
83.85
83.54
83.24
82.92
82.67
82.37
81.98
81.70
81.43
80.90
80.50
80.22
79.90
79.57
79.26
78.99
78.70
78.39
78.05
77.67
77.38
77.10
76.73
76.43
76.11
75.82
75.50
75.23
74.93
74.70
74.46
74.24
74.03
73.82
73.62
73.41
73.05
72.72
72.35
72.03
71.79
71.56
71.33
71.07
70.85
70.63
70.39
70.21
69.95
69.72
69.49
69.22
68.97
68.54
68.25
67.99
67.79
67.42
67.11
66.84
66.46
66.13
65.83
65.40
65.10
65.10
64.99
64.74
64.57
64.34
64.09
63.86
63.53
63.24
63.03
62.76
62.50
62.28
62.04
61.81
61.67
61.48
61.28
61.07
60.90
60.73
60.60
60.30
60.14
59.92
59.66
59.56
59.42
59.27
59.14
58.98
58.84
58.70
58.60
58.44
58.23
58.13
58.00
57.81
57.67
57.55
57.44
57.34
57.18
57.05
56.93
56.77
56.64
56.51
56.33
56.22
56.07
55.93
55.78
55.63
55.48
55.36
55.22
