98.19
97.99
97.78
97.59
97.37
97.04
96.70
96.39
96.08
95.79
95.45
95.16
94.86
94.58
94.25
93.89
93.67
93.41
93.06
92.74
92.38
92.01
91.66
91.33
90.94
90.62
90.29
89.96
89.65
89.34
88.97
88.61
88.33
88.07
87.71
87.35
87.10
86.79
86.55
86.24
85.93
85.57
85.25
84.95
84.60
84.28
83.96
83.67
83.33
83.03
82.75
82.44
82.06
81.72
81.40
80.98
80.60
80.22
79.85
79.56
79.21
78.96
78.58
78.21
77.90
77.59
77.25
76.94
76.56
76.26
76.00
75.67
75.35
75.09
74.84
74.60
74.31
74.08
73.84
73.63
73.38
73.13
72.78
72.46
72.06
71.73
71.50
71.26
70.93
70.69
70.49
70.24
70.01
69.81
69.62
69.39
69.17
68.86
68.65
68.35
68.04
67.80
67.55
67.19
66.87
66.58
66.26
65.94
65.61
65.15
64.82
64.55
64.26
63.93
63.60
63.29
62.96
62.59
62.23
61.97
61.66
61.32
60.99
60.66
60.35
60.08
60.08
59.92
59.67
59.45
59.32
59.09
58.97
58.71
58.51
58.25
57.99
57.89
57.77
57.68
57.53
57.39
57.27
57.13
56.95
56.82
56.68
56.55
56.42
56.21
56.08
55.98
55.84
55.74
55.58
55.45
55.27
55.10
54.94
54.79
54.69
54.59
54.43
54.28
54.14
54.04
53.89
53.74
53.58
