98.76
98.54
98.32
98.12
97.90
97.56
97.27
96.93
96.66
96.35
95.99
95.66
95.34
95.00
94.70
94.35
94.16
93.87
93.57
93.25
92.88
92.54
92.18
91.89
91.61
91.29
90.96
90.63
90.31
90.05
89.70
89.34
89.00
88.78
88.35
88.04
87.78
87.48
87.08
86.74
86.30
85.97
85.72
85.40
85.06
84.73
84.38
84.09
83.63
83.37
83.01
82.67
82.38
81.99
81.69
81.37
80.98
80.74
80.25
79.97
79.76
79.46
78.98
78.73
78.42
78.10
77.81
77.55
77.19
76.86
76.36
76.16
75.84
75.60
75.34
75.12
74.83
74.57
74.35
74.14
73.95
73.74
73.42
73.02
72.69
72.40
72.18
71.95
71.67
71.45
71.23
71.00
70.77
70.58
70.34
70.11
69.85
69.55
69.29
68.98
68.67
68.44
68.22
67.86
67.47
67.26
66.89
66.34
66.13
65.61
65.40
65.15
64.72
64.35
63.96
63.53
63.15
62.70
62.70
62.58
62.16
61.97
61.51
61.41
61.20
60.98
60.80
60.62
60.42
60.21
60.04
59.81
59.68
59.42
59.26
59.02
58.79
58.69
58.50
58.36
58.24
58.11
57.98
57.81
57.68
57.56
57.47
57.33
57.22
56.98
56.85
56.69
56.57
56.45
56.27
56.17
56.01
55.85
55.74
55.57
55.43
55.29
55.14
55.00
54.86
54.73
54.55
54.43
54.32
