98.08
97.88
97.69
97.49
97.30
97.01
96.71
96.40
95.95
95.51
95.09
94.67
94.31
93.93
93.72
93.42
93.22
92.98
92.65
92.32
91.95
91.60
91.24
90.93
90.55
90.17
89.83
89.52
89.25
88.95
88.63
88.27
87.89
87.63
87.28
86.91
86.60
86.26
86.02
85.72
85.36
84.93
84.70
84.39
84.09
83.77
83.38
83.17
82.82
82.47
82.14
81.87
81.54
81.21
80.85
80.36
80.05
79.78
79.49
79.20
78.87
78.57
78.25
77.88
77.51
77.20
76.87
76.59
76.29
75.94
75.65
75.34
75.02
74.75
74.44
74.20
73.93
73.71
73.50
73.30
73.04
72.79
72.39
72.07
71.70
71.42
71.19
70.95
70.63
70.41
70.16
69.92
69.67
69.47
69.20
68.98
68.72
68.43
68.08
67.87
67.57
67.35
67.09
66.73
66.40
65.99
65.77
65.50
65.18
64.74
64.41
64.10
63.89
63.57
63.27
62.82
62.62
62.25
61.84
61.52
61.08
60.82
60.42
59.97
59.66
59.27
58.94
58.57
58.23
57.87
57.63
57.41
57.02
56.64
56.18
55.98
55.77
55.51
55.31
55.06
54.83
54.59
54.37
54.13
53.84
53.60
53.60
53.51
53.40
53.21
53.10
52.96
52.85
52.74
52.55
52.40
52.24
52.07
51.91
51.78
51.66
51.56
51.41
51.26
51.14
51.00
50.90
50.75
50.64
