98.82
98.61
98.41
98.17
97.97
97.59
97.29
97.00
96.66
96.33
95.97
95.65
95.34
95.01
94.53
94.35
94.15
93.71
93.35
92.96
92.57
92.15
91.77
91.34
90.95
90.63
90.42
90.06
89.72
89.44
89.08
88.72
88.40
88.19
87.84
87.54
87.29
86.96
86.74
86.43
85.95
85.48
85.25
84.97
84.68
84.24
83.87
83.49
83.30
82.81
82.43
82.05
81.80
81.36
80.96
80.57
80.13
79.91
79.50
79.17
78.85
78.63
78.20
78.01
77.66
77.36
77.02
76.75
76.46
76.15
75.85
75.52
75.19
74.91
74.69
74.44
74.22
73.90
73.67
73.42
73.21
72.99
72.67
72.30
71.96
71.65
71.42
71.18
70.84
70.56
70.32
70.06
69.83
69.61
69.37
69.15
68.91
68.61
68.38
68.11
67.84
67.60
67.38
67.05
66.68
66.37
66.02
65.69
65.33
64.94
64.65
64.38
63.92
63.59
63.28
62.98
62.67
62.31
62.05
61.60
61.29
60.77
60.53
60.23
59.95
59.71
59.42
59.11
58.82
58.52
58.52
58.39
58.24
57.94
57.76
57.50
57.22
57.12
57.01
56.89
56.78
56.62
56.48
56.33
56.22
56.08
55.94
55.77
55.65
55.41
55.30
55.20
55.10
54.99
54.89
54.79
54.63
54.48
54.32
54.20
54.06
53.96
53.81
53.66
53.54
53.40
53.26
53.16
53.03
