96.63
96.41
96.18
95.98
95.78
95.34
95.04
94.82
94.41
94.10
93.81
93.50
93.18
92.99
92.66
92.36
92.15
91.88
91.59
91.28
90.95
90.63
90.27
89.98
89.68
89.33
89.33
89.00
88.70
88.57
88.19
88.06
87.55
87.41
87.32
87.02
86.81
86.67
86.44
86.30
86.09
85.87
85.60
85.34
85.16
84.94
84.73
84.54
84.30
84.03
83.77
83.60
83.42
83.11
82.91
82.73
82.50
82.16
81.97
81.81
81.63
81.39
81.22
80.95
80.75
80.46
80.18
80.03
79.86
79.60
79.39
79.22
79.02
78.80
78.64
78.42
78.27
78.09
77.95
77.83
77.72
77.61
77.49
77.28
77.08
76.78
76.58
76.46
76.33
76.15
75.95
75.83
75.65
75.50
75.40
75.22
75.13
74.97
74.79
74.68
74.48
74.31
74.18
74.07
73.85
73.63
73.41
73.18
72.99
72.74
72.42
72.20
72.06
71.78
71.58
71.31
71.12
70.90
70.63
70.37
70.12
69.82
69.63
69.43
69.19
69.01
68.84
68.62
68.41
68.12
67.97
67.75
67.63
67.39
67.24
67.04
66.86
66.75
66.62
66.46
66.30
66.17
66.03
65.87
65.74
65.63
65.53
65.40
65.27
65.08
64.95
64.83
64.68
64.57
64.39
64.24
64.08
63.94
63.85
63.71
63.51
63.35
63.19
63.05
62.93
62.80
62.67
62.52
62.41
