87.33
87.12
86.93
86.73
86.53
86.34
86.14
85.93
85.73
85.44
85.13
84.94
84.73
84.52
84.24
84.03
83.77
83.56
83.37
83.12
82.88
82.65
82.44
82.21
82.00
81.79
81.57
81.37
81.15
80.95
80.75
80.53
80.32
80.13
79.89
79.58
79.29
78.95
78.61
78.28
77.96
77.75
77.55
77.33
77.11
76.91
76.71
76.46
76.26
76.04
75.83
75.62
75.43
75.20
74.97
74.76
74.42
74.05
73.69
73.69
73.35
73.06
72.71
72.62
72.41
72.30
72.11
71.86
71.66
71.55
71.45
71.33
71.24
71.13
71.01
70.91
70.80
70.69
70.60
70.51
70.41
70.30
70.20
70.10
69.98
69.87
69.76
69.64
69.49
69.36
69.21
69.09
68.96
68.86
68.74
68.65
68.55
68.43
68.34
68.22
68.14
68.05
67.96
67.86
67.75
67.67
67.52
67.34
67.22
67.13
67.03
66.94
66.83
66.69
66.60
66.47
66.31
66.21
66.12
66.02
65.90
65.74
65.64
65.56
65.42
65.31
65.20
65.09
64.96
64.86
64.75
64.66
64.55
64.46
64.35
64.24
64.13
64.01
63.91
63.79
63.67
63.58
63.44
63.34
