68.96
68.72
68.52
68.29
68.09
67.89
67.68
67.49
67.30
67.11
66.81
66.49
66.28
66.07
65.85
65.55
65.55
65.45
65.35
65.22
65.10
64.96
64.85
64.74
64.65
64.55
64.44
64.34
64.25
64.14
64.03
63.94
63.83
63.72
63.62
63.49
63.22
62.97
62.75
62.54
62.30
62.07
61.96
61.85
61.72
61.59
61.49
61.38
61.21
61.12
61.01
60.89
60.80
60.70
60.61
60.51
60.38
60.28
60.10
59.88
59.62
59.40
59.18
58.95
58.78
58.64
58.44
58.25
58.00
57.90
57.80
57.68
57.57
57.47
57.37
57.26
57.16
57.04
56.94
56.83
56.70
56.61
56.51
56.41
56.29
56.20
56.08
55.96
55.86
55.73
55.63
55.51
55.38
55.28
55.19
55.09
55.00
54.88
54.76
54.64
54.54
54.44
54.33
54.22
54.10
54.01
53.85
53.66
53.56
53.45
53.34
53.25
53.14
53.06
52.97
52.87
52.70
52.61
52.51
52.40
52.31
52.13
51.99
51.89
51.76
51.64
51.54
51.44
51.34
51.23
51.14
51.03
50.93
50.83
50.72
50.63
50.54
50.44
50.35
50.25
50.14
50.01
49.88
49.76
