88.43
88.21
88.02
87.82
87.59
87.41
87.19
86.99
86.80
86.59
86.29
85.95
85.74
85.53
85.19
84.99
84.67
84.49
84.26
84.05
83.83
83.62
83.42
83.23
83.02
82.82
82.58
82.37
82.17
81.96
81.76
81.57
81.35
81.14
80.86
80.51
80.22
79.90
79.58
79.24
78.94
78.72
78.51
78.27
78.07
77.83
77.62
77.36
77.17
76.99
76.76
76.54
76.35
76.16
75.92
75.71
75.42
75.14
74.81
74.33
73.93
73.52
73.32
73.08
72.86
72.56
72.23
71.92
71.71
71.51
71.31
71.10
70.90
70.71
70.50
70.28
70.09
69.90
69.69
69.49
69.27
69.07
68.86
68.64
68.45
68.25
68.06
67.84
67.63
67.43
67.24
67.03
66.83
66.59
66.40
66.18
66.00
65.79
65.57
65.37
65.15
64.94
64.72
64.53
64.34
64.06
63.77
63.56
63.34
63.12
62.94
62.75
62.53
62.34
62.12
62.12
62.02
61.91
61.81
61.70
61.57
61.39
61.30
61.20
61.07
60.98
60.89
60.77
60.66
60.55
60.43
60.31
60.18
60.08
59.96
59.82
59.72
59.60
59.46
59.30
59.20
59.11
58.98
58.87
