92.28
92.09
91.90
91.66
91.45
91.25
91.06
90.84
90.63
90.43
90.08
89.74
89.50
89.29
89.10
88.78
88.54
88.36
88.14
87.91
87.69
87.49
87.29
87.10
86.87
86.66
86.44
86.24
86.03
85.83
85.64
85.43
85.22
85.03
84.60
84.20
83.80
83.45
83.07
82.70
82.50
82.29
82.08
81.85
81.63
81.44
81.22
80.93
80.75
80.55
80.35
80.13
79.93
79.72
79.52
79.31
79.08
78.79
78.49
78.10
77.72
77.41
77.08
76.81
76.61
76.28
75.98
75.68
75.46
75.27
75.07
74.86
74.64
74.45
74.22
74.02
73.80
73.60
73.40
73.17
72.97
72.77
72.55
72.35
72.14
71.92
71.70
71.48
71.26
71.03
70.81
70.62
70.43
70.25
70.05
69.85
69.66
69.44
69.23
69.04
68.86
68.67
68.46
68.25
68.04
68.04
67.91
67.72
67.63
67.51
67.40
67.29
67.19
67.09
67.01
66.90
66.74
66.63
66.54
66.46
66.34
66.14
66.04
65.96
65.81
65.72
65.62
65.49
65.40
65.29
65.18
65.06
64.95
64.83
64.68
64.58
64.45
64.36
64.23
64.12
63.99
63.87
63.75
63.65
