91.83
91.61
91.41
91.17
90.94
90.74
90.52
90.32
90.12
89.91
89.58
89.26
89.03
88.83
88.62
88.31
88.03
87.83
87.63
87.43
87.19
86.98
86.76
86.54
86.35
86.16
85.98
85.79
85.59
85.38
85.15
84.95
84.75
84.56
84.25
83.90
83.55
83.22
82.90
82.59
82.29
82.11
81.91
81.69
81.48
81.28
81.05
80.81
80.61
80.42
80.19
79.96
79.77
79.56
79.34
79.14
78.95
78.65
78.35
77.96
77.48
77.28
76.79
76.60
76.26
75.91
75.52
75.32
75.12
74.91
74.72
74.51
74.30
74.08
73.85
73.66
73.48
73.30
73.09
72.88
72.67
72.45
72.21
72.00
71.79
71.56
71.35
71.16
70.94
70.74
70.56
70.32
70.13
69.92
69.71
69.51
69.28
69.04
68.82
68.61
68.39
68.17
67.98
67.76
67.55
67.55
67.47
67.27
67.17
67.07
66.98
66.89
66.79
66.69
66.61
66.50
66.30
66.18
66.07
65.97
65.87
65.69
65.58
65.49
65.39
65.27
65.18
65.07
64.93
64.81
64.69
64.60
64.47
64.38
64.30
64.19
64.10
63.98
63.88
63.76
63.63
63.51
63.39
63.29
