87.39
87.17
86.95
86.74
86.52
86.30
86.09
85.78
85.41
85.09
84.80
84.50
84.22
84.03
83.84
83.63
83.44
83.22
83.02
82.82
82.58
82.40
82.16
81.93
81.71
81.45
81.25
81.03
80.82
80.62
80.41
80.17
79.92
79.74
79.47
79.22
79.02
78.81
78.63
78.42
78.21
78.01
77.81
77.61
77.43
77.22
77.01
76.82
76.62
76.42
76.20
76.01
75.83
75.63
75.31
75.10
74.91
74.72
74.52
74.32
74.11
73.84
73.62
73.42
73.18
72.98
72.77
72.55
72.33
72.12
71.90
71.68
71.46
71.25
71.05
70.73
70.42
70.19
69.99
69.77
69.44
69.23
69.01
68.78
68.56
68.33
68.11
67.89
67.69
67.50
67.31
67.10
66.91
66.70
66.52
66.32
66.08
65.76
65.46
65.20
65.00
64.77
64.48
64.27
63.98
63.69
63.38
63.09
62.81
62.47
62.16
61.95
61.75
61.55
61.34
61.34
61.25
61.15
61.05
60.93
60.80
60.63
60.52
60.44
60.36
60.25
60.15
60.04
59.95
59.84
59.71
59.61
59.51
59.41
59.31
59.20
59.09
58.99
58.89
58.78
58.67
58.57
58.44
58.30
58.20
58.08
57.98
57.88
57.77
57.65
57.52
57.43
57.34
57.22
57.12
56.99
56.90
56.80
56.69
56.56
56.46
56.35
56.26
56.17
