87.34
87.14
86.92
86.71
86.51
86.29
85.99
85.67
85.37
85.08
84.72
84.50
84.23
84.02
83.82
83.61
83.41
83.20
83.01
82.81
82.61
82.40
82.18
81.95
81.76
81.46
81.26
81.06
80.81
80.61
80.40
80.16
79.87
79.69
79.41
79.16
78.94
78.73
78.51
78.26
78.06
77.87
77.67
77.46
77.23
77.02
76.80
76.61
76.42
76.21
76.01
75.79
75.56
75.35
75.11
74.89
74.69
74.48
74.30
74.09
73.88
73.63
73.42
73.19
72.97
72.78
72.60
72.40
72.18
71.98
71.80
71.61
71.38
71.18
70.76
70.40
70.18
69.96
69.76
69.39
69.19
68.97
68.77
68.54
68.33
68.10
67.90
67.69
67.49
67.30
67.09
66.87
66.67
66.48
66.26
66.05
65.68
65.34
64.99
64.80
64.62
64.44
64.44
64.34
64.01
63.72
63.34
63.00
62.63
62.28
61.96
61.86
61.76
61.65
61.54
61.41
61.22
61.14
61.03
60.91
60.79
60.60
60.48
60.39
60.28
60.17
60.06
59.95
59.85
59.76
59.66
59.54
59.45
59.37
59.28
59.16
59.09
58.99
58.90
58.79
58.68
58.58
58.48
58.36
58.25
58.11
58.01
57.92
57.77
57.67
57.57
57.46
57.37
57.29
57.20
57.09
57.00
56.90
56.79
56.67
56.58
56.46
56.37
56.25
