86.31
86.10
85.88
85.68
85.48
85.27
85.08
84.65
84.41
84.08
83.74
83.42
83.15
82.94
82.75
82.54
82.33
82.09
81.90
81.70
81.50
81.31
81.11
80.86
80.66
80.36
80.18
79.98
79.75
79.55
79.31
79.12
78.86
78.66
78.38
78.18
77.98
77.79
77.61
77.39
77.20
77.01
76.80
76.61
76.43
76.23
76.02
75.83
75.63
75.43
75.23
75.01
74.76
74.56
74.56
74.47
74.36
74.26
74.14
74.01
73.90
73.79
73.58
73.47
73.34
73.23
73.11
73.02
72.93
72.81
72.72
72.62
72.49
72.39
72.30
72.22
71.98
71.78
71.66
71.55
71.39
71.22
71.10
71.01
70.91
70.82
70.73
70.63
70.53
70.42
70.31
70.22
70.13
70.04
69.94
69.83
69.72
69.61
69.37
69.16
68.97
68.89
68.79
68.60
68.50
68.28
68.09
67.84
67.60
67.36
67.12
66.90
66.80
66.69
66.57
66.46
66.25
66.13
66.04
65.93
65.84
65.63
65.54
65.45
65.35
65.25
65.14
65.02
64.91
64.84
64.73
64.61
64.52
64.42
64.33
64.23
64.11
64.01
63.92
63.81
63.71
63.59
63.48
63.36
63.25
63.15
63.03
62.93
62.84
62.73
62.61
62.48
62.39
62.28
62.19
62.08
61.98
61.89
61.77
61.68
61.58
61.46
61.34
61.23
