82.40
82.17
81.92
81.70
81.52
81.31
80.97
80.58
80.19
79.79
79.40
79.22
78.95
78.76
78.56
78.34
78.13
77.91
77.72
77.51
77.30
77.09
76.86
76.62
76.41
76.11
75.92
75.69
75.46
75.25
75.02
74.79
74.47
74.27
74.00
73.77
73.58
73.38
73.18
72.97
72.78
72.58
72.37
72.17
71.95
71.73
71.51
71.31
71.10
70.90
70.70
70.49
70.30
70.11
69.86
69.65
69.44
69.24
69.03
68.83
68.61
68.61
68.54
68.45
68.35
68.23
68.15
68.04
67.92
67.81
67.72
67.62
67.48
67.34
67.23
67.13
66.84
66.63
66.55
66.45
66.35
66.15
66.04
65.96
65.84
65.73
65.61
65.48
65.37
65.26
65.15
65.03
64.93
64.80
64.68
64.57
64.47
64.36
64.13
63.94
63.76
63.65
63.57
63.41
63.32
63.09
62.90
62.66
62.46
62.22
61.97
61.71
61.59
61.50
61.39
61.28
61.13
61.02
60.93
60.82
60.68
60.51
60.40
60.30
60.19
60.10
59.99
59.89
59.79
59.71
59.61
59.50
59.39
59.28
59.19
59.08
58.97
58.86
58.72
58.60
58.51
58.37
58.27
58.13
58.03
57.94
57.82
57.70
57.60
57.49
57.37
57.27
57.15
57.03
56.91
56.80
56.70
56.61
56.49
56.36
56.24
56.13
56.01
55.93
