77.26
77.05
76.83
76.64
76.44
76.23
76.04
75.61
75.37
75.04
74.70
74.38
74.13
73.92
73.71
73.51
73.32
73.10
72.90
72.70
72.51
72.29
72.05
71.81
71.60
71.33
71.13
70.94
70.73
70.54
70.35
70.11
69.81
69.61
69.61
69.50
69.36
69.26
69.16
69.03
68.92
68.81
68.70
68.59
68.48
68.35
68.24
68.12
68.03
67.93
67.83
67.72
67.63
67.51
67.42
67.21
67.09
66.98
66.90
66.79
66.66
66.54
66.38
66.28
66.15
66.05
65.96
65.86
65.76
65.66
65.54
65.44
65.36
65.25
65.14
65.05
64.80
64.58
64.50
64.40
64.26
64.03
63.92
63.81
63.70
63.56
63.46
63.38
63.28
63.17
63.05
62.94
62.85
62.76
62.66
62.57
62.47
62.36
62.13
61.94
61.73
61.64
61.50
61.31
61.21
60.99
60.79
60.54
60.30
60.04
59.79
59.52
59.41
59.30
59.19
59.05
58.84
58.75
58.65
58.55
58.41
58.20
58.11
58.00
57.88
57.79
57.67
57.57
57.47
57.36
57.26
57.15
57.06
56.96
56.86
56.77
56.64
56.52
56.42
56.30
56.20
56.09
55.99
55.90
55.77
55.65
55.54
55.42
55.30
55.20
55.06
54.92
54.82
54.70
54.55
54.44
54.34
54.25
54.17
54.09
53.98
53.89
53.76
53.65
