62.40
62.18
61.94
61.74
61.55
61.34
61.13
60.81
60.48
60.16
59.87
59.57
59.32
59.11
58.90
58.67
58.45
58.20
57.97
57.77
57.54
57.34
57.12
56.91
56.70
56.38
56.18
55.99
55.77
55.57
55.34
55.14
55.14
55.05
54.96
54.76
54.63
54.54
54.45
54.35
54.23
54.13
54.01
53.90
53.81
53.73
53.62
53.52
53.43
53.35
53.23
53.12
52.97
52.87
52.76
52.54
52.44
52.35
52.22
52.12
52.02
51.93
51.75
51.61
51.52
51.39
51.29
51.21
51.11
50.99
50.88
50.79
50.68
50.57
50.47
50.37
50.16
49.89
49.79
49.71
49.62
49.41
49.30
49.20
49.11
49.02
48.89
48.76
48.63
48.54
48.45
48.35
48.24
48.16
48.04
47.94
47.86
47.72
47.49
47.31
47.13
47.02
46.94
46.71
46.62
46.37
46.21
46.00
45.78
45.60
45.33
45.11
45.01
44.90
44.77
44.63
44.47
44.37
44.28
44.17
44.02
43.85
43.73
43.64
43.53
43.45
43.35
43.25
43.16
43.05
42.94
42.82
42.72
42.62
42.53
42.42
42.35
42.22
42.10
41.98
41.88
41.73
41.63
41.47
41.37
41.27
41.16
41.07
40.95
40.85
40.75
40.61
40.51
40.39
40.27
40.16
40.04
39.94
39.85
39.74
39.63
39.52
39.44
39.33
