92.19
91.98
91.75
91.53
91.33
91.11
90.91
90.64
90.27
89.95
89.63
89.33
89.06
88.85
88.62
88.38
88.19
88.00
87.79
87.59
87.37
87.15
86.95
86.70
86.31
86.11
85.90
85.69
85.48
85.28
85.06
84.87
84.60
84.41
84.11
83.88
83.67
83.47
83.24
82.99
82.80
82.58
82.38
82.18
81.96
81.76
81.57
81.38
81.17
80.96
80.78
80.57
80.35
80.14
79.84
79.66
79.45
79.27
79.06
78.85
78.66
78.38
78.18
77.96
77.74
77.54
77.35
77.15
76.93
76.74
76.56
76.33
76.15
75.95
75.75
75.35
75.01
74.81
74.62
74.43
74.10
73.92
73.72
73.48
73.29
73.10
72.88
72.69
72.48
72.27
72.05
71.85
71.66
71.45
71.23
71.02
70.84
70.48
70.18
69.90
69.72
69.50
69.26
69.05
68.75
68.41
68.41
68.24
67.98
67.76
67.56
67.34
67.24
67.15
67.06
66.95
66.77
66.68
66.57
66.46
66.32
66.14
66.03
65.94
65.85
65.77
65.67
65.56
65.46
65.35
65.25
65.15
65.06
64.97
64.88
64.79
64.68
64.57
64.46
64.33
64.23
64.08
63.99
63.87
63.78
63.68
63.56
63.45
63.36
63.27
63.14
63.03
62.94
62.86
62.74
62.60
62.47
62.38
62.27
62.14
62.04
61.92
61.80
61.69
