87.25
87.03
86.83
86.62
86.40
86.08
85.79
85.41
85.08
84.77
84.42
84.13
83.85
83.56
83.26
82.95
82.66
82.36
82.04
81.72
81.44
81.25
80.98
80.67
80.37
80.06
79.74
79.42
79.24
78.83
78.49
78.22
78.02
77.62
77.40
77.04
76.83
76.59
76.37
76.04
75.80
75.58
75.36
75.14
74.94
74.59
74.24
73.89
73.52
73.21
72.87
72.57
72.26
72.04
71.82
71.59
71.39
71.20
70.99
70.76
70.52
70.33
70.02
69.68
69.34
69.03
68.74
68.43
68.16
67.85
67.57
67.36
67.12
66.84
66.63
66.40
66.17
65.91
65.57
65.27
65.05
64.84
64.64
64.44
64.23
64.02
63.80
63.59
63.39
63.19
62.98
62.76
62.50
62.31
62.00
61.65
61.37
61.03
60.82
60.59
60.40
60.19
59.98
59.78
59.58
59.38
59.19
59.00
58.71
58.52
58.32
58.12
57.88
57.68
57.48
57.28
57.03
56.81
56.53
56.32
56.12
55.91
55.53
55.19
55.19
54.86
54.52
54.17
53.81
53.51
53.20
52.85
52.72
52.61
52.48
52.38
52.25
52.09
52.01
51.86
51.72
51.58
51.48
51.34
51.22
51.11
50.99
50.88
50.76
50.66
50.55
50.43
50.31
50.22
50.10
49.99
49.92
