80.54
80.34
80.13
79.92
79.72
79.40
79.09
78.78
78.49
78.15
77.80
77.50
77.22
76.88
76.49
76.18
75.85
75.54
75.19
74.86
74.52
74.22
74.03
73.71
73.35
73.05
72.73
72.39
72.04
71.67
71.36
71.04
70.77
70.77
70.62
70.42
70.20
70.00
69.82
69.71
69.49
69.37
69.25
69.14
69.03
68.69
68.34
68.00
67.63
67.27
66.92
66.62
66.26
66.14
66.04
65.93
65.82
65.71
65.61
65.51
65.36
65.26
65.16
64.98
64.76
64.53
64.30
64.09
63.92
63.71
63.54
63.31
63.22
63.09
62.86
62.74
62.63
62.55
62.36
62.08
61.85
61.77
61.64
61.53
61.40
61.28
61.16
61.07
60.97
60.84
60.68
60.55
60.45
60.27
60.18
59.95
59.71
59.50
59.27
59.16
59.03
58.90
58.78
58.66
58.55
58.45
58.36
58.26
58.15
57.99
57.91
57.81
57.71
57.51
57.41
57.31
57.19
57.03
56.89
56.70
56.58
56.46
56.35
56.26
56.05
55.86
55.63
55.41
55.19
54.98
54.73
54.52
54.26
54.15
54.04
53.93
53.83
53.64
53.54
53.43
53.28
53.14
53.02
52.91
52.81
52.71
52.61
52.48
52.36
52.26
52.15
52.01
51.90
51.77
51.68
51.58
51.48
