96.39
96.17
95.96
95.75
95.55
95.21
94.90
94.56
94.27
93.92
93.64
93.32
93.02
92.70
92.35
92.04
91.77
91.45
91.16
90.84
90.54
90.22
90.00
89.71
89.41
89.14
88.80
88.47
88.16
87.84
87.54
87.23
86.93
86.65
86.34
86.02
85.67
85.35
85.11
84.80
84.60
84.40
84.17
83.95
83.76
83.42
83.11
82.77
82.50
82.18
81.89
81.58
81.25
81.04
80.85
80.62
80.44
80.25
80.05
79.85
79.63
79.43
79.13
78.84
78.49
78.21
77.85
77.58
77.29
76.94
76.63
76.43
76.05
75.83
75.61
75.38
75.02
74.65
74.28
74.05
73.85
73.61
73.40
73.18
72.98
72.74
72.54
72.35
72.15
71.94
71.71
71.48
71.48
71.39
71.06
70.70
70.40
70.10
69.97
69.85
69.74
69.60
69.48
69.38
69.26
69.16
69.05
68.94
68.84
68.67
68.58
68.47
68.35
68.19
68.09
67.98
67.89
67.74
67.63
67.46
67.35
67.24
67.12
67.02
66.84
66.62
66.41
66.20
65.99
65.78
65.59
65.36
65.12
65.03
64.88
64.76
64.66
64.52
64.41
64.23
64.06
63.95
63.85
63.76
63.66
63.56
63.43
63.31
63.21
63.09
62.97
62.86
62.74
62.63
62.52
62.42
62.32
