69.81
69.60
69.40
69.20
69.00
68.72
68.41
68.07
67.73
67.41
67.08
66.77
66.43
66.13
65.82
65.51
65.20
64.95
64.95
64.85
64.66
64.43
64.25
64.12
63.90
63.67
63.48
63.25
63.02
62.79
62.58
62.36
62.15
61.91
61.69
61.48
61.26
61.05
60.86
60.76
60.54
60.39
60.27
60.17
60.08
59.98
59.77
59.52
59.30
59.11
58.90
58.68
58.47
58.23
58.13
58.03
57.90
57.79
57.68
57.56
57.43
57.31
57.19
57.00
56.75
56.47
56.26
56.03
55.85
55.65
55.42
55.20
55.09
54.94
54.71
54.61
54.49
54.37
54.19
53.93
53.72
53.62
53.49
53.38
53.24
53.13
53.01
52.90
52.81
52.68
52.57
52.46
52.34
52.18
52.11
51.88
51.65
51.49
51.28
51.17
51.08
50.95
50.83
50.73
50.63
50.53
50.43
50.28
50.17
50.01
49.92
49.82
49.72
49.57
49.48
49.38
49.28
49.12
49.01
48.80
48.67
48.54
48.44
48.31
48.09
47.87
47.68
47.45
47.19
46.95
46.74
46.53
46.25
46.14
46.04
45.92
45.79
45.63
45.53
45.39
45.26
45.14
45.06
44.93
44.80
44.69
44.57
44.47
44.37
44.25
44.10
43.98
43.87
43.74
43.65
43.55
43.45
