98.00
97.78
97.59
97.35
97.14
96.82
96.51
96.16
95.83
95.53
95.18
94.89
94.57
94.28
93.99
93.70
93.42
93.10
92.76
92.44
92.10
91.79
91.60
91.30
90.97
90.65
90.33
90.01
89.70
89.36
89.03
88.69
88.36
88.06
87.77
87.47
87.11
86.81
86.59
86.29
86.04
85.82
85.62
85.41
85.19
84.84
84.51
84.16
83.85
83.53
83.21
82.92
82.61
82.38
82.15
81.92
81.72
81.52
81.30
81.11
80.87
80.65
80.35
80.01
79.66
79.34
79.01
78.72
78.39
78.09
77.81
77.62
77.30
77.08
76.87
76.65
76.34
75.99
75.66
75.45
75.25
75.03
74.84
74.62
74.41
74.20
73.99
73.76
73.57
73.36
73.16
72.98
72.72
72.32
71.91
71.53
71.14
70.95
70.74
70.55
70.36
70.16
69.96
69.77
69.56
69.35
69.13
68.90
68.63
68.40
68.21
68.02
68.02
67.92
67.83
67.74
67.64
67.48
67.39
67.21
67.10
66.99
66.90
66.78
66.61
66.39
66.15
65.90
65.70
65.48
65.25
65.03
64.80
64.70
64.57
64.44
64.31
64.14
64.02
63.88
63.72
63.60
63.49
63.35
63.22
63.12
63.01
62.91
62.82
62.69
62.59
62.48
62.36
62.26
62.14
62.06
61.95
