97.84
97.61
97.39
97.16
96.95
96.62
96.32
95.95
95.61
95.30
94.95
94.62
94.28
93.98
93.65
93.34
93.03
92.71
92.40
92.08
91.80
91.47
91.24
90.94
90.60
90.29
90.00
89.67
89.25
88.98
88.69
88.39
88.17
87.80
87.48
87.19
86.85
86.64
86.39
86.07
85.82
85.65
85.43
85.22
84.82
84.43
84.06
83.69
83.28
82.90
82.53
82.16
81.93
81.73
81.51
81.31
81.10
80.92
80.70
80.47
80.26
80.05
79.75
79.45
79.10
78.79
78.47
78.20
77.88
77.56
77.25
77.05
76.81
76.48
76.28
76.08
75.84
75.55
75.19
74.84
74.63
74.43
74.22
73.98
73.77
73.56
73.35
73.15
72.96
72.76
72.56
72.34
72.08
71.89
71.57
71.22
70.92
70.59
70.39
70.14
69.93
69.74
69.53
69.33
69.13
68.94
68.70
68.48
68.20
67.97
67.77
67.58
67.30
67.10
66.90
66.71
66.46
66.25
66.25
66.15
66.07
65.95
65.84
65.73
65.50
65.28
65.06
64.88
64.61
64.40
64.15
63.92
63.65
63.54
63.42
63.28
63.19
63.02
62.92
62.78
62.60
62.46
62.34
62.20
62.10
61.99
61.90
61.80
61.69
61.59
61.47
61.33
61.22
61.12
61.00
60.89
60.77
