68.39
68.16
67.94
67.74
67.35
67.00
66.58
66.20
65.83
65.51
65.13
64.78
64.41
64.08
64.08
63.75
63.46
63.36
63.13
62.93
62.69
62.48
62.28
62.16
61.98
61.76
61.55
61.37
61.14
60.91
60.68
60.44
60.25
60.03
59.80
59.58
59.37
59.14
59.01
58.89
58.67
58.54
58.39
58.28
58.17
58.07
57.83
57.60
57.36
57.16
56.91
56.70
56.51
56.29
56.19
56.07
55.93
55.83
55.72
55.61
55.48
55.39
55.28
55.06
54.84
54.60
54.38
54.22
54.03
53.84
53.66
53.46
53.33
53.21
52.99
52.90
52.77
52.69
52.50
52.30
52.10
51.99
51.86
51.74
51.61
51.52
51.41
51.29
51.19
51.09
51.00
50.91
50.77
50.61
50.51
50.30
50.03
49.82
49.62
49.50
49.40
49.28
49.16
49.06
48.96
48.86
48.75
48.61
48.50
48.31
48.19
48.09
47.97
47.82
47.72
47.62
47.51
47.32
47.22
47.05
46.93
46.80
46.69
46.58
46.37
46.16
45.95
45.72
45.49
45.26
45.05
44.86
44.65
44.56
44.44
44.34
44.23
44.05
43.96
43.84
43.70
43.54
43.42
43.29
43.16
43.07
42.95
42.85
42.74
42.61
42.51
42.37
42.28
42.16
42.05
41.95
41.83
