83.58
83.38
83.18
82.94
82.75
82.46
82.05
81.71
81.40
81.10
80.81
80.51
80.20
79.89
79.49
79.12
78.76
78.42
78.20
77.85
77.53
77.25
77.06
76.77
76.48
76.16
75.85
75.54
75.07
74.69
74.33
73.98
73.60
73.27
72.90
72.71
72.41
72.13
71.91
71.58
71.35
71.09
70.86
70.68
70.46
70.15
69.80
69.47
69.47
69.33
69.10
68.85
68.66
68.42
68.32
68.19
68.06
67.96
67.86
67.74
67.62
67.50
67.37
67.19
66.99
66.73
66.52
66.27
66.09
65.86
65.69
65.47
65.36
65.25
65.02
64.92
64.78
64.65
64.44
64.23
64.05
63.93
63.84
63.74
63.62
63.52
63.42
63.32
63.21
63.08
62.97
62.88
62.79
62.65
62.56
62.33
62.07
61.86
61.64
61.53
61.40
61.32
61.20
61.09
61.00
60.88
60.79
60.68
60.55
60.38
60.25
60.16
60.07
59.93
59.83
59.73
59.62
59.43
59.30
59.12
58.98
58.85
58.75
58.65
58.46
58.24
58.01
57.78
57.57
57.36
57.11
56.91
56.62
56.51
56.38
56.27
56.15
56.01
55.87
55.74
55.55
55.38
55.25
55.14
55.02
54.92
54.80
54.69
54.58
54.46
54.36
54.24
54.11
54.00
53.88
53.78
53.68
