1	120.68	120.83	121.10	121.12	121.35	121.42	121.53	121.59	121.64	121.85	119.24	121.94	119.39	119.48	119.89	120.07	120.02	120.10	120.44	120.53
2	120.43	120.60	120.85	120.87	121.09	121.19	121.29	121.34	121.40	121.60	118.96	121.67	119.15	119.22	119.68	119.81	119.73	119.87	120.19	120.25
3	120.18	120.36	120.57	120.62	120.85	120.95	121.01	121.14	121.22	121.36	118.70	121.43	118.95	119.00	119.42	119.57	119.51	119.60	119.93	119.98
4	119.86	120.06	120.30	120.27	120.55	120.62	120.71	120.80	120.91	121.08	118.42	121.13	118.68	118.73	119.10	119.24	119.19	119.31	119.63	119.71
5	119.65	119.66	120.01	119.99	120.31	120.37	120.45	120.52	120.67	120.83	118.11	120.91	118.45	118.46	118.77	118.93	118.91	119.06	119.40	119.47
6	119.30	119.29	119.70	119.74	120.06	120.06	120.21	120.21	120.36	120.53	117.83	120.49	118.07	118.17	118.51	118.67	118.44	118.79	119.15	119.19
7	118.84	119.08	119.40	119.46	119.77	119.78	119.88	119.94	120.06	120.25	117.62	120.17	117.60	117.86	118.25	118.28	118.12	118.49	118.86	118.79
8	118.50	118.60	119.07	119.06	119.46	119.45	119.58	119.57	119.73	119.91	117.19	119.93	117.25	117.53	117.93	117.97	117.87	118.17	118.55	118.44
9	118.28	118.38	118.74	118.73	119.15	119.11	119.25	119.25	119.24	119.61	116.96	119.51	116.94	117.21	117.63	117.74	117.45	117.84	118.21	118.15
10	117.92	118.00	118.39	118.35	118.81	118.77	118.88	118.89	118.85	119.23	116.63	119.12	116.58	116.87	117.27	117.40	117.10	117.50	117.87	117.84
11	117.57	117.68	118.07	118.03	118.43	118.46	118.51	118.58	118.49	118.93	116.31	118.66	116.26	116.53	116.92	117.09	116.82	117.22	117.55	117.46
12	117.25	117.31	117.71	117.66	118.07	118.10	118.11	118.17	118.23	118.55	115.97	118.37	115.89	116.19	116.59	116.78	116.61	116.86	117.16	117.00
13	116.87	116.99	117.37	117.31	117.72	117.73	117.78	117.84	117.69	118.18	115.54	117.83	115.57	115.76	116.17	116.42	116.16	116.53	116.80	116.57
14	116.51	116.63	117.01	116.92	117.34	117.39	117.40	117.53	117.28	117.86	115.54	117.56	115.28	115.43	115.79	116.04	115.88	116.23	116.49	116.15
15	116.21	116.32	116.74	116.60	117.05	117.09	117.10	117.20	117.05	117.55	115.34	117.23	114.97	115.18	115.45	115.72	115.57	115.91	116.20	115.76
16	115.92	115.97	116.36	116.28	116.71	116.76	116.77	116.85	116.57	117.14	115.12	116.89	114.67	114.72	115.16	115.32	115.19	115.52	115.83	115.52
17	115.56	115.46	116.01	115.95	116.39	116.44	116.41	116.48	116.33	116.81	114.78	116.61	114.32	114.38	114.81	114.93	114.83	115.17	115.49	115.09
18	115.19	115.24	115.67	115.59	116.04	116.12	116.08	116.19	116.03	116.50	114.52	116.29	113.94	114.06	114.43	114.69	114.49	114.81	115.14	114.66
19	114.88	114.76	115.36	115.28	115.71	115.78	115.76	115.89	115.73	116.21	114.30	116.00	113.94	113.69	114.09	114.26	114.17	114.48	114.81	114.28
20	114.54	114.41	115.03	114.87	115.37	115.40	115.41	115.49	115.40	115.91	114.10	115.61	113.74	113.39	113.78	113.98	113.83	114.06	114.42	113.86
21	114.20	114.06	114.75	114.59	115.07	115.12	115.14	115.12	115.08	115.56	113.80	115.29	113.56	113.05	113.47	113.71	113.50	113.73	114.07	113.53
22	113.94	113.70	114.49	114.25	114.72	114.80	114.81	114.81	114.72	115.23	113.61	115.01	113.38	112.72	113.15	113.43	113.19	113.41	113.77	113.16
23	113.55	113.47	114.21	113.97	114.40	114.48	114.53	114.36	114.44	114.92	113.39	114.70	113.10	112.51	112.87	113.21	112.90	113.08	113.48	112.93
24	113.31	113.02	113.88	113.62	114.16	114.20	114.19	114.15	114.14	114.62	113.18	114.43	112.93	112.19	112.54	112.91	112.59	112.68	113.20	112.64
25	112.86	112.82	113.56	113.28	113.89	113.88	113.87	113.69	113.84	114.33	113.00	114.14	112.75	111.92	112.24	112.58	112.28	112.48	112.90	112.30
26	112.68	112.30	113.23	112.93	113.59	113.53	113.52	113.44	113.53	114.01	112.81	113.78	112.56	111.60	111.91	112.19	111.91	112.13	112.58	111.96
27	112.25	112.10	112.92	112.63	113.29	113.21	113.21	112.98	113.23	113.71	112.58	113.44	112.34	111.29	111.58	111.93	111.55	111.82	112.24	111.65
28	111.89	111.74	112.62	112.27	112.99	112.88	112.85	112.59	112.83	113.38	112.35	113.12	112.13	110.99	111.21	111.56	111.21	111.49	111.91	111.32
29	111.55	111.39	112.29	111.97	112.65	112.63	112.56	112.21	112.41	113.07	112.16	112.85	111.89	110.68	110.87	111.27	110.89	111.14	111.67	111.07
30	111.23	111.10	112.01	111.65	112.34	112.32	112.21	111.82	112.05	112.72	112.01	112.55	111.71	110.32	110.55	110.89	110.54	110.84	111.35	110.75
31	110.85	110.71	111.69	111.32	111.96	112.01	111.85	111.63	111.81	112.39	111.79	112.23	111.46	109.99	110.19	110.60	110.23	110.54	111.03	110.44
32	110.64	110.46	111.33	110.99	111.61	111.67	111.55	111.26	111.42	112.02	111.57	111.90	111.27	109.63	109.87	110.30	109.89	110.11	110.71	110.09
33	110.33	110.15	111.03	110.69	111.34	111.39	111.23	111.01	111.11	111.73	111.28	111.64	110.96	109.32	109.63	110.03	109.56	109.87	110.41	109.80
34	110.11	109.91	110.77	110.44	111.13	111.18	110.98	110.81	110.91	111.52	111.10	111.44	110.73	109.13	109.29	109.77	109.35	109.53	110.20	109.58
35	109.78	109.62	110.45	110.08	110.81	110.86	110.62	110.49	110.57	111.18	110.99	111.10	110.61	108.78	109.09	109.47	108.98	109.31	109.87	109.26
36	109.50	109.41	110.22	109.76	110.58	110.59	110.37	110.12	110.36	110.99	110.74	110.88	110.35	108.51	108.76	109.17	108.72	108.94	109.62	109.05
37	109.17	109.07	109.79	109.37	110.21	110.29	109.97	109.76	110.00	110.64	110.59	110.56	110.21	108.20	108.42	108.82	108.37	108.58	109.23	108.67
38	108.86	108.80	109.50	109.17	109.94	110.01	109.69	109.57	109.69	110.34	110.31	110.27	110.00	107.90	108.01	108.52	108.11	108.20	108.98	108.41
39	108.50	108.50	109.21	108.82	109.59	109.73	109.40	109.05	109.34	110.04	110.17	109.91	109.80	107.43	107.76	108.23	107.69	107.99	108.73	108.10
40	108.16	108.13	108.86	108.55	109.21	109.41	109.02	108.79	109.00	109.68	109.91	109.57	109.55	107.17	107.40	107.98	107.42	107.68	108.35	107.76
41	107.86	107.88	108.66	108.21	108.94	109.20	108.78	108.46	108.65	109.46	109.62	109.35	109.31	106.93	107.17	107.74	107.18	107.47	108.09	107.51
42	107.66	107.55	108.40	107.89	108.67	108.75	108.45	108.07	108.42	109.11	109.48	108.98	109.21	106.55	106.81	107.44	106.79	107.14	107.76	107.22
43	107.32	107.27	108.05	107.60	108.22	108.43	108.14	107.75	108.00	108.80	109.34	108.65	108.99	106.22	106.46	107.14	106.49	106.84	107.43	106.92
44	107.11	106.98	107.73	107.27	107.84	108.14	107.84	107.39	107.77	108.48	109.18	108.35	108.69	105.90	106.15	106.83	106.18	106.54	107.11	106.64
45	106.77	106.64	107.43	106.99	107.48	107.83	107.53	106.99	107.47	108.17	108.98	108.02	108.44	105.57	105.84	106.48	105.88	106.23	106.80	106.29
46	106.37	106.30	107.12	106.56	107.03	107.50	107.20	106.71	106.97	107.81	108.79	107.69	108.19	105.17	105.53	106.14	105.54	105.84	106.50	105.92
47	106.11	105.91	106.79	106.16	106.74	107.09	106.86	106.32	106.70	107.39	108.54	107.30	108.00	104.78	105.15	105.75	105.19	105.49	106.17	105.60
48	105.67	105.57	106.50	105.95	106.41	106.80	106.58	106.09	106.27	107.09	108.31	106.98	107.69	104.52	104.85	105.48	104.89	105.23	105.86	105.26
49	105.47	105.25	106.18	105.69	106.10	106.49	106.18	105.78	106.05	106.79	108.10	106.52	107.51	104.25	104.45	105.19	104.57	105.23	105.59	104.98
50	105.14	104.88	105.80	105.28	105.64	106.12	105.91	105.47	105.64	106.41	107.87	106.30	107.28	103.87	104.15	104.88	104.27	105.09	105.31	104.64
51	104.91	104.60	105.47	104.99	105.19	105.85	105.62	105.13	105.42	106.14	107.63	106.01	107.08	103.62	103.76	104.55	103.96	104.91	105.04	104.31
52	104.49	104.22	105.11	104.64	104.78	105.46	105.29	104.78	104.93	105.78	107.41	105.70	106.89	103.23	103.40	104.19	103.62	104.64	104.72	103.97
53	104.10	103.91	104.77	104.28	104.36	105.15	104.96	104.49	104.50	105.47	107.13	105.36	106.64	102.93	103.12	103.80	103.25	104.38	104.35	103.66
54	103.77	103.57	104.43	103.93	104.04	104.83	104.65	104.19	104.10	105.14	106.89	105.06	106.36	102.61	102.78	103.45	102.94	104.17	104.02	103.32
55	103.40	103.21	104.09	103.60	103.63	104.48	104.17	103.83	103.87	104.78	106.65	104.59	106.17	102.23	102.45	103.45	102.60	103.94	103.70	102.97
57	103.06	102.87	103.74	103.24	103.16	104.11	103.90	103.44	103.55	104.45	106.41	104.32	105.89	102.23	102.10	103.30	102.27	103.69	103.32	102.62
58	102.82	102.57	103.43	102.98	102.80	103.80	103.61	103.09	103.13	103.99	106.16	103.98	105.70	101.99	101.78	103.03	101.92	103.39	103.04	102.30
59	102.56	102.30	103.20	102.71	102.57	103.47	103.23	102.77	102.92	103.79	105.95	103.69	105.48	101.74	101.56	102.83	101.53	103.18	102.78	102.03
60	102.34	102.02	102.97	102.37	102.38	103.28	103.01	102.53	102.53	103.58	105.72	103.47	105.32	101.56	101.34	102.58	101.35	103.02	102.56	101.80
61	102.02	101.71	102.65	102.08	102.06	102.99	102.71	102.20	102.11	103.27	105.61	103.18	105.20	101.43	101.06	102.46	101.05	102.88	102.22	101.53
62	101.71	101.39	102.30	101.85	101.69	102.69	102.32	101.84	101.89	102.95	105.45	102.75	105.01	101.27	100.76	102.27	100.75	102.65	101.86	101.21
63	101.45	101.05	101.97	101.47	101.39	102.40	102.10	101.54	101.45	102.62	105.22	102.52	104.74	101.13	100.45	102.05	100.44	102.41	101.55	100.88
64	101.13	100.74	101.63	101.23	101.06	102.04	101.70	101.22	101.24	102.34	105.04	102.15	104.58	100.92	100.17	101.85	100.05	102.19	101.24	100.51
65	100.82	100.50	101.44	100.81	100.82	101.77	101.47	100.99	100.98	102.12	104.85	101.91	104.31	100.63	99.95	101.63	99.81	101.98	100.97	100.30
66	100.45	100.22	100.92	100.45	100.42	101.46	101.10	100.66	100.70	101.82	104.73	101.51	104.18	100.51	99.95	101.45	99.52	101.87	100.62	99.96
67	100.13	99.87	100.67	100.08	100.20	101.09	100.81	100.38	100.36	101.53	104.53	101.14	103.97	100.29	99.78	101.25	99.52	101.67	100.38	99.65
68	99.80	99.57	100.35	99.80	99.75	100.78	100.53	100.13	100.03	101.25	104.33	100.76	103.75	100.03	99.54	101.03	99.29	101.41	100.09	99.37
69	99.33	99.21	99.99	99.36	99.42	100.40	100.27	99.83	99.62	100.86	104.11	100.48	103.52	99.81	99.35	100.90	99.03	101.20	99.73	99.00
70	99.02	98.91	99.68	99.01	99.06	100.11	99.92	99.55	99.33	100.56	103.87	100.20	103.24	99.54	99.11	100.67	98.81	100.91	99.42	98.69
71	98.67	98.58	99.40	98.69	98.75	99.79	99.64	99.21	99.07	100.25	103.70	99.87	103.02	99.32	98.90	100.46	98.59	100.67	99.08	98.38
72	98.36	98.29	99.07	98.40	98.38	99.45	99.32	98.89	98.76	99.92	103.43	99.54	102.83	99.13	98.64	100.26	98.34	100.51	98.75	98.06
73	98.05	97.94	98.70	98.06	97.98	99.18	99.01	98.60	98.45	99.62	103.22	99.24	102.62	98.91	98.45	100.04	98.11	100.26	98.42	97.72
74	97.68	97.61	98.37	97.65	97.67	98.89	98.73	98.28	98.14	99.29	103.02	98.95	102.40	98.75	98.23	99.84	97.90	100.03	98.07	97.41
75	97.30	97.34	97.93	97.32	97.34	98.59	98.39	97.99	97.86	98.99	102.80	98.64	102.16	98.55	98.01	99.63	97.68	99.84	97.72	97.11
76	97.00	96.99	97.54	96.97	97.01	98.31	98.07	97.60	97.54	98.69	102.62	98.28	101.92	98.36	97.79	99.46	97.47	99.63	97.41	96.76
77	96.62	96.69	97.18	96.64	96.62	98.02	97.78	97.23	97.23	98.38	102.42	98.00	101.70	98.18	97.60	99.25	97.21	99.41	97.08	96.46
78	96.30	96.39	96.94	96.20	96.35	97.71	97.41	96.88	96.86	98.03	102.17	97.63	101.47	97.92	97.36	99.05	97.00	99.15	96.82	96.09
79	95.91	96.02	96.52	95.92	95.94	97.32	97.13	96.58	96.47	97.76	101.92	97.32	101.25	97.73	97.06	98.81	96.74	98.88	96.52	95.71
80	95.60	95.76	96.18	95.58	95.66	96.99	96.79	96.18	96.19	97.50	101.60	97.06	101.04	97.54	96.84	98.61	96.55	98.59	96.19	95.37
81	95.27	95.43	95.83	95.23	95.36	96.69	96.47	95.89	95.88	97.16	101.32	96.74	100.86	97.33	96.67	98.44	96.37	98.40	95.86	95.06
82	94.87	95.07	95.55	94.89	95.00	96.39	96.12	95.56	95.56	96.79	101.08	96.42	100.67	97.09	96.50	98.23	96.14	98.17	95.52	94.70
83	94.55	94.81	95.28	94.53	94.69	96.08	95.85	95.23	95.27	96.48	100.85	96.15	100.40	96.81	96.24	98.00	95.88	97.98	95.15	94.40
84	94.23	94.54	95.01	94.16	94.41	95.81	95.56	94.97	94.98	96.22	100.65	95.86	100.13	96.61	96.04	97.80	95.71	97.80	94.86	94.11
85	93.98	94.20	94.66	93.94	94.06	95.45	95.23	94.65	94.65	95.87	100.47	95.53	99.93	96.43	95.89	97.61	95.54	97.65	94.56	93.74
86	93.71	93.81	94.45	93.71	93.80	95.19	94.89	94.25	94.38	95.65	100.23	95.29	99.66	96.22	95.68	97.39	95.32	97.40	94.31	93.41
87	93.35	93.45	94.11	93.38	93.46	94.84	94.53	93.95	94.03	95.31	100.11	94.94	99.54	96.06	95.54	97.23	95.16	97.25	93.95	93.03
88	93.08	93.07	93.69	93.04	93.16	94.47	94.25	93.72	93.72	94.98	99.84	94.64	99.29	95.85	95.31	96.97	94.92	96.98	93.53	92.74
89	92.73	92.72	93.44	92.71	92.86	94.09	93.77	93.27	93.40	94.67	99.59	94.34	99.09	95.68	95.10	96.77	94.74	96.82	93.32	92.40
90	92.43	92.31	93.15	92.39	92.58	94.09	93.56	93.06	93.12	94.38	99.37	94.07	98.84	95.44	94.80	96.54	94.50	96.56	93.03	92.08
91	92.13	91.88	92.87	92.11	92.29	93.95	93.24	92.72	92.82	94.07	99.17	93.81	98.65	95.23	94.61	96.37	94.30	96.35	92.72	91.74
92	91.83	91.67	92.60	91.82	91.99	93.73	92.94	92.44	92.50	93.76	98.85	93.52	98.45	95.01	94.36	96.17	94.12	96.08	92.39	91.49
93	91.57	91.38	92.31	91.52	91.73	93.52	92.67	92.17	92.23	93.52	98.63	93.25	98.25	94.81	94.14	95.97	93.94	95.88	92.11	91.22
94	91.30	91.11	92.02	91.24	91.45	93.34	92.39	91.93	91.95	93.26	98.46	92.91	98.10	94.65	93.95	95.81	93.80	95.67	91.82	90.95
95	91.08	90.88	91.81	91.03	91.26	93.12	92.18	91.73	91.72	93.04	98.27	92.68	97.94	94.51	93.77	95.69	93.60	95.53	91.57	90.70
96	90.85	90.63	91.58	90.77	91.04	92.99	91.94	91.49	91.50	92.81	98.13	92.45	97.81	94.37	93.65	95.60	93.46	95.41	91.36	90.45
97	90.65	90.38	91.34	90.51	90.78	92.85	91.68	91.27	91.32	92.59	97.96	92.03	97.67	94.23	93.50	95.46	93.32	95.25	91.09	90.19
98	90.39	90.12	91.00	90.17	90.47	92.52	91.42	90.97	90.95	92.24	97.81	91.55	97.57	94.11	93.34	95.36	93.20	95.13	90.77	89.90
99	90.07	89.86	90.70	89.82	90.17	92.17	90.98	90.66	90.61	91.75	97.65	91.22	97.30	93.90	93.09	95.16	93.01	94.90	90.47	89.57
100	89.73	89.53	90.36	89.48	89.88	92.05	90.68	90.30	90.35	91.31	97.46	90.87	97.03	93.65	92.90	94.97	92.81	94.71	90.18	89.24
101	89.35	89.19	90.05	89.12	89.56	91.84	90.39	89.98	90.02	91.09	97.21	90.52	96.83	93.45	92.66	94.71	92.59	94.55	89.83	88.88
102	89.04	88.87	89.74	88.84	89.28	91.63	90.08	89.65	89.71	90.63	96.90	90.34	96.57	93.24	92.41	94.47	92.34	94.27	89.54	88.56
103	88.70	88.56	89.44	88.52	88.94	91.42	89.88	89.33	89.40	90.42	96.68	90.02	96.39	93.02	92.19	94.24	92.12	94.08	89.23	88.26
104	88.47	88.33	89.21	88.30	88.69	91.20	89.53	89.10	89.17	89.97	96.46	89.77	96.16	92.81	91.97	93.98	91.89	93.96	88.98	88.04
105	88.17	88.01	88.90	87.95	88.33	91.07	89.34	88.78	88.85	89.74	96.30	89.44	95.98	92.66	91.85	93.86	91.73	93.82	88.64	87.71
106	87.91	87.73	88.66	87.70	88.07	90.81	89.02	88.55	88.58	89.31	96.07	89.19	95.73	92.42	91.66	93.63	91.52	93.60	88.38	87.43
107	87.63	87.42	88.30	87.45	87.78	90.65	88.83	88.21	88.28	89.09	95.90	88.90	95.58	92.25	91.51	93.50	91.41	93.42	88.03	87.15
108	87.43	87.20	88.13	87.21	87.56	90.48	88.54	87.98	88.07	88.72	95.69	88.68	95.38	92.07	91.28	93.27	91.19	93.24	87.80	86.91
109	87.04	86.90	87.78	86.88	87.21	90.37	88.28	87.68	87.76	88.51	95.60	88.29	95.25	91.96	91.17	93.16	91.05	93.11	87.50	86.62
110	86.70	86.63	87.49	86.60	86.87	90.09	87.92	87.34	87.53	88.04	95.39	87.98	95.05	91.72	90.93	92.96	90.83	92.82	87.19	86.33
111	86.36	86.27	87.17	86.29	86.53	89.91	87.59	87.02	87.21	87.63	95.11	87.69	94.86	91.54	90.78	92.76	90.59	92.54	86.89	86.02
112	86.04	85.92	86.90	85.97	86.20	89.67	87.37	86.71	86.91	87.45	94.90	87.40	94.66	91.29	90.54	92.56	90.37	92.33	86.89	85.71
113	85.79	85.71	86.64	85.69	85.95	89.44	87.03	86.71	86.64	87.06	94.74	87.15	94.43	91.08	90.36	92.32	90.16	92.08	86.72	85.48
114	85.48	85.44	86.34	85.34	85.61	89.30	86.67	86.60	86.32	86.69	94.55	86.86	94.29	90.94	90.18	92.15	90.00	91.91	86.56	85.13
115	85.12	85.15	86.07	84.98	85.32	89.08	86.34	86.43	85.95	86.32	94.37	86.54	94.10	90.78	89.97	91.97	89.79	91.66	86.38	84.82
116	84.79	84.84	85.73	84.62	85.00	88.88	86.14	86.25	85.63	86.10	94.20	86.22	93.91	90.64	89.76	91.73	89.56	91.46	86.22	84.50
117	84.55	84.58	85.46	84.37	84.74	88.66	86.14	86.05	85.39	85.64	93.98	86.22	93.66	90.44	89.55	91.51	89.31	91.25	86.01	84.25
118	84.24	84.28	85.06	84.07	84.33	88.49	85.84	85.87	85.39	85.20	93.86	86.08	93.47	90.29	89.36	91.34	89.15	91.11	85.83	83.88
119	83.95	83.95	84.72	83.69	84.01	88.28	85.52	85.63	85.19	84.85	93.59	85.78	93.23	90.04	89.14	91.12	88.97	90.90	85.57	83.56
120	83.64	83.62	84.36	83.36	83.68	88.10	85.21	85.39	85.02	84.50	93.37	85.52	93.05	89.87	88.93	90.86	88.75	90.64	85.33	83.26
121	83.34	83.33	84.02	83.00	83.29	87.82	84.87	85.15	84.78	84.08	93.15	85.29	92.78	89.63	88.73	90.64	88.52	90.47	85.09	83.26
122	82.95	82.98	83.66	82.68	82.93	87.63	84.59	84.90	84.58	83.71	92.94	85.03	92.57	89.37	88.53	90.45	88.33	90.27	84.86	83.09
123	82.67	82.66	83.66	82.30	82.57	87.30	84.19	84.66	84.33	83.49	92.64	84.79	92.36	89.13	88.25	90.17	88.07	90.06	84.60	82.77
124	82.44	82.42	83.50	82.04	82.30	87.11	84.06	84.45	84.13	83.22	92.39	84.53	92.15	88.91	88.04	89.97	87.87	89.84	84.35	82.52
125	82.15	82.42	83.38	81.76	81.78	86.98	83.94	84.29	83.94	82.94	92.30	84.38	92.00	88.78	87.88	89.84	87.75	89.68	84.22	82.36
126	81.84	82.28	83.17	81.48	81.38	86.82	83.80	84.12	83.75	82.66	92.11	84.18	91.83	88.59	87.73	89.67	87.57	89.45	83.77	82.18
127	81.48	82.09	82.98	81.12	80.90	86.65	83.62	83.94	83.53	82.35	91.87	83.99	91.66	88.38	87.53	89.47	87.34	89.18	83.42	81.99
128	81.10	81.83	82.74	80.75	80.70	86.38	83.41	83.74	83.28	82.00	91.69	83.76	91.47	88.11	87.24	89.27	87.03	88.92	83.11	81.73
129	80.87	81.56	82.43	80.51	80.26	86.12	83.17	83.44	82.96	81.77	91.39	83.51	91.18	87.82	86.90	89.02	86.76	88.66	82.92	81.45
130	80.52	81.40	82.31	80.12	80.04	85.98	83.00	83.34	82.82	81.41	91.25	83.38	91.07	87.69	86.73	88.88	86.64	88.51	82.53	81.30
131	80.23	81.14	82.07	79.89	79.81	85.73	82.74	83.07	82.55	81.18	90.99	83.12	90.83	87.38	86.46	88.61	86.40	88.29	82.44	81.04
132	79.96	80.99	81.95	79.59	79.57	85.60	82.61	82.93	82.37	80.89	90.83	82.96	90.70	87.23	86.34	88.49	86.27	88.13	82.33	80.93
133	79.75	80.82	81.77	79.36	79.34	85.44	82.43	82.78	82.23	80.65	90.63	82.77	90.50	87.12	86.19	88.29	86.09	87.96	82.17	80.72
134	79.50	80.71	81.60	79.11	79.07	85.33	82.28	82.67	82.10	80.34	90.50	82.64	90.39	86.97	86.07	88.21	85.97	87.83	82.00	80.56
135	79.23	80.56	81.44	78.81	78.81	85.14	82.18	82.53	81.93	80.34	90.34	82.47	90.21	86.80	85.93	88.04	85.77	87.68	81.84	80.42
136	79.02	80.42	81.25	78.60	78.58	84.97	82.04	82.38	81.74	80.23	90.15	82.29	90.06	86.61	85.76	87.90	85.63	87.52	81.65	80.20
137	78.73	80.29	81.14	78.22	78.36	84.83	81.90	82.22	81.58	80.14	90.00	82.17	89.89	86.49	85.64	87.79	85.47	87.41	81.51	80.05
138	78.46	80.09	80.91	78.01	78.10	84.60	81.77	82.00	81.43	79.99	89.78	82.04	89.76	86.35	85.51	87.65	85.31	87.23	81.37	79.81
139	78.25	79.98	80.82	77.76	77.88	84.46	81.68	81.85	81.33	79.86	89.64	81.91	89.62	86.19	85.37	87.55	85.16	87.08	81.21	79.69
140	78.08	79.82	80.64	77.56	77.68	84.33	81.51	81.72	81.19	79.71	89.53	81.76	89.50	86.06	85.20	87.42	85.02	86.92	81.03	79.55
141	78.08	79.72	80.53	77.31	77.37	84.21	81.40	81.63	81.10	79.63	89.41	81.64	89.41	85.96	85.11	87.31	84.92	86.80	80.91	79.46
142	77.93	79.53	80.34	77.06	77.13	83.96	81.19	81.45	80.89	79.44	89.23	81.41	89.23	85.76	84.91	87.11	84.70	86.56	80.71	79.34
143	77.79	79.36	80.18	76.81	76.92	83.80	81.05	81.25	80.74	79.32	89.05	81.24	89.06	85.61	84.76	86.94	84.51	86.39	80.52	79.17
144	77.66	79.22	80.08	76.57	76.69	83.66	80.94	81.12	80.63	79.18	88.86	81.13	88.93	85.48	84.64	86.79	84.37	86.25	80.41	79.03
145	77.53	79.07	79.95	76.27	76.40	83.54	80.81	80.98	80.51	79.02	88.73	81.01	88.77	85.35	84.54	86.65	84.24	86.14	80.23	78.92
146	77.34	78.91	79.73	76.06	76.11	83.31	80.61	80.77	80.33	78.85	88.55	80.81	88.56	85.13	84.40	86.47	84.01	85.96	80.01	78.74
147	77.23	78.82	79.62	75.83	75.92	83.19	80.50	80.65	80.23	78.72	88.39	80.71	88.44	84.99	84.28	86.35	83.91	85.85	79.90	78.66
148	77.09	78.69	79.50	75.61	75.68	83.10	80.38	80.53	80.08	78.61	88.25	80.61	88.35	84.84	84.11	86.23	83.78	85.77	79.77	78.54
149	76.99	78.56	79.40	75.32	75.40	82.99	80.25	80.41	79.99	78.49	88.13	80.47	88.23	84.70	83.99	86.13	83.66	85.65	79.65	78.42
150	76.80	78.37	79.22	75.08	75.18	82.85	80.08	80.26	79.81	78.30	87.96	80.31	88.12	84.52	83.82	85.95	83.48	85.49	79.50	78.24
151	76.66	78.24	79.06	74.85	74.95	82.68	79.91	80.13	79.69	78.15	87.79	80.18	87.97	84.39	83.71	85.81	83.34	85.34	79.36	78.07
152	76.56	78.12	78.94	74.56	74.95	82.57	79.81	80.02	79.57	77.99	87.69	80.07	87.87	84.23	83.61	85.69	83.21	85.23	79.22	77.98
153	76.42	77.98	78.75	74.32	74.83	82.40	79.62	79.86	79.44	77.82	87.52	79.89	87.70	84.01	83.46	85.52	83.00	85.05	79.06	77.79
154	76.33	77.84	78.61	74.08	74.66	82.27	79.50	79.77	79.30	77.68	87.39	79.77	87.58	83.83	83.34	85.40	82.85	84.91	78.92	77.67
155	76.20	77.66	78.46	73.82	74.49	82.09	79.39	79.63	79.18	77.55	87.26	79.61	87.39	83.71	83.24	85.26	82.71	84.77	78.79	77.53
156	76.07	77.54	78.30	73.60	74.34	81.89	79.30	79.48	79.02	77.41	87.15	79.47	87.23	83.55	83.08	85.14	82.59	84.61	78.65	77.39
157	75.97	77.43	78.17	73.60	74.22	81.76	79.18	79.38	78.91	77.31	87.03	79.36	87.13	83.46	82.98	85.00	82.50	84.52	78.54	77.30
158	75.78	77.28	77.99	73.47	74.09	81.62	78.98	79.23	78.78	77.12	86.87	79.18	86.96	83.29	82.77	84.78	82.27	84.35	78.35	77.11
159	75.63	77.17	77.83	73.34	73.95	81.49	78.86	79.10	78.67	76.98	86.79	79.08	86.82	83.15	82.64	84.65	82.14	84.22	78.22	76.99
160	75.48	76.95	77.63	73.09	73.79	81.28	78.70	79.03	78.55	76.76	86.61	78.87	86.63	82.97	82.44	84.49	81.88	84.03	78.01	76.84
161	75.29	76.78	77.42	72.89	73.60	81.14	78.50	78.83	78.36	76.55	86.42	78.69	86.41	82.78	82.27	84.28	81.65	83.84	77.81	76.67
162	75.13	76.65	77.23	72.72	73.46	80.97	78.29	78.65	78.19	76.39	86.25	78.52	86.27	82.64	82.08	84.11	81.48	83.71	77.67	76.50
163	75.01	76.51	77.11	72.56	73.32	80.80	78.15	78.53	78.07	76.24	86.10	78.40	86.11	82.54	81.94	83.95	81.35	83.61	77.56	76.37
164	74.89	76.36	76.93	72.39	73.16	80.68	78.01	78.38	77.83	76.07	85.91	78.22	85.94	82.36	81.82	83.71	81.15	83.42	77.32	76.22
165	74.71	76.21	76.86	72.25	73.08	80.57	77.89	78.27	77.70	75.80	85.79	78.08	85.71	82.10	81.70	83.59	80.96	83.26	77.18	76.09
166	74.57	76.07	76.70	72.13	72.93	80.46	77.71	78.13	77.55	75.61	85.63	77.93	85.55	81.96	81.56	83.45	80.81	83.13	77.03	75.98
167	74.45	75.93	76.53	72.01	72.82	80.35	77.58	77.99	77.43	75.48	85.49	77.76	85.45	81.80	81.38	83.26	80.66	82.99	76.89	75.82
168	74.30	75.80	76.40	71.87	72.70	80.19	77.47	77.85	77.27	75.35	85.31	77.66	85.27	81.69	81.24	83.12	80.50	82.85	76.73	75.67
169	74.19	75.66	76.27	71.74	72.58	80.10	77.33	77.72	77.16	75.24	85.18	77.55	85.12	81.55	81.11	82.97	80.37	82.74	76.58	75.55
170	74.08	75.54	76.09	71.61	72.43	79.97	77.17	77.48	77.00	75.07	85.02	77.41	84.97	81.39	80.96	82.84	80.20	82.58	76.42	75.42
171	73.93	75.39	75.91	71.49	72.29	79.80	77.04	77.36	76.87	74.91	84.88	77.29	84.83	81.20	80.83	82.68	80.02	82.45	76.23	75.28
172	73.77	75.27	75.76	71.34	72.16	79.67	76.90	77.21	76.70	74.76	84.73	77.19	84.72	81.05	80.68	82.53	79.87	82.34	76.09	75.14
173	73.64	75.14	75.63	71.23	72.01	79.54	76.75	77.05	76.51	74.62	84.59	77.06	84.54	80.87	80.53	82.39	79.71	82.15	75.98	74.97
174	73.52	75.02	75.48	71.12	71.87	79.43	76.60	76.90	76.37	74.45	84.46	76.92	84.44	80.70	80.35	82.21	79.61	82.04	75.84	74.82
175	73.34	74.83	75.37	71.01	71.77	79.26	76.47	76.75	76.23	74.31	84.30	76.80	84.35	80.52	80.18	82.09	79.51	81.89	75.72	74.72
176	73.23	74.71	75.25	70.90	71.64	79.15	76.36	76.65	76.13	74.22	84.19	76.69	84.26	80.42	80.07	81.98	79.40	81.77	75.63	74.61
177	73.08	74.60	75.12	70.78	71.52	79.01	76.22	76.53	76.01	74.08	84.07	76.61	84.16	80.27	79.97	81.88	79.28	81.64	75.51	74.46
178	72.91	74.46	75.02	70.65	71.37	78.89	76.04	76.36	75.86	73.95	83.96	76.44	83.99	80.13	79.81	81.68	79.10	81.46	75.38	74.31
179	72.79	74.32	74.90	70.54	71.25	78.75	75.89	76.24	75.75	73.83	83.83	76.32	83.85	80.02	79.69	81.57	78.99	81.32	75.25	74.22
180	72.63	74.19	74.72	70.41	71.01	78.63	75.71	76.09	75.59	73.67	83.69	76.17	83.72	79.89	79.53	81.35	78.81	81.09	75.11	74.09
181	72.46	74.02	74.56	70.29	70.89	78.46	75.62	75.90	75.51	73.50	83.55	75.99	83.55	79.78	79.34	81.24	78.68	80.91	74.94	73.97
182	72.32	73.91	74.44	70.14	70.73	78.35	75.49	75.76	75.37	73.40	83.43	75.82	83.39	79.62	79.25	81.11	78.58	80.80	74.80	73.85
183	72.18	73.78	74.28	69.98	70.55	78.25	75.33	75.60	75.25	73.28	83.33	75.69	83.23	79.48	79.08	81.00	78.45	80.70	74.67	73.65
184	72.03	73.64	74.14	69.81	70.41	78.09	75.19	75.50	75.12	73.15	83.21	75.50	83.04	79.35	78.93	80.88	78.30	80.56	74.50	73.54
185	71.92	73.53	73.98	69.73	70.27	77.96	75.04	75.34	75.00	73.03	83.10	75.36	82.91	79.25	78.81	80.76	78.17	80.45	74.41	73.39
186	71.77	73.43	73.89	69.62	70.11	77.84	74.90	75.22	74.84	72.91	83.01	75.22	82.78	79.14	78.68	80.62	78.05	80.30	74.26	73.27
187	71.57	73.19	73.72	69.31	69.91	77.65	74.66	75.02	74.63	72.74	82.80	74.98	82.55	78.90	78.44	80.43	77.81	80.11	74.09	73.03
188	71.43	73.01	73.57	69.19	69.77	77.49	74.49	74.86	74.48	72.58	82.63	74.81	82.39	78.76	78.28	80.27	77.67	79.94	73.92	72.84
189	71.26	72.89	73.42	69.02	69.65	77.36	74.35	74.72	74.34	72.45	82.49	74.72	82.26	78.62	78.12	80.14	77.53	79.82	73.77	72.71
190	71.12	72.70	73.26	68.85	69.50	77.20	74.21	74.50	74.17	72.30	82.33	74.57	82.10	78.47	77.95	79.99	77.35	79.66	73.60	72.58
191	71.00	72.58	73.16	68.71	69.38	77.06	74.08	74.40	74.04	72.18	82.23	74.47	81.92	78.35	77.81	79.82	77.23	79.53	73.46	72.48
192	70.85	72.43	73.00	68.56	69.18	76.94	73.92	74.19	73.92	72.02	82.07	74.30	81.79	78.16	77.65	79.68	77.05	79.39	73.30	72.31
193	70.70	72.31	72.86	68.43	69.06	76.80	73.82	74.09	73.79	71.89	81.95	74.14	81.64	77.99	77.50	79.58	76.91	79.26	73.15	72.21
194	70.58	72.18	72.77	68.29	68.92	76.68	73.69	73.97	73.67	71.74	81.83	74.03	81.48	77.85	77.38	79.47	76.79	79.13	73.03	72.09
195	70.42	72.04	72.66	68.17	68.79	76.53	73.56	73.81	73.52	71.59	81.68	73.92	81.36	77.68	77.25	79.32	76.67	79.02	72.91	71.96
196	70.27	71.90	72.53	68.04	68.64	76.36	73.43	73.69	73.39	71.45	81.55	73.78	81.20	77.54	77.09	79.17	76.56	78.95	72.80	71.82
197	70.14	71.79	72.42	67.92	68.52	76.24	73.32	73.58	73.23	71.31	81.41	73.65	81.07	77.40	76.94	79.06	76.47	78.84	72.65	71.71
198	69.94	71.57	72.24	67.71	68.34	76.05	73.13	73.44	73.09	71.16	81.24	73.49	80.83	77.26	76.76	78.79	76.18	78.66	72.48	71.52
199	69.79	71.40	72.04	67.57	68.17	75.84	72.97	73.27	72.87	70.94	81.09	73.31	80.63	77.07	76.58	78.64	76.01	78.48	72.25	71.36
200	69.55	71.24	71.89	67.40	68.02	75.64	72.80	73.11	72.74	70.78	80.99	73.11	80.47	76.92	76.43	78.50	75.86	78.37	72.08	71.18
201	69.40	71.08	71.74	67.24	67.84	75.48	72.63	72.94	72.57	70.62	80.83	72.94	80.35	76.76	76.28	78.34	75.66	78.20	71.95	71.01
202	69.31	70.97	71.57	67.07	67.71	75.36	72.52	72.84	72.40	70.45	80.66	72.79	80.17	76.58	76.13	78.21	75.52	78.03	71.79	70.86
203	69.17	70.82	71.44	66.91	67.56	75.23	72.38	72.67	72.25	70.30	80.52	72.65	80.03	76.41	75.99	78.03	75.37	77.87	71.65	70.76
204	68.88	70.57	71.28	66.67	67.34	75.02	72.19	72.44	71.99	70.13	80.43	72.50	79.90	76.24	75.83	77.79	75.19	77.69	71.48	70.52
205	68.75	70.45	71.17	66.55	67.23	74.88	72.08	72.31	71.85	70.01	80.31	72.38	79.79	76.10	75.73	77.66	75.06	77.54	71.36	70.38
206	68.60	70.34	71.05	66.42	67.09	74.76	71.96	72.21	71.72	69.92	80.19	72.24	79.69	75.98	75.63	77.57	74.93	77.39	71.23	70.25
207	68.46	70.24	70.91	66.30	66.93	74.63	71.79	72.14	71.60	69.80	80.02	72.12	79.59	75.88	75.51	77.40	74.80	77.27	71.06	70.15
208	68.34	70.08	70.70	66.16	66.77	74.49	71.66	72.02	71.50	69.62	79.91	71.99	79.43	75.79	75.32	77.29	74.62	77.17	70.94	70.03
209	68.23	69.97	70.54	66.01	66.65	74.34	71.51	71.92	71.38	69.49	79.78	71.82	79.28	75.66	75.15	77.15	74.51	77.02	70.82	69.93
210	68.05	69.84	70.43	65.88	66.51	74.21	71.37	71.76	71.18	69.39	79.61	71.64	79.15	75.56	75.01	76.97	74.35	76.90	70.71	69.81
211	67.88	69.65	70.29	65.69	66.32	74.04	71.17	71.59	71.01	69.22	79.44	71.47	79.02	75.36	74.82	76.78	74.16	76.75	70.56	69.62
212	67.74	69.54	70.16	65.58	66.19	73.89	71.07	71.44	70.86	69.04	79.31	71.36	78.90	75.21	74.68	76.70	74.02	76.62	70.43	69.47
213	67.61	69.41	70.02	65.45	66.03	73.76	70.91	71.29	70.72	68.91	79.18	71.22	78.78	75.08	74.53	76.53	73.89	76.50	70.33	69.34
214	67.48	69.29	69.87	65.32	65.92	73.63	70.78	71.17	70.60	68.78	79.05	71.08	78.66	74.95	74.40	76.41	73.78	76.39	70.19	69.19
215	67.36	69.18	69.71	65.18	65.78	73.50	70.65	71.06	70.49	68.65	78.97	70.97	78.54	74.82	74.31	76.28	73.65	76.27	70.07	69.05
216	67.19	68.99	69.58	65.00	65.63	73.38	70.48	70.93	70.33	68.42	78.82	70.79	78.39	74.63	74.16	76.10	73.52	76.14	69.92	68.92
217	67.03	68.81	69.44	64.89	65.46	73.26	70.28	70.68	70.18	68.26	78.68	70.66	78.27	74.51	74.02	75.92	73.39	76.03	69.71	68.77
218	66.85	68.64	69.27	64.75	65.31	73.07	70.08	70.50	70.02	68.08	78.48	70.50	78.08	74.33	73.88	75.76	73.20	75.88	69.56	68.60
219	66.71	68.46	69.14	64.61	65.15	72.95	69.88	70.35	69.88	67.92	78.38	70.35	77.94	74.19	73.73	75.65	73.07	75.75	69.40	68.46
220	66.57	68.35	69.04	64.50	65.03	72.83	69.77	70.21	69.74	67.75	78.27	70.24	77.82	74.06	73.62	75.52	72.96	75.63	69.28	68.30
221	66.44	68.18	68.86	64.32	64.87	72.66	69.62	70.04	69.62	67.59	78.14	70.09	77.65	73.90	73.47	75.36	72.82	75.48	69.12	68.13
222	66.30	68.07	68.71	64.14	64.73	72.48	69.49	69.87	69.47	67.50	77.98	69.93	77.48	73.76	73.32	75.20	72.68	75.31	68.96	67.99
223	66.20	67.91	68.61	64.02	64.61	72.35	69.35	69.71	69.34	67.35	77.85	69.79	77.37	73.63	73.16	75.10	72.55	75.18	68.88	67.89
224	66.08	67.78	68.49	63.88	64.47	72.21	69.22	69.59	69.23	67.22	77.72	69.67	77.23	73.51	73.06	74.97	72.44	75.06	68.75	67.74
225	65.93	67.63	68.36	63.77	64.34	72.09	69.10	69.45	69.12	67.07	77.57	69.59	77.09	73.41	72.92	74.81	72.30	74.95	68.61	67.66
226	65.77	67.44	68.16	63.66	64.20	71.92	68.96	69.29	68.97	66.91	77.36	69.39	76.87	73.26	72.65	74.64	72.07	74.79	68.41	67.51
227	65.57	67.26	67.97	63.47	64.02	71.71	68.74	69.12	68.82	66.73	77.20	69.24	76.71	73.06	72.48	74.38	71.86	74.58	68.22	67.30
228	65.44	67.16	67.81	63.35	63.87	71.58	68.63	69.05	68.70	66.58	77.07	69.10	76.61	72.94	72.37	74.26	71.73	74.44	68.12	67.16
229	65.33	67.05	67.69	63.21	63.74	71.49	68.50	68.94	68.59	66.48	76.98	68.98	76.50	72.83	72.24	74.16	71.61	74.32	67.97	67.02
230	65.19	66.91	67.54	63.06	63.60	71.32	68.35	68.80	68.43	66.31	76.82	68.85	76.35	72.68	72.09	74.01	71.50	74.20	67.81	66.86
231	64.98	66.68	67.35	62.89	63.39	71.13	68.14	68.64	68.25	66.13	76.60	68.62	76.21	72.50	71.84	73.81	71.34	73.95	67.65	66.66
232	64.88	66.56	67.20	62.70	63.25	70.99	68.03	68.52	68.08	65.99	76.51	68.46	76.06	72.36	71.72	73.69	71.18	73.83	67.48	66.51
233	64.78	66.46	67.10	62.60	63.16	70.90	67.91	68.42	67.97	65.90	76.40	68.36	75.96	72.28	71.58	73.60	71.08	73.73	67.36	66.41
234	64.66	66.29	67.00	62.46	63.04	70.75	67.79	68.29	67.82	65.76	76.26	68.25	75.84	72.19	71.50	73.49	70.94	73.60	67.27	66.33
235	64.54	66.17	66.87	62.36	62.87	70.63	67.59	68.17	67.71	65.65	76.10	68.11	75.68	72.04	71.35	73.35	70.78	73.49	67.13	66.17
236	64.39	66.03	66.76	62.23	62.74	70.53	67.46	68.04	67.59	65.54	75.97	67.99	75.57	71.90	71.24	73.23	70.64	73.37	67.00	66.06
237	64.26	65.86	66.62	62.07	62.59	70.39	67.33	67.88	67.39	65.36	75.80	67.83	75.42	71.79	71.13	73.09	70.49	73.22	66.87	65.89
238	64.04	65.63	66.49	61.87	62.40	70.19	67.07	67.71	67.20	65.20	75.62	67.63	75.25	71.63	70.95	72.90	70.26	73.02	66.66	65.66
239	63.88	65.49	66.34	61.75	62.28	70.05	66.93	67.52	67.06	65.10	75.45	67.49	75.09	71.40	70.79	72.74	70.13	72.86	66.51	65.54
240	63.72	65.36	66.17	61.61	62.14	69.88	66.77	67.40	66.94	64.90	75.30	67.36	74.93	71.27	70.66	72.56	69.95	72.69	66.33	65.39
241	63.61	65.26	66.10	61.51	62.03	69.79	66.67	67.31	66.85	64.79	75.22	67.23	74.82	71.17	70.56	72.46	69.86	72.58	66.19	65.25
242	63.48	65.12	65.97	61.41	61.87	69.68	66.58	67.19	66.73	64.67	75.11	67.09	74.72	71.07	70.43	72.31	69.77	72.47	66.08	65.13
243	63.37	64.96	65.83	61.26	61.72	69.53	66.46	67.02	66.61	64.55	74.92	66.97	74.57	70.94	70.30	72.14	69.60	72.32	65.95	64.98
244	63.18	64.81	65.65	61.07	61.54	69.33	66.21	66.78	66.41	64.31	74.77	66.76	74.40	70.77	70.11	71.96	69.38	72.13	65.79	64.82
245	63.07	64.71	65.51	60.96	61.41	69.22	66.09	66.66	66.28	64.20	74.66	66.65	74.30	70.66	70.00	71.85	69.28	72.03	65.66	64.68
246	62.92	64.58	65.38	60.78	61.23	69.10	65.94	66.53	66.16	64.12	74.53	66.49	74.17	70.45	69.83	71.73	69.18	71.85	65.51	64.53
247	62.78	64.48	65.24	60.63	61.10	69.00	65.83	66.38	66.02	63.99	74.39	66.34	74.06	70.34	69.67	71.60	69.04	71.70	65.38	64.36
248	62.58	64.35	65.07	60.48	60.97	68.85	65.70	66.21	65.82	63.85	74.18	66.19	73.94	70.20	69.56	71.46	68.90	71.57	65.23	64.23
249	62.43	64.21	64.92	60.33	60.78	68.68	65.53	66.09	65.62	63.66	74.02	66.05	73.74	70.03	69.45	71.28	68.77	71.41	65.06	64.06
250	62.30	64.04	64.78	60.23	60.63	68.57	65.40	65.98	65.53	63.51	73.89	65.91	73.63	69.88	69.33	71.17	68.67	71.30	64.93	63.93
251	62.15	63.93	64.64	60.13	60.50	68.40	65.29	65.85	65.39	63.39	73.78	65.79	73.50	69.73	69.19	71.04	68.56	71.18	64.84	63.80
252	61.97	63.79	64.44	59.96	60.34	68.26	65.16	65.65	65.23	63.27	73.61	65.61	73.35	69.61	69.03	70.86	68.37	71.03	64.65	63.64
253	61.85	63.66	64.31	59.82	60.19	68.13	65.04	65.51	65.14	63.15	73.51	65.48	73.19	69.50	68.89	70.72	68.24	70.90	64.52	63.52
254	61.69	63.53	64.19	59.66	60.03	67.98	64.87	65.38	64.98	63.02	73.39	65.35	73.07	69.37	68.71	70.55	68.12	70.72	64.40	63.42
255	61.44	63.32	64.05	59.54	59.88	67.76	64.72	65.19	64.84	62.85	73.26	65.23	72.97	69.16	68.52	70.42	67.97	70.58	64.19	63.29
256	61.32	63.17	63.92	59.40	59.74	67.61	64.60	65.04	64.71	62.72	73.10	65.09	72.82	69.03	68.37	70.32	67.81	70.45	64.06	63.16
257	61.20	63.05	63.79	59.29	59.58	67.45	64.49	64.91	64.56	62.57	73.00	64.94	72.65	68.92	68.23	70.17	67.70	70.29	63.93	63.03
258	61.00	62.86	63.64	59.16	59.38	67.32	64.35	64.71	64.38	62.40	72.89	64.77	72.44	68.72	68.04	69.98	67.53	70.17	63.80	62.93
259	60.92	62.75	63.55	59.03	59.26	67.19	64.22	64.61	64.28	62.27	72.81	64.66	72.35	68.61	67.91	69.86	67.41	70.03	63.70	62.78
260	60.81	62.62	63.45	58.90	59.15	67.09	64.08	64.50	64.15	62.14	72.72	64.55	72.22	68.47	67.79	69.74	67.31	69.92	63.57	62.66
261	60.61	62.44	63.32	58.80	58.98	66.98	63.89	64.38	63.95	62.02	72.60	64.42	72.02	68.39	67.65	69.63	67.18	69.80	63.44	62.53
262	60.48	62.31	63.16	58.59	58.80	66.85	63.68	64.22	63.82	61.92	72.40	64.30	71.86	68.20	67.47	69.50	67.01	69.66	63.33	62.35
263	60.33	62.15	62.99	58.41	58.64	66.70	63.52	64.06	63.69	61.75	72.29	64.16	71.75	68.06	67.33	69.31	66.90	69.52	63.21	62.22
264	60.17	62.02	62.87	58.26	58.48	66.52	63.39	63.91	63.56	61.59	72.16	64.00	71.60	67.96	67.20	69.19	66.76	69.38	63.09	62.07
265	60.03	61.90	62.74	58.12	58.33	66.42	63.29	63.79	63.43	61.45	72.01	63.88	71.45	67.82	67.07	69.08	66.63	69.24	62.97	61.95
266	59.86	61.77	62.60	57.95	58.20	66.31	63.16	63.65	63.27	61.32	71.90	63.73	71.33	67.71	66.93	68.95	66.52	69.11	62.83	61.81
267	59.65	61.58	62.40	57.75	57.99	66.06	63.01	63.49	63.06	61.11	71.78	63.52	71.18	67.54	66.68	68.79	66.36	68.89	62.63	61.57
268	59.53	61.47	62.26	57.62	57.88	65.93	62.92	63.38	62.95	60.95	71.65	63.37	71.10	67.41	66.54	68.66	66.25	68.77	62.47	61.41
269	59.36	61.32	62.11	57.46	57.75	65.75	62.75	63.23	62.76	60.81	71.43	63.23	70.95	67.19	66.39	68.50	66.09	68.65	62.31	61.26
270	59.17	61.13	61.91	57.28	57.54	65.54	62.51	62.98	62.57	60.63	71.25	63.01	70.68	67.00	66.17	68.31	65.88	68.45	62.05	61.06
271	59.09	61.00	61.79	57.13	57.42	65.45	62.36	62.85	62.46	60.51	71.12	62.90	70.56	66.89	66.03	68.19	65.76	68.32	61.92	60.94
272	58.92	60.90	61.68	57.02	57.31	65.31	62.22	62.67	62.33	60.37	71.00	62.78	70.43	66.75	65.89	68.09	65.61	68.17	61.79	60.80
273	58.81	60.78	61.55	56.89	57.19	65.16	62.09	62.53	62.23	60.24	70.88	62.68	70.27	66.62	65.71	67.92	65.47	68.01	61.66	60.67
274	58.69	60.66	61.45	56.78	57.08	65.04	61.97	62.42	62.13	60.13	70.77	62.55	70.17	66.53	65.61	67.81	65.36	67.91	61.55	60.57
275	58.60	60.55	61.35	56.69	56.96	64.88	61.86	62.30	62.03	60.02	70.66	62.42	70.06	66.44	65.50	67.66	65.27	67.79	61.45	60.41
276	58.50	60.40	61.26	56.59	56.86	64.77	61.75	62.20	61.92	59.92	70.53	62.30	69.92	66.33	65.39	67.52	65.14	67.70	61.34	60.23
277	58.34	60.29	61.13	56.44	56.71	64.65	61.58	62.12	61.85	59.76	70.38	62.14	69.73	66.20	65.20	67.38	65.00	67.55	61.18	60.05
278	58.23	60.16	60.99	56.29	56.58	64.53	61.45	62.00	61.73	59.60	70.23	62.01	69.60	66.05	65.06	67.27	64.87	67.41	61.00	59.90
279	58.03	59.98	60.78	56.09	56.41	64.28	61.23	61.83	61.57	59.36	70.09	61.82	69.38	65.89	64.84	67.06	64.65	67.17	60.78	59.65
280	57.90	59.84	60.65	55.97	56.26	64.16	61.12	61.72	61.42	59.24	69.99	61.69	69.23	65.77	64.70	66.90	64.52	67.02	60.63	59.55
281	57.77	59.74	60.52	55.84	56.16	64.07	60.99	61.62	61.31	59.10	69.83	61.57	69.11	65.62	64.60	66.79	64.40	66.91	60.52	59.42
282	57.62	59.58	60.39	55.70	56.02	63.91	60.84	61.45	61.19	58.94	69.68	61.42	68.97	65.51	64.44	66.67	64.25	66.71	60.39	59.29
283	57.44	59.38	60.18	55.55	55.83	63.70	60.61	61.25	61.01	58.72	69.49	61.22	68.77	65.28	64.29	66.44	64.05	66.48	60.19	59.08
284	57.30	59.28	60.01	55.40	55.69	63.51	60.47	61.08	60.87	58.56	69.36	61.07	68.64	65.12	64.12	66.28	63.90	66.33	60.04	58.93
285	57.05	59.07	59.80	55.24	55.46	63.29	60.24	60.80	60.63	58.36	69.14	60.84	68.43	64.93	63.93	66.08	63.69	66.12	59.83	58.73
286	56.89	58.93	59.62	55.07	55.31	63.11	60.07	60.65	60.46	58.22	68.96	60.66	68.23	64.78	63.80	65.92	63.57	65.91	59.73	58.55
287	56.76	58.81	59.50	54.93	55.19	62.97	59.94	60.54	60.33	58.07	68.84	60.51	68.11	64.63	63.66	65.80	63.45	65.80	59.61	58.42
288	56.60	58.63	59.37	54.79	54.98	62.81	59.81	60.42	60.21	57.95	68.66	60.40	67.95	64.47	63.50	65.67	63.27	65.65	59.45	58.26
289	56.48	58.54	59.19	54.69	54.87	62.70	59.64	60.32	60.08	57.85	68.54	60.28	67.87	64.29	63.39	65.55	63.14	65.57	59.31	58.13
290	56.37	58.40	59.07	54.58	54.76	62.61	59.51	60.20	59.98	57.75	68.42	60.18	67.76	64.15	63.28	65.45	63.03	65.46	59.20	58.02
291	56.23	58.26	58.95	54.42	54.61	62.50	59.39	60.07	59.88	57.63	68.30	60.06	67.60	64.05	63.13	65.30	62.91	65.32	59.08	57.87
292	56.10	58.14	58.78	54.30	54.49	62.29	59.27	59.95	59.69	57.52	68.16	59.91	67.50	63.94	63.03	65.15	62.73	65.20	58.92	57.74
293	55.88	58.00	58.66	54.14	54.31	62.17	59.13	59.82	59.52	57.36	68.00	59.75	67.35	63.80	62.87	65.00	62.59	65.07	58.73	57.60
294	55.74	57.88	58.52	54.00	54.16	62.06	58.96	59.66	59.40	57.17	67.87	59.58	67.19	63.65	62.73	64.85	62.48	64.89	58.56	57.41
295	55.61	57.72	58.31	53.83	53.99	61.93	58.85	59.53	59.26	57.02	67.74	59.41	67.05	63.52	62.57	64.71	62.37	64.75	58.44	57.30
296	55.48	57.56	58.16	53.69	53.89	61.79	58.73	59.41	59.11	56.87	67.55	59.30	66.87	63.40	62.45	64.58	62.25	64.61	58.31	57.15
297	55.30	57.45	58.00	53.58	53.76	61.60	58.55	59.31	58.98	56.76	67.38	59.17	66.77	63.26	62.37	64.45	62.13	64.51	58.13	57.02
298	55.12	57.32	57.84	53.41	53.60	61.45	58.44	59.15	58.87	56.58	67.25	59.05	66.65	63.10	62.23	64.33	61.99	64.35	57.99	56.86
299	55.02	57.24	57.74	53.32	53.46	61.30	58.34	59.05	58.74	56.45	67.17	58.94	66.48	62.98	62.09	64.21	61.80	64.24	57.89	56.73
300	54.80	56.94	57.52	53.08	53.22	61.05	58.11	58.82	58.46	56.24	66.97	58.72	66.25	62.78	61.90	63.93	61.58	64.00	57.66	56.49
301	54.67	56.86	57.42	52.88	53.09	60.94	57.97	58.69	58.27	56.11	66.80	58.64	66.08	62.68	61.74	63.79	61.45	63.82	57.53	56.39
302	54.53	56.70	57.26	52.70	52.98	60.76	57.82	58.54	58.13	55.92	66.61	58.50	65.89	62.56	61.60	63.64	61.26	63.68	57.33	56.20
303	54.39	56.53	57.08	52.52	52.85	60.57	57.67	58.37	57.92	55.77	66.46	58.32	65.75	62.39	61.45	63.51	61.06	63.53	57.17	56.10
304	54.27	56.42	56.98	52.41	52.71	60.45	57.54	58.24	57.81	55.66	66.35	58.18	65.62	62.27	61.33	63.40	60.92	63.40	57.06	55.97
305	54.12	56.30	56.87	52.30	52.58	60.33	57.39	58.10	57.68	55.56	66.19	58.06	65.48	62.14	61.18	63.28	60.81	63.31	56.93	55.82
306	53.95	56.15	56.72	52.17	52.47	60.20	57.25	57.98	57.55	55.42	66.08	57.93	65.35	62.01	61.05	63.15	60.67	63.19	56.78	55.70
307	53.81	56.02	56.61	52.05	52.32	60.08	57.05	57.84	57.40	55.29	65.91	57.75	65.24	61.81	60.92	63.04	60.54	63.05	56.67	55.60
308	53.68	55.90	56.50	51.93	52.20	59.96	56.89	57.73	57.29	55.17	65.83	57.65	65.11	61.68	60.80	62.93	60.41	62.93	56.56	55.49
309	53.54	55.74	56.33	51.82	52.07	59.80	56.73	57.55	57.16	55.02	65.69	57.49	64.97	61.54	60.69	62.80	60.26	62.79	56.42	55.36
310	53.41	55.60	56.22	51.67	51.92	59.62	56.59	57.39	57.01	54.91	65.49	57.35	64.82	61.42	60.53	62.60	60.06	62.63	56.24	55.20
311	53.23	55.49	56.06	51.54	51.81	59.48	56.45	57.23	56.84	54.75	65.34	57.20	64.67	61.27	60.37	62.46	59.90	62.47	56.10	55.05
312	53.09	55.37	55.98	51.44	51.69	59.39	56.36	57.09	56.74	54.64	65.22	57.10	64.57	61.14	60.27	62.31	59.80	62.37	56.00	54.95
313	52.92	55.19	55.87	51.33	51.52	59.25	56.24	57.00	56.63	54.52	65.05	56.96	64.46	61.01	60.17	62.16	59.67	62.21	55.87	54.82
314	52.75	55.04	55.71	51.18	51.33	59.10	56.09	56.86	56.48	54.35	64.91	56.78	64.32	60.87	59.98	62.02	59.51	62.02	55.73	54.68
315	52.60	54.84	55.48	50.97	51.19	58.98	55.91	56.70	56.31	54.18	64.76	56.63	64.16	60.75	59.78	61.84	59.24	61.83	55.52	54.49
316	52.49	54.73	55.34	50.86	51.07	58.85	55.74	56.55	56.21	54.06	64.64	56.45	64.03	60.60	59.62	61.71	59.12	61.72	55.38	54.33
317	52.38	54.62	55.21	50.73	50.91	58.71	55.62	56.46	56.10	53.92	64.52	56.30	63.90	60.47	59.50	61.59	59.00	61.55	55.26	54.21
318	52.08	54.39	54.98	50.48	50.67	58.52	55.38	56.24	55.80	53.67	64.26	56.02	63.68	60.19	59.27	61.28	58.71	61.33	55.03	53.98
319	51.92	54.26	54.82	50.27	50.54	58.39	55.21	56.05	55.68	53.53	64.15	55.92	63.54	60.03	59.13	61.15	58.57	61.19	54.91	53.84
320	51.77	54.12	54.70	50.16	50.42	58.24	55.09	55.91	55.56	53.33	64.02	55.81	63.43	59.90	58.97	61.02	58.45	61.09	54.72	53.70
321	51.57	53.93	54.53	50.03	50.28	58.11	54.86	55.78	55.41	53.18	63.89	55.59	63.29	59.75	58.85	60.80	58.33	60.96	54.55	53.50
322	51.43	53.79	54.40	49.89	50.17	57.99	54.73	55.66	55.28	53.07	63.75	55.46	63.09	59.61	58.70	60.67	58.21	60.84	54.41	53.39
323	51.29	53.60	54.18	49.70	50.00	57.74	54.51	55.46	55.12	52.86	63.66	55.26	62.96	59.47	58.51	60.44	58.06	60.63	54.23	53.22
324	51.11	53.48	54.05	49.55	49.84	57.59	54.38	55.33	55.02	52.74	63.54	55.13	62.79	59.30	58.38	60.32	57.90	60.49	54.13	53.08
325	50.94	53.36	53.92	49.43	49.71	57.44	54.20	55.20	54.86	52.64	63.39	54.98	62.62	59.22	58.20	60.21	57.80	60.32	54.01	52.95
326	50.81	53.23	53.75	49.30	49.59	57.29	54.07	55.08	54.67	52.51	63.23	54.85	62.51	59.10	58.07	60.07	57.64	60.19	53.89	52.82
327	50.67	53.09	53.60	49.15	49.47	57.16	53.93	54.92	54.52	52.38	63.11	54.67	62.38	58.95	57.90	59.96	57.52	60.10	53.76	52.69
328	50.47	52.91	53.44	48.96	49.26	56.99	53.69	54.73	54.34	52.25	62.93	54.46	62.24	58.76	57.75	59.76	57.32	59.92	53.54	52.52
329	50.32	52.71	53.27	48.78	49.07	56.81	53.46	54.58	54.17	52.09	62.76	54.27	62.08	58.58	57.58	59.59	57.13	59.72	53.43	52.37
330	50.16	52.53	53.12	48.60	48.94	56.68	53.29	54.44	53.99	51.93	62.60	54.10	61.92	58.48	57.46	59.42	56.99	59.61	53.29	52.24
331	49.95	52.36	52.93	48.40	48.73	56.51	53.10	54.28	53.81	51.74	62.41	53.88	61.69	58.28	57.25	59.25	56.81	59.42	53.08	52.05
332	49.80	52.24	52.84	48.26	48.61	56.41	52.98	54.18	53.72	51.63	62.30	53.78	61.56	58.16	57.12	59.14	56.70	59.31	52.99	51.94
333	49.63	52.10	52.69	48.10	48.50	56.24	52.79	54.04	53.56	51.51	62.15	53.60	61.41	58.01	56.95	59.00	56.51	59.15	52.84	51.80
334	49.52	51.98	52.55	47.99	48.38	56.14	52.68	53.92	53.44	51.40	62.04	53.48	61.31	57.90	56.83	58.90	56.40	59.06	52.74	51.67
335	49.39	51.87	52.43	47.86	48.25	55.95	52.59	53.77	53.31	51.23	61.92	53.36	61.20	57.77	56.69	58.74	56.26	58.93	52.60	51.53
336	49.25	51.74	52.29	47.72	48.12	55.84	52.48	53.66	53.18	51.11	61.77	53.22	61.07	57.68	56.58	58.62	56.10	58.80	52.49	51.41
337	49.11	51.61	52.12	47.56	47.98	55.68	52.35	53.50	53.06	50.97	61.67	53.09	60.98	57.52	56.43	58.48	55.94	58.64	52.35	51.26
338	49.00	51.49	51.97	47.42	47.84	55.57	52.21	53.38	52.94	50.84	61.54	52.99	60.90	57.39	56.31	58.35	55.83	58.54	52.24	51.14
339	48.81	51.28	51.79	47.22	47.64	55.37	52.06	53.21	52.74	50.69	61.36	52.81	60.75	57.27	56.13	58.16	55.68	58.35	52.06	50.98
340	48.69	51.16	51.64	47.10	47.54	55.28	51.95	53.12	52.65	50.57	61.24	52.68	60.66	57.13	56.02	58.03	55.55	58.23	51.96	50.87
341	48.59	51.01	51.51	46.99	47.39	55.17	51.83	52.99	52.52	50.42	61.13	52.54	60.53	57.02	55.89	57.91	55.43	58.06	51.81	50.71
342	48.45	50.81	51.32	46.82	47.25	55.01	51.68	52.84	52.39	50.25	60.94	52.39	60.35	56.86	55.74	57.75	55.26	57.89	51.64	50.57
343	48.31	50.69	51.18	46.62	47.09	54.84	51.48	52.70	52.27	50.09	60.82	52.27	60.14	56.71	55.60	57.54	55.09	57.71	51.49	50.40
344	48.17	50.59	51.05	46.43	46.92	54.66	51.31	52.54	52.04	49.93	60.61	52.16	60.06	56.56	55.44	57.41	54.94	57.56	51.30	50.23
345	48.06	50.47	50.94	46.29	46.81	54.55	51.20	52.41	51.92	49.83	60.50	52.04	59.92	56.43	55.37	57.29	54.83	57.47	51.14	50.10
	47.89	50.29	50.76	46.11	46.64	54.40	51.09	52.27	51.78	49.70		51.89		56.28	55.24	57.12	54.70	57.29	51.02	49.95
