74.10
73.86
73.64
73.43
73.22
72.84
72.50
72.21
71.89
71.55
71.21
70.89
70.51
70.16
69.84
69.49
69.15
68.93
68.68
68.48
68.28
68.06
67.85
67.54
67.14
66.94
66.67
66.41
66.10
65.76
65.55
65.36
65.03
64.74
64.43
64.11
63.77
63.58
63.30
63.10
62.72
62.44
62.10
61.80
61.45
61.22
60.98
60.58
60.30
59.98
59.70
59.50
59.29
59.07
58.77
58.48
58.18
57.98
57.73
57.41
57.19
56.99
56.75
56.55
56.32
56.12
55.89
55.69
55.41
55.14
54.83
54.62
54.42
54.10
53.85
53.52
53.26
53.02
52.70
52.51
52.16
51.94
51.70
51.27
51.07
50.78
50.58
50.27
50.04
49.73
49.49
49.19
48.89
48.61
48.29
48.12
47.85
47.52
47.26
46.96
46.59
46.26
46.00
45.69
45.39
45.05
44.74
44.44
44.14
43.80
43.48
43.05
42.73
42.40
42.08
41.75
41.42
41.01
40.68
40.38
40.05
39.79
39.43
39.09
38.68
38.34
38.10
37.71
37.48
37.13
36.78
36.43
36.10
35.77
35.58
35.19
34.76
34.53
34.14
33.93
33.46
33.25
33.01
32.82
32.61
32.41
32.18
31.99
31.99
31.87
31.76
31.66
31.52
31.34
31.16
31.01
30.87
30.78
30.68
30.54
30.43
30.28
30.17
30.10
29.99
29.84
29.66
29.56
29.37
29.24
29.12
28.98
28.85
28.73
28.62
28.51
28.40
28.25
28.10
28.00
27.87
27.75
27.62
27.49
27.35
27.18
27.08
26.95
26.85
26.72
26.63
26.49
26.38
26.20
26.11
25.96
25.82
25.71
25.58
25.46
25.35
25.20
25.09
24.96
24.85
24.74
24.62
24.48
24.36
24.25
24.16
24.06
23.95
23.82
23.72
23.59
23.41
23.31
23.20
23.09
22.98
22.81
22.68
22.51
22.39
22.30
22.16
22.00
21.85
21.72
21.58
21.50
21.39
21.25
21.13
21.03
20.91
20.77
20.67
20.56
20.43
20.34
20.20
20.11
20.01
19.90
19.78
19.56
19.45
19.33
19.19
19.09
