71.71
71.50
71.29
71.02
70.82
70.48
70.17
69.84
69.57
69.24
68.96
68.65
68.24
67.93
67.62
67.25
66.92
66.72
66.47
66.27
66.07
65.81
65.60
65.21
64.88
64.56
64.24
63.92
63.57
63.16
62.96
62.76
62.46
62.12
61.79
61.49
61.49
61.29
61.18
61.03
60.91
60.82
60.61
60.38
60.19
60.02
59.83
59.72
59.46
59.23
59.03
58.77
58.57
58.47
58.35
58.13
57.81
57.59
57.49
57.34
57.22
56.98
56.86
56.70
56.55
56.39
56.29
56.15
56.05
55.92
55.76
55.51
55.40
55.28
55.02
54.87
54.57
54.43
54.28
54.08
53.96
53.75
53.64
53.53
53.26
53.13
52.87
52.74
52.60
52.50
52.33
52.23
52.01
51.83
51.67
51.48
51.36
51.23
51.04
50.90
50.66
50.49
50.31
50.09
49.84
49.62
49.38
49.19
49.01
48.82
48.53
48.27
47.95
47.77
47.59
47.38
47.11
46.91
46.65
46.42
46.20
46.01
45.79
45.59
45.39
45.23
44.98
44.73
44.62
44.40
44.30
44.08
43.90
43.70
43.46
43.30
43.17
42.97
42.75
42.64
42.42
42.31
42.09
41.98
41.89
41.78
41.68
41.53
41.43
41.23
41.13
41.01
40.85
40.68
40.56
40.40
40.30
40.15
40.02
39.89
39.78
39.63
39.48
39.38
39.26
39.10
38.86
38.77
38.68
38.55
38.40
38.22
38.10
38.01
37.88
37.74
37.62
37.47
37.35
37.25
37.14
37.01
36.90
36.78
36.68
36.59
36.45
36.33
36.21
36.06
35.92
35.78
35.67
35.60
35.48
35.33
35.22
35.13
34.97
34.83
34.66
34.51
34.41
34.30
34.13
34.02
33.87
33.76
33.65
33.51
33.41
33.25
33.15
33.03
32.92
32.81
32.68
32.57
32.42
32.29
32.19
32.01
31.86
31.75
31.63
31.51
31.39
31.26
31.08
30.99
30.81
30.70
30.60
30.49
30.37
30.28
30.10
29.95
29.85
29.71
29.58
29.49
29.39
29.25
29.12
28.92
28.83
28.72
28.60
28.52
28.40
28.32
