73.52
73.29
73.11
72.89
72.68
72.31
71.97
71.67
71.43
71.06
70.74
70.42
70.05
69.72
69.42
69.13
68.80
68.60
68.36
68.14
67.95
67.72
67.49
67.17
66.92
66.62
66.29
66.00
65.66
65.36
65.16
64.97
64.68
64.41
64.10
63.74
63.39
63.19
62.99
62.80
62.59
62.30
62.00
61.70
61.39
61.07
60.86
60.51
60.17
59.90
59.57
59.25
59.05
58.87
58.56
58.30
58.01
57.81
57.56
57.34
57.04
56.84
56.60
56.38
56.13
55.92
55.68
55.47
55.19
54.87
54.65
54.41
54.10
53.89
53.57
53.33
53.09
52.77
52.55
52.24
52.00
51.80
51.49
51.25
50.95
50.74
50.42
50.21
49.88
49.60
49.32
48.95
48.61
48.42
48.10
47.91
47.65
47.35
47.09
46.77
46.38
46.08
45.75
45.44
45.10
44.78
44.48
44.14
43.70
43.35
43.03
42.76
42.76
42.64
42.26
41.94
41.77
41.51
41.12
40.81
40.52
40.19
39.85
39.57
39.24
38.95
38.62
38.50
38.23
38.09
37.77
37.44
37.11
36.83
36.68
36.48
36.30
36.09
35.80
35.72
35.47
35.34
35.12
35.03
34.91
34.79
34.68
34.55
34.44
34.26
34.16
34.06
33.91
33.70
33.58
33.47
33.33
33.22
33.10
32.95
32.86
32.74
32.62
32.46
32.33
32.17
31.98
31.88
31.73
31.62
31.49
31.33
31.19
31.10
30.95
30.80
30.68
30.52
30.39
30.20
30.10
29.96
29.84
29.76
29.66
29.53
29.44
29.33
29.21
29.06
28.92
28.81
28.71
28.60
28.49
28.35
28.19
28.10
27.95
27.81
27.68
27.51
27.40
27.29
27.18
27.06
26.94
26.83
26.72
26.63
26.43
26.34
26.25
26.17
26.05
25.93
25.79
25.63
25.52
25.39
25.29
25.13
25.02
24.87
24.74
24.62
24.44
24.32
24.18
24.05
23.90
23.80
23.69
23.58
23.41
23.29
23.16
23.00
22.90
22.79
22.62
22.52
22.40
22.29
22.20
22.11
21.99
21.83
21.72
21.63
21.53
21.44
