72.57
72.34
72.13
71.89
71.66
71.33
71.08
70.78
70.48
70.13
69.82
69.47
69.14
68.76
68.48
68.15
67.86
67.65
67.39
67.13
66.92
66.70
66.47
66.14
65.87
65.55
65.29
65.01
64.68
64.34
64.12
63.87
63.54
63.26
62.96
62.68
62.37
62.15
61.93
61.71
61.51
61.22
60.95
60.62
60.37
60.03
59.85
59.51
59.21
58.93
58.60
58.33
58.13
57.93
57.60
57.33
57.02
56.82
56.58
56.38
56.10
55.90
55.62
55.41
55.17
54.97
54.73
54.50
54.16
53.94
53.62
53.37
53.15
52.80
52.58
52.22
51.94
51.70
51.42
51.20
50.83
50.61
50.32
49.96
49.63
49.36
49.12
48.85
48.65
48.39
48.19
47.87
47.59
47.29
46.96
46.73
46.49
46.18
45.91
45.60
45.29
45.01
44.67
44.32
44.00
44.00
43.79
43.61
43.35
43.18
42.92
42.68
42.33
42.11
41.86
41.63
41.41
41.16
40.94
40.74
40.56
40.36
40.11
39.88
39.69
39.41
39.14
38.96
38.79
38.56
38.43
38.20
38.01
37.79
37.57
37.37
37.25
37.06
36.82
36.71
36.52
36.41
36.19
36.09
35.97
35.86
35.74
35.62
35.49
35.32
35.22
35.13
35.00
34.80
34.69
34.54
34.32
34.20
34.08
33.93
33.81
33.66
33.54
33.41
33.29
33.12
32.97
32.87
32.73
32.63
32.53
32.34
32.23
32.13
32.01
31.90
31.81
31.71
31.62
31.48
31.36
31.21
31.08
30.98
30.89
30.77
30.63
30.51
30.40
30.25
30.14
29.97
29.89
29.76
29.62
29.48
29.33
29.21
29.11
29.01
28.90
28.72
28.61
28.52
28.40
28.29
28.17
28.04
27.93
27.81
27.67
27.50
27.38
27.29
27.20
27.07
26.95
26.83
26.73
26.63
26.50
26.33
26.22
26.06
25.94
25.84
25.74
25.63
25.48
25.39
25.24
25.15
25.04
24.87
24.73
24.61
24.52
24.34
24.25
24.12
24.01
23.88
23.73
23.59
23.49
23.40
23.28
23.18
23.06
22.94
22.80
22.67
