72.24
72.00
71.79
71.53
71.15
70.74
70.40
70.04
69.62
69.24
68.84
68.61
68.25
67.92
67.61
67.28
66.95
66.71
66.45
66.24
66.05
65.80
65.49
65.27
64.83
64.45
64.23
63.93
63.44
63.20
62.99
62.77
62.42
62.11
61.75
61.40
61.11
60.91
60.68
60.49
60.27
60.01
59.73
59.40
59.07
58.78
58.58
58.26
57.94
57.65
57.34
57.05
56.82
56.59
56.27
55.98
55.67
55.47
55.21
55.02
54.73
54.54
54.33
54.15
53.88
53.67
53.47
53.23
53.23
53.11
52.99
52.74
52.59
52.50
52.28
52.17
51.94
51.76
51.62
51.38
51.27
51.03
50.94
50.79
50.48
50.28
50.10
49.98
49.77
49.65
49.50
49.39
49.20
49.01
48.83
48.60
48.47
48.33
48.12
47.97
47.74
47.52
47.33
47.10
46.79
46.61
46.39
46.18
46.01
45.81
45.61
45.35
45.12
44.87
44.65
44.44
44.25
43.99
43.75
43.53
43.31
43.12
42.90
42.71
42.50
42.29
42.02
41.79
41.62
41.41
41.30
41.09
40.94
40.70
40.52
40.33
40.16
39.93
39.72
39.61
39.37
39.25
39.02
38.89
38.77
38.66
38.57
38.43
38.33
38.12
38.02
37.91
37.78
37.58
37.48
37.33
37.21
37.10
36.95
36.78
36.66
36.56
36.43
36.31
36.21
36.06
35.90
35.82
35.69
35.58
35.44
35.24
35.14
35.04
34.90
34.79
34.68
34.60
34.51
34.38
34.28
34.16
33.97
33.83
33.70
33.56
33.43
33.33
33.20
33.06
32.91
32.74
32.61
32.50
32.39
32.26
32.12
32.03
31.92
31.79
31.63
31.50
31.41
31.28
31.12
31.00
30.89
30.78
30.64
30.54
30.39
30.27
30.14
30.06
29.93
29.81
29.69
29.58
29.49
29.35
29.21
29.02
28.92
28.78
28.67
28.56
28.37
28.23
28.06
27.97
27.85
27.76
27.65
27.54
27.42
27.27
27.13
27.01
26.91
26.76
26.55
26.47
26.36
26.26
26.12
26.04
25.91
25.71
25.56
25.45
25.32
25.22
