73.08
72.88
72.60
72.33
72.11
71.76
71.41
71.11
70.85
70.47
70.19
69.88
69.55
69.19
68.85
68.53
68.19
68.01
67.77
67.56
67.35
67.13
66.87
66.55
66.24
65.90
65.55
65.27
64.98
64.62
64.43
64.23
63.94
63.62
63.28
62.98
62.66
62.43
62.19
61.97
61.75
61.42
61.11
60.79
60.50
60.22
60.03
59.76
59.45
59.14
58.84
58.52
58.33
58.11
57.78
57.51
57.24
57.05
56.80
56.60
56.33
56.14
55.88
55.70
55.46
55.27
55.03
54.80
54.52
54.25
53.92
53.67
53.49
53.19
52.94
52.59
52.32
52.11
51.78
51.57
51.20
50.98
50.77
50.38
50.15
49.81
49.59
49.29
49.07
48.77
48.54
48.27
47.92
47.63
47.33
47.11
46.82
46.52
46.24
45.96
45.57
45.23
44.95
44.63
44.31
43.95
43.63
43.29
43.00
42.70
42.38
42.06
41.76
41.45
41.14
40.81
40.50
40.18
39.89
39.58
39.58
39.44
39.19
38.94
38.72
38.52
38.29
38.08
37.93
37.71
37.58
37.36
37.15
36.90
36.71
36.52
36.32
36.18
35.97
35.88
35.66
35.54
35.34
35.22
35.08
34.98
34.87
34.72
34.60
34.44
34.35
34.26
34.12
33.95
33.81
33.68
33.53
33.39
33.24
33.08
32.91
32.77
32.63
32.55
32.46
32.31
32.13
31.99
31.87
31.75
31.65
31.50
31.36
31.28
31.16
31.04
30.95
30.79
30.68
30.54
30.41
30.26
30.13
30.04
29.95
29.81
29.70
29.58
29.47
29.30
29.21
29.09
28.98
28.85
28.74
28.59
28.46
28.33
28.25
28.13
27.98
27.83
27.74
27.64
27.55
27.44
27.29
27.17
27.09
26.97
26.83
26.63
26.50
26.39
26.26
26.15
26.05
25.88
25.74
25.65
25.52
25.35
25.22
25.08
24.95
24.84
24.72
24.53
24.38
24.27
24.14
24.05
23.93
23.80
23.69
23.57
23.43
23.20
23.07
22.98
22.86
22.77
22.67
22.55
22.44
22.34
22.23
22.05
21.93
21.79
21.62
21.49
