72.55
72.34
72.11
71.92
71.67
71.35
71.02
70.75
70.46
70.03
69.81
69.21
68.85
68.59
68.27
67.92
67.62
67.38
67.15
66.95
66.72
66.48
66.25
65.90
65.54
65.33
65.05
64.71
64.39
64.10
63.92
63.72
63.39
63.05
62.70
62.44
62.16
61.93
61.71
61.51
61.31
60.98
60.69
60.35
60.07
59.79
59.57
59.24
58.94
58.64
58.26
57.90
57.69
57.47
57.12
56.82
56.49
56.26
56.02
55.79
55.47
55.26
55.00
54.74
54.48
54.28
54.06
53.84
53.57
53.34
52.97
52.68
52.46
52.12
51.89
51.57
51.33
51.10
50.80
50.57
50.20
50.00
49.80
49.53
49.26
48.95
48.74
48.51
48.31
47.99
47.75
47.46
47.14
46.85
46.53
46.31
46.04
45.70
45.70
45.58
45.37
45.07
44.84
44.64
44.41
44.14
43.95
43.70
43.52
43.28
43.06
42.85
42.50
42.30
42.08
41.86
41.64
41.40
41.19
40.96
40.72
40.54
40.32
40.11
39.89
39.66
39.45
39.24
39.13
38.95
38.85
38.61
38.34
38.14
37.89
37.71
37.56
37.32
37.14
37.05
36.84
36.71
36.49
36.28
36.18
36.04
35.92
35.82
35.73
35.58
35.48
35.37
35.25
35.08
34.91
34.81
34.63
34.51
34.40
34.29
34.17
34.04
33.90
33.77
33.66
33.51
33.32
33.21
33.08
32.98
32.86
32.72
32.62
32.50
32.36
32.24
32.12
32.02
31.92
31.80
31.64
31.54
31.42
31.31
31.21
31.10
30.97
30.80
30.68
30.54
30.44
30.31
30.22
30.08
29.98
29.87
29.76
29.61
29.51
29.37
29.24
29.05
28.95
28.81
28.68
28.56
28.45
28.35
28.24
28.12
27.98
27.84
27.72
27.59
27.49
27.39
27.21
27.03
26.94
26.78
26.66
26.51
26.35
26.22
26.08
25.98
25.83
25.68
25.58
25.48
25.30
25.20
25.11
24.95
24.76
24.61
24.46
24.33
24.21
24.12
23.98
23.87
23.75
23.65
23.55
23.39
23.25
23.10
22.95
22.85
22.73
22.64
