73.36
73.16
72.95
72.74
72.52
72.13
71.81
71.43
71.11
70.77
70.46
70.15
69.79
69.49
69.16
68.79
68.48
68.28
67.98
67.78
67.57
67.34
67.11
66.73
66.49
66.14
65.84
65.58
65.25
64.96
64.74
64.54
64.25
63.95
63.68
63.36
62.98
62.78
62.54
62.29
62.08
61.81
61.51
61.21
60.89
60.54
60.34
60.04
59.71
59.40
59.09
58.79
58.59
58.39
58.04
57.77
57.48
57.27
57.04
56.81
56.52
56.32
56.08
55.87
55.57
55.36
55.12
54.87
54.59
54.33
54.05
53.78
53.56
53.23
52.98
52.65
52.40
52.17
51.90
51.72
51.36
51.15
50.93
50.61
50.38
50.10
49.92
49.62
49.42
49.10
48.80
48.58
48.25
47.89
47.68
47.46
47.10
46.89
46.57
46.20
45.88
45.62
45.32
44.96
44.72
44.38
44.06
43.75
43.39
43.18
42.90
42.50
42.13
41.78
41.47
41.09
40.80
40.46
40.13
39.81
39.51
39.22
38.88
38.56
38.23
37.91
37.57
37.37
37.06
36.83
36.53
36.26
35.93
35.65
35.39
35.39
35.29
35.08
34.85
34.70
34.46
34.33
34.11
34.00
33.88
33.75
33.64
33.53
33.38
33.21
33.11
32.98
32.84
32.66
32.54
32.40
32.23
32.10
31.94
31.80
31.67
31.58
31.45
31.33
31.22
31.06
30.89
30.80
30.60
30.50
30.36
30.19
30.08
29.95
29.84
29.73
29.64
29.49
29.35
29.25
29.11
28.97
28.87
28.76
28.62
28.50
28.38
28.24
28.14
27.98
27.90
27.77
27.66
27.55
27.44
27.29
27.15
27.04
26.95
26.82
26.67
26.58
26.45
26.38
26.28
26.16
26.04
25.93
25.81
25.70
25.58
25.47
25.34
25.19
25.09
24.99
24.88
24.68
24.59
24.48
24.34
24.20
24.06
23.90
23.77
23.65
23.47
23.37
23.20
23.06
22.91
22.81
22.69
22.56
22.44
22.31
22.18
22.04
21.90
21.78
21.62
21.51
21.39
21.30
21.18
21.05
20.93
20.73
20.62
20.50
20.36
20.26
