115.24
114.99
114.71
114.50
114.28
114.01
113.61
113.23
112.81
112.33
111.99
111.58
111.33
110.96
110.64
110.31
110.05
109.68
109.32
109.01
108.70
108.49
108.12
107.73
107.33
107.13
106.90
106.63
106.35
105.99
105.64
105.35
105.09
104.86
104.58
104.24
103.92
103.62
103.31
103.31
103.08
102.73
102.58
102.49
102.36
102.19
102.06
101.92
101.71
101.61
101.41
101.28
101.13
100.88
100.67
100.55
100.41
100.22
100.05
99.93
99.81
99.64
99.46
99.33
99.22
99.05
98.87
98.77
98.63
98.51
98.37
98.27
97.99
97.87
97.77
97.61
97.50
97.34
97.13
97.03
96.84
96.74
96.56
96.39
96.24
96.14
96.03
95.89
95.76
95.65
95.51
95.36
95.25
95.14
95.06
94.88
94.73
94.62
94.40
94.32
94.09
93.97
93.77
93.60
93.43
93.34
93.14
92.89
92.67
92.42
92.18
92.06
91.93
91.77
91.66
91.54
91.32
91.15
90.87
90.68
90.53
90.40
90.23
89.98
89.84
89.68
89.41
89.31
89.18
88.91
88.79
88.65
88.54
88.42
88.27
88.16
87.99
87.77
87.61
87.47
87.30
87.05
86.91
86.80
86.60
86.44
86.32
86.15
86.01
85.88
85.75
85.58
85.46
85.33
