115.50
115.25
115.02
114.77
114.56
114.19
113.92
113.59
113.25
112.84
112.42
112.03
111.64
111.28
110.93
110.60
110.28
109.89
109.52
109.21
108.93
108.72
108.39
107.97
107.64
107.45
107.23
106.91
106.63
106.33
106.06
106.06
105.91
105.74
105.38
105.02
104.67
104.37
104.03
103.74
103.45
103.21
103.00
102.84
102.75
102.64
102.55
102.21
102.12
101.82
101.68
101.55
101.42
101.26
101.12
101.01
100.88
100.71
100.57
100.42
100.34
100.19
100.01
99.87
99.78
99.57
99.39
99.27
99.10
98.99
98.86
98.76
98.45
98.33
98.23
98.08
97.95
97.81
97.62
97.49
97.31
97.13
96.96
96.86
96.73
96.62
96.46
96.37
96.21
96.07
95.94
95.82
95.71
95.60
95.49
95.27
95.19
95.06
94.89
94.78
94.54
94.38
94.18
93.95
93.73
93.61
93.42
93.25
92.95
92.70
92.53
92.40
92.26
92.07
91.97
91.86
91.65
91.43
91.15
90.92
90.72
90.59
90.39
90.15
90.00
89.78
89.48
89.35
89.25
89.01
88.85
88.73
88.62
88.37
88.24
88.09
87.91
87.64
87.50
87.38
87.13
86.95
86.81
86.70
86.54
86.41
86.28
86.13
86.00
85.90
85.76
85.61
85.50
85.40
