115.78
115.52
115.22
114.97
114.74
114.44
114.12
113.86
113.52
113.18
112.60
112.18
111.78
111.39
111.19
110.83
110.34
110.08
109.76
109.44
109.13
108.89
108.47
108.12
107.78
107.57
107.29
107.09
106.78
106.46
106.19
105.86
105.64
105.42
105.13
104.83
104.49
104.18
103.83
103.47
103.03
102.74
102.52
102.28
102.02
101.82
101.44
101.21
100.88
100.65
100.42
100.21
99.93
99.68
99.47
99.20
98.94
98.70
98.46
98.22
97.93
97.68
97.45
97.26
96.98
96.71
96.50
96.23
95.97
95.73
95.50
95.12
94.92
94.71
94.49
94.29
94.06
93.79
93.54
93.24
92.97
92.71
92.48
92.28
92.03
91.80
91.56
91.29
91.05
90.82
90.57
90.35
90.13
89.93
89.64
89.43
89.21
88.93
88.70
88.32
88.09
87.76
87.42
87.18
86.95
86.60
86.27
85.87
85.55
85.26
85.04
84.76
84.52
84.31
84.04
83.74
83.45
83.10
83.10
82.95
82.75
82.60
82.39
82.16
82.01
81.79
81.51
81.39
81.27
81.06
80.94
80.81
80.66
80.52
80.40
80.25
80.09
79.89
79.73
79.57
79.35
79.12
78.97
78.83
78.69
78.51
78.31
78.19
78.02
77.93
77.82
77.71
77.59
77.48
