114.61
114.39
114.14
113.91
113.49
113.26
112.90
112.51
112.10
111.63
111.28
110.84
110.49
110.49
110.40
110.19
109.99
109.83
109.56
109.33
109.11
108.94
108.82
108.57
108.28
108.06
107.93
107.73
107.57
107.32
107.12
106.92
106.73
106.61
106.47
106.28
105.97
105.71
105.47
105.27
105.02
104.70
104.55
104.42
104.27
104.13
103.98
103.83
103.62
103.50
103.31
103.22
103.10
102.87
102.67
102.58
102.47
102.33
102.18
102.04
101.86
101.72
101.60
101.48
101.35
101.18
100.92
100.78
100.68
100.49
100.34
100.24
100.01
99.88
99.73
99.59
99.46
99.30
99.10
98.94
98.78
98.64
98.50
98.32
98.21
98.07
97.93
97.81
97.64
97.48
97.33
97.17
97.04
96.94
96.84
96.70
96.58
96.47
96.27
96.16
95.97
95.83
95.55
95.34
95.16
95.06
94.84
94.65
94.34
94.01
93.83
93.68
93.58
93.40
93.28
93.14
92.84
92.65
92.38
92.14
91.92
91.76
91.60
91.40
91.29
91.06
90.85
90.73
90.62
90.42
90.28
90.17
90.02
89.90
89.74
89.55
89.38
89.23
89.03
88.85
88.70
88.50
88.35
88.25
88.09
87.98
87.85
87.68
87.52
87.38
87.28
87.17
87.04
