116.29
116.07
115.84
115.60
115.39
115.11
114.90
114.51
114.18
113.77
113.28
112.91
112.65
112.36
111.97
111.77
111.48
111.15
110.71
110.39
110.18
109.79
109.49
109.10
108.86
108.68
108.41
108.12
107.83
107.51
107.24
106.91
106.68
106.44
106.20
105.89
105.56
105.22
104.92
104.53
104.11
103.80
103.54
103.36
103.05
102.84
102.63
102.35
102.14
101.84
101.61
101.40
101.07
100.82
100.60
100.37
100.17
99.92
99.67
99.43
99.19
98.94
98.70
98.50
98.22
97.82
97.61
97.38
97.17
96.90
96.56
96.35
96.15
95.94
95.71
95.49
95.23
94.98
94.77
94.51
94.27
94.01
93.74
93.50
93.28
93.03
92.84
92.59
92.34
92.11
91.83
91.61
91.37
91.18
90.87
90.67
90.44
90.16
89.96
89.62
89.38
89.04
88.69
88.38
88.20
87.90
87.57
87.20
86.86
86.54
86.32
86.03
85.75
85.52
85.29
84.96
84.64
84.32
83.96
83.69
83.21
82.82
82.59
82.15
81.76
81.49
81.26
80.86
80.66
80.40
80.19
79.96
79.69
79.45
79.23
78.91
78.66
78.66
78.57
78.41
78.24
78.02
77.91
77.75
77.57
77.41
77.27
77.18
76.99
76.86
76.73
76.58
76.42
76.31
