115.72
115.54
115.28
115.00
114.78
114.43
114.16
113.85
113.51
113.06
112.63
112.23
111.87
111.52
111.18
110.88
110.60
110.28
109.98
109.50
109.31
108.93
108.46
108.19
107.88
107.66
107.36
107.03
106.73
106.41
106.15
105.80
105.56
105.36
105.13
104.76
104.42
104.13
103.81
103.41
102.99
102.66
102.44
102.19
101.89
101.68
101.44
101.14
100.92
100.64
100.43
100.21
99.98
99.67
99.49
99.29
99.03
98.73
98.49
98.25
98.02
97.72
97.50
97.31
97.03
96.73
96.50
96.29
96.03
95.78
95.58
95.31
95.09
94.89
94.62
94.39
94.13
93.89
93.66
93.39
93.17
92.91
92.69
92.43
92.21
91.99
91.76
91.52
91.30
91.05
90.81
90.58
90.34
90.15
89.89
89.69
89.49
89.25
89.06
88.72
88.50
88.18
87.85
87.61
87.38
87.07
86.74
86.40
86.40
86.25
86.06
85.91
85.69
85.55
85.46
85.08
84.74
84.44
84.10
83.78
83.65
83.46
83.27
83.11
82.99
82.78
82.49
82.38
82.26
82.06
81.91
81.80
81.71
81.54
81.42
81.29
81.11
80.96
80.80
80.60
80.43
80.23
80.10
79.98
79.87
79.71
79.60
79.46
79.32
79.22
79.11
78.98
78.88
78.75
