116.55
116.32
116.06
115.83
115.58
115.25
114.86
114.56
114.23
113.86
113.44
113.09
112.67
112.42
112.09
111.75
111.43
111.10
110.82
110.48
110.13
109.90
109.57
109.22
108.87
108.64
108.43
108.14
107.85
107.51
107.21
106.91
106.72
106.52
106.22
105.85
105.52
105.17
104.88
104.49
104.08
103.83
103.61
103.38
103.11
102.91
102.70
102.43
102.23
101.90
101.67
101.48
101.14
100.90
100.70
100.48
100.25
99.96
99.71
99.41
99.12
98.83
98.64
98.41
98.05
97.77
97.53
97.25
97.02
96.78
96.55
96.23
96.01
95.76
95.52
95.28
95.01
94.77
94.51
94.22
93.93
93.66
93.44
93.19
93.00
92.75
92.53
92.29
92.04
91.81
91.53
91.31
91.07
90.86
90.86
90.76
90.65
90.50
90.33
90.21
90.02
89.90
89.65
89.47
89.33
89.20
88.98
88.77
88.55
88.29
88.15
87.96
87.84
87.70
87.54
87.43
87.17
86.95
86.71
86.51
86.35
86.21
85.98
85.75
85.63
85.45
85.24
85.12
85.01
84.77
84.61
84.51
84.37
84.25
84.11
83.99
83.79
83.61
83.43
83.25
83.06
82.86
82.72
82.61
82.39
82.25
82.12
82.04
81.90
81.79
81.66
81.51
81.40
81.29
