117.06
116.86
116.59
116.34
116.12
115.80
115.56
115.23
114.87
114.34
113.94
113.59
113.21
112.95
112.58
112.25
111.99
111.68
111.37
111.02
110.69
110.48
110.11
109.70
109.36
109.14
108.90
108.64
108.30
108.03
107.73
107.36
107.16
106.96
106.72
106.33
105.97
105.61
105.33
105.01
104.56
104.28
104.10
103.89
103.64
103.43
103.21
102.89
102.70
102.44
102.21
101.99
101.77
101.51
101.30
101.09
100.87
100.64
100.41
100.18
99.92
99.67
99.40
99.20
98.93
98.65
98.42
98.19
97.99
97.77
97.56
97.23
97.02
96.76
96.53
96.31
96.09
95.84
95.63
95.39
95.12
94.88
94.64
94.40
94.16
93.95
93.74
93.49
93.25
93.04
92.80
92.55
92.29
92.09
91.83
91.57
91.32
91.01
90.65
90.45
90.06
89.66
89.39
89.08
88.72
88.31
87.84
87.46
87.24
86.98
86.73
86.73
86.63
86.47
86.32
86.23
85.97
85.78
85.57
85.35
85.20
85.08
84.89
84.70
84.56
84.39
84.18
84.07
83.96
83.70
83.56
83.40
83.26
83.09
82.94
82.77
82.58
82.40
82.23
82.05
81.85
81.63
81.53
81.41
81.29
81.15
81.00
80.92
80.72
80.59
80.44
80.23
80.11
79.98
