116.89
116.67
116.41
116.17
115.95
115.66
115.44
115.08
114.77
114.29
113.84
113.44
113.11
112.73
112.35
111.97
111.65
111.25
110.87
110.67
110.36
110.13
109.75
109.35
108.98
108.78
108.48
108.17
107.88
107.60
107.32
106.98
106.72
106.52
106.28
105.95
105.55
105.22
104.93
104.54
104.21
103.89
103.64
103.45
103.18
102.95
102.71
102.41
102.20
101.90
101.69
101.46
101.15
100.92
100.72
100.49
100.27
99.98
99.73
99.51
99.29
99.03
98.78
98.57
98.29
97.98
97.75
97.48
97.28
97.05
96.86
96.49
96.29
96.05
95.81
95.60
95.38
95.11
94.87
94.60
94.33
94.11
93.86
93.58
93.37
93.15
92.90
92.66
92.42
92.19
91.94
91.73
91.52
91.31
91.02
90.82
90.58
90.26
90.06
89.80
89.55
89.25
88.93
88.72
88.54
88.25
87.92
87.53
87.19
86.88
86.65
86.42
86.17
85.96
85.68
85.68
85.49
85.31
85.08
84.88
84.70
84.58
84.38
84.16
84.01
83.79
83.54
83.43
83.30
83.05
82.89
82.80
82.64
82.49
82.31
82.14
81.97
81.78
81.65
81.54
81.35
81.14
81.00
80.87
80.69
80.57
80.45
80.34
80.15
80.05
79.89
79.75
79.63
79.48
