115.85
115.59
115.22
114.99
114.75
114.39
114.16
113.81
113.43
113.11
112.69
112.37
111.97
111.60
111.30
110.97
110.67
110.32
110.05
109.66
109.29
109.05
108.70
108.28
107.90
107.68
107.46
107.02
106.62
106.23
105.81
105.58
105.37
105.16
104.90
104.55
104.25
103.95
103.63
103.22
102.83
102.56
102.28
102.10
101.82
101.63
101.39
101.12
100.86
100.57
100.32
100.10
99.77
99.53
99.32
99.11
98.95
98.66
98.42
98.16
97.91
97.69
97.44
97.23
96.89
96.56
96.35
96.06
95.83
95.60
95.38
95.07
94.84
94.63
94.38
94.13
93.88
93.62
93.37
93.09
92.81
92.60
92.33
92.09
91.86
91.62
91.39
91.15
90.87
90.63
90.37
90.15
89.93
89.71
89.44
89.25
89.02
88.78
88.54
88.23
88.02
87.65
87.35
87.05
86.79
86.49
86.15
85.74
85.74
85.57
85.41
85.30
85.14
85.01
84.85
84.62
84.34
84.14
83.95
83.73
83.55
83.15
82.83
82.69
82.35
81.99
81.88
81.78
81.42
81.30
81.16
81.07
80.93
80.73
80.59
80.44
80.27
80.13
79.93
79.74
79.53
79.36
79.19
79.04
78.89
78.74
78.61
78.45
78.31
78.18
78.04
77.89
77.77
77.66
