114.86
114.57
114.23
113.98
113.76
113.51
113.08
112.76
112.36
111.93
111.93
111.50
111.12
110.74
110.46
110.10
109.76
109.45
109.08
108.75
108.64
108.46
108.33
108.01
107.79
107.47
107.36
107.14
106.96
106.76
106.60
106.40
106.10
105.96
105.84
105.69
105.46
105.27
105.04
104.83
104.59
104.28
104.08
103.95
103.80
103.63
103.54
103.40
103.19
103.08
102.93
102.81
102.67
102.48
102.35
102.25
102.12
101.96
101.78
101.64
101.56
101.40
101.28
101.12
101.01
100.82
100.66
100.52
100.38
100.24
100.08
99.95
99.77
99.68
99.55
99.39
99.27
99.13
98.97
98.83
98.67
98.55
98.42
98.29
98.14
98.03
97.92
97.74
97.61
97.46
97.32
97.20
97.10
96.99
96.89
96.72
96.60
96.44
96.24
96.08
95.83
95.71
95.51
95.30
95.13
94.97
94.76
94.55
94.29
94.07
93.96
93.80
93.63
93.44
93.32
93.16
92.90
92.71
92.47
92.24
92.07
91.93
91.77
91.57
91.41
91.16
90.89
90.78
90.62
90.29
90.17
90.02
89.92
89.78
89.64
89.45
89.27
89.14
88.96
88.82
88.58
88.48
88.32
88.17
87.97
87.83
87.69
87.58
87.43
87.31
87.19
87.00
86.89
86.77
