116.41
116.18
115.91
115.66
115.44
115.12
114.89
114.56
114.17
113.77
113.36
112.96
112.59
112.21
111.73
111.53
111.26
110.94
110.69
110.24
110.04
109.83
109.33
108.83
108.64
108.44
108.16
107.93
107.63
107.34
107.08
106.77
106.54
106.31
106.09
105.75
105.41
105.08
104.80
104.47
104.01
103.75
103.52
103.31
103.05
102.86
102.63
102.33
102.09
101.85
101.65
101.44
101.17
100.88
100.65
100.45
100.21
99.95
99.73
99.45
99.19
98.94
98.71
98.52
98.19
97.96
97.73
97.51
97.32
97.07
96.84
96.53
96.32
96.09
95.83
95.61
95.34
95.06
94.84
94.57
94.32
94.09
93.85
93.61
93.36
93.12
92.86
92.59
92.34
92.07
91.83
91.58
91.31
91.10
90.88
90.65
90.42
90.15
89.90
89.57
89.36
89.00
88.69
88.43
88.20
87.90
87.61
87.26
86.93
86.66
86.43
86.24
85.95
85.71
85.30
84.89
84.51
84.09
83.65
83.44
83.21
82.93
82.61
82.35
81.98
81.67
81.45
81.26
80.87
80.69
80.48
80.27
80.01
79.76
79.47
79.47
79.36
79.20
79.06
78.82
78.68
78.43
78.30
78.18
77.98
77.85
77.72
77.58
77.45
77.31
77.19
77.05
76.96
76.82
