1	1	1	1	1	1	1	1	1	1	1	1	1	1	1	1	1	1	1	1	1
2	2	2	2	2	2	2	2	2	2	2	2	2	2	2	2	2	2	2	2	2
3	3	3	3	3	3	3	3	3	3	3	3	3	3	3	3	3	3	3	3	3
4	4	4	4	4	4	4	4	4	4	4	4	4	4	4	4	4	4	4	4	4
5	5	4	5	5	5	5	5	5	5	5	5	5	5	5	5	5	5	5	5	5
6	6	5	6	6	6	6	6	6	6	6	6	6	6	6	6	6	6	6	6	6
7	7	5	7	7	7	6	7	7	7	7	7	7	7	7	7	7	7	7	7	6
8	8	5	8	8	8	6	8	8	8	8	8	8	8	8	8	8	8	8	8	6
9	9	5	9	9	9	6	9	9	9	9	9	9	9	9	9	9	9	9	9	6
10	10	5	10	9	10	6	10	10	9	10	10	9	10	10	10	10	10	10	10	6
11	11	5	11	9	11	6	11	11	9	11	11	9	10	11	11	11	11	11	11	7
12	12	5	12	9	12	6	12	12	9	12	12	9	10	12	12	12	12	12	12	8
13	13	5	13	9	13	7	13	13	9	13	13	9	10	13	13	13	13	13	13	9
14	14	6	14	9	14	8	14	14	9	14	13	10	10	14	14	14	14	14	14	10
16	15	7	15	9	15	9	15	15	10	15	13	11	10	14	15	15	15	15	15	11
17	16	8	16	10	16	10	16	16	11	16	13	12	10	14	16	16	16	16	16	12
18	17	9	17	11	17	11	17	17	11	17	13	13	10	14	17	16	17	17	17	13
19	18	10	18	12	18	12	18	18	12	18	13	14	10	14	18	16	18	18	18	14
20	19	11	19	13	19	13	19	19	13	19	13	15	10	14	19	16	19	19	19	15
21	20	12	20	13	20	14	20	20	14	20	13	16	10	14	20	16	20	20	20	16
22	21	13	21	14	21	15	21	21	15	21	13	17	10	14	21	16	21	21	21	17
23	22	14	22	15	22	16	22	22	16	22	13	18	10	14	22	16	22	22	22	18
24	23	15	23	15	23	17	23	23	17	23	13	19	10	14	23	16	23	23	23	19
25	24	16	24	15	24	18	24	24	18	24	13	20	10	14	24	16	24	24	24	20
26	25	17	25	16	25	19	25	25	19	25	13	21	10	14	25	16	25	25	25	21
27	26	18	26	17	26	20	26	26	20	26	13	22	10	14	26	16	26	26	26	22
28	27	19	27	18	27	21	27	27	21	27	13	23	10	14	27	16	27	27	27	23
29	28	20	28	19	28	22	28	27	22	28	13	24	10	14	28	16	28	28	28	24
30	29	21	29	20	29	23	29	27	23	29	13	25	10	14	29	16	29	29	29	25
31	30	22	30	21	30	24	30	27	24	30	13	26	10	14	30	16	30	30	30	26
32	31	23	31	22	31	25	31	27	25	31	13	27	10	14	31	16	31	31	31	27
33	32	24	32	23	32	26	32	28	26	32	13	28	10	14	32	16	32	31	32	28
34	33	25	33	24	33	27	33	29	27	33	13	29	10	14	33	16	33	31	33	29
35	34	26	34	25	34	28	34	30	28	34	13	30	10	14	34	16	34	31	34	30
36	35	27	35	26	35	29	35	31	29	35	13	31	10	14	35	16	35	31	35	31
37	36	28	36	27	36	30	36	32	30	36	13	32	10	14	36	16	36	31	36	32
38	37	29	37	28	37	31	37	33	30	37	13	33	10	14	37	16	37	31	37	33
39	38	30	38	29	38	32	38	34	30	38	13	34	10	14	38	16	38	31	38	34
40	39	31	39	30	39	33	39	35	30	39	13	35	10	14	39	16	39	31	39	35
41	40	32	40	31	40	34	40	36	30	40	13	36	10	14	40	16	39	31	40	36
42	41	33	41	32	41	35	41	37	31	41	13	37	10	14	41	16	39	31	41	37
43	42	34	42	33	42	36	42	38	32	42	13	38	10	14	42	16	39	31	42	38
44	43	35	43	34	43	37	43	39	33	43	13	39	10	14	43	16	39	31	43	39
45	44	36	44	35	44	38	44	40	34	44	13	40	10	14	44	16	39	31	44	40
46	45	37	45	36	45	39	45	41	35	45	13	41	10	14	45	16	39	31	45	41
47	46	38	46	37	46	40	46	42	36	46	13	42	10	14	46	16	39	31	46	42
48	47	39	47	38	47	41	47	43	37	47	13	43	10	14	47	16	39	31	47	43
49	48	40	48	39	48	42	48	44	38	48	13	44	10	14	48	16	39	31	48	44
50	49	41	49	40	49	43	49	45	39	49	13	45	10	14	49	16	39	31	49	45
51	50	42	50	41	50	44	50	46	40	50	13	46	10	14	49	16	39	31	50	46
52	51	43	51	42	51	45	51	47	41	51	13	47	10	14	49	16	39	31	51	47
53	52	44	52	43	52	46	52	48	42	52	13	48	10	14	49	16	39	31	52	48
54	53	45	53	44	53	47	53	49	43	53	13	49	10	14	49	16	39	31	53	49
55	54	46	54	45	54	48	54	50	44	54	13	50	10	14	49	16	39	31	54	50
56	55	47	55	46	55	49	55	51	45	55	13	51	10	14	49	16	39	31	55	51
57	56	48	56	47	56	50	56	52	46	56	13	52	10	14	49	16	39	31	56	52
58	57	49	57	48	57	51	57	53	47	57	13	53	10	14	49	16	39	31	57	53
59	58	50	58	49	58	52	58	54	48	58	13	54	10	14	49	16	39	31	58	54
60	59	51	59	50	59	53	59	55	49	59	13	55	10	14	49	16	39	31	59	55
61	60	52	60	51	60	54	60	56	50	60	13	56	10	14	49	16	39	31	60	56
62	61	53	61	52	61	55	61	57	51	61	13	57	10	14	49	16	39	31	61	57
63	62	54	62	53	62	56	62	58	52	62	13	58	10	14	49	16	39	31	62	58
64	63	55	63	54	63	57	63	59	53	63	13	59	10	14	49	16	39	31	63	59
65	64	56	64	55	64	58	64	60	54	64	13	60	10	14	49	16	39	31	64	60
66	65	57	65	56	64	59	65	61	55	65	13	61	10	14	49	16	39	31	65	61
67	66	58	66	57	65	60	66	62	56	66	13	62	10	14	49	16	39	31	66	62
68	67	59	67	58	66	61	67	63	57	67	13	63	10	14	49	16	39	31	67	63
69	68	60	68	59	67	62	68	64	58	68	13	64	10	14	49	16	39	31	68	64
70	69	61	69	60	68	63	69	65	59	69	13	65	10	14	49	16	39	31	69	65
71	70	62	70	61	69	64	70	66	60	70	13	66	10	14	49	16	39	31	70	66
72	71	63	71	61	70	65	71	67	61	71	13	67	10	14	49	16	39	31	71	67
73	72	64	72	62	71	66	72	68	62	72	13	68	10	14	49	16	39	31	72	68
74	73	65	73	63	72	67	73	69	63	73	13	69	10	14	49	16	39	31	73	69
75	74	66	74	64	73	68	74	70	64	74	13	70	10	14	49	16	39	31	74	70
76	75	67	75	65	74	69	75	71	65	75	13	71	10	14	49	16	39	31	75	71
77	76	68	76	66	75	70	76	72	66	76	13	72	10	14	49	16	39	31	76	72
78	77	69	77	67	76	71	77	73	67	77	13	73	10	14	49	16	39	31	77	73
79	78	70	78	68	77	72	78	74	68	78	13	74	10	14	49	16	39	31	78	74
80	79	71	79	69	78	73	79	75	69	79	13	75	10	14	49	16	39	31	79	75
81	80	72	80	70	79	74	80	76	70	80	13	76	10	14	49	16	39	31	80	76
82	81	73	81	71	80	75	81	77	71	81	13	77	10	14	49	16	39	31	81	77
83	82	74	82	72	81	76	82	78	72	82	13	78	10	14	49	16	39	31	82	78
84	83	75	83	73	82	77	83	79	73	83	13	79	10	14	49	16	39	31	83	79
85	84	76	84	74	83	78	84	80	74	84	13	80	10	14	49	16	39	31	84	80
86	85	77	85	75	84	79	85	81	75	85	13	81	10	14	49	16	39	31	85	81
87	86	78	86	76	85	80	86	82	76	86	13	82	10	14	49	16	39	31	86	82
88	87	79	87	77	86	81	87	83	77	87	13	83	10	14	49	16	39	31	87	83
89	88	80	88	78	87	82	88	84	78	88	13	84	10	14	49	16	39	31	88	84
90	89	81	89	79	88	83	89	85	79	89	13	85	10	14	49	16	39	31	89	85
91	90	82	90	80	89	84	90	86	80	90	13	86	10	14	49	16	39	31	90	86
92	91	83	91	81	90	85	91	87	81	91	13	87	10	14	49	16	39	31	91	87
93	92	84	92	82	91	86	92	88	82	92	13	88	10	14	49	16	39	31	92	88
94	93	85	93	83	92	87	93	89	83	93	13	89	10	14	49	16	39	31	93	89
95	94	86	94	84	93	88	94	90	84	94	13	90	10	14	49	16	39	31	94	90
96	95	87	95	85	94	88	95	91	85	95	13	91	10	14	49	16	39	31	95	91
97	96	88	96	86	95	88	96	92	86	96	13	92	10	14	49	16	39	31	96	92
98	97	89	97	87	96	88	97	93	87	97	13	93	10	14	49	16	39	31	97	93
99	98	90	98	88	97	88	97	94	88	98	13	94	10	14	49	16	39	31	98	94
100	99	91	99	89	98	88	97	95	89	99	13	95	10	14	49	16	39	31	99	95
101	100	92	100	90	99	88	97	96	90	100	13	96	10	14	49	16	39	31	100	96
102	101	93	101	91	100	88	97	97	91	101	13	97	10	14	49	16	39	31	101	97
103	102	94	102	92	101	88	97	98	92	102	13	98	10	14	49	16	39	31	102	98
104	103	95	103	93	102	88	97	99	93	103	13	99	10	14	49	16	39	31	103	99
105	104	96	104	94	103	88	97	100	94	104	13	100	10	14	49	16	39	31	104	100
106	105	97	105	95	104	88	97	101	95	105	13	101	10	14	49	16	39	31	105	101
107	106	98	106	96	105	88	97	102	96	106	13	102	10	14	49	16	39	31	106	102
108	107	99	107	97	106	88	97	103	97	107	13	103	10	14	49	16	39	31	107	103
109	108	100	108	98	107	88	97	103	98	108	13	104	10	14	49	16	39	31	108	104
110	108	101	109	99	108	88	97	103	99	109	13	105	10	14	49	16	39	31	108	105
111	108	102	110	100	109	88	97	103	100	110	13	106	10	14	49	16	39	31	108	106
112	108	103	111	101	110	88	97	103	101	111	13	107	10	14	49	16	39	31	108	107
113	108	104	112	102	111	88	97	103	102	112	13	107	10	14	49	16	39	31	108	108
114	108	105	113	103	112	88	97	103	103	113	13	107	10	14	49	16	39	31	108	109
115	108	106	114	104	113	88	97	103	104	114	13	107	10	14	49	16	39	31	108	110
116	108	107	115	105	114	88	97	103	105	115	13	107	10	14	49	16	39	31	108	111
117	108	108	116	106	115	88	97	103	105	116	13	107	10	14	49	16	39	31	108	112
118	108	109	117	107	116	88	97	103	105	117	13	107	10	14	49	16	39	31	108	113
119	108	110	118	108	117	88	97	103	105	118	13	107	10	14	49	16	39	31	108	114
120	108	111	119	109	118	88	97	103	105	119	13	107	10	14	49	16	39	31	108	114
121	108	112	120	110	119	88	97	103	105	120	13	107	10	14	49	16	39	31	108	114
122	108	113	120	111	120	88	97	103	105	120	13	107	10	14	49	16	39	31	108	114
123	108	114	120	112	121	88	97	103	105	120	13	107	10	14	49	16	39	31	108	114
124	108	115	120	113	122	88	97	103	105	120	13	107	10	14	49	16	39	31	108	114
125	108	116	120	114	123	88	97	103	105	120	13	107	10	14	49	16	39	31	108	114
126	108	117	120	115	124	88	97	103	105	120	13	107	10	14	49	16	39	31	108	114
127	108	118	120	116	125	88	97	103	105	120	13	107	10	14	49	16	39	31	108	114
128	108	119	120	117	126	88	97	103	105	120	13	107	10	14	49	16	39	31	108	114
129	108	120	120	118	127	88	97	103	105	120	13	107	10	14	49	16	39	31	108	114
130	108	121	120	119	128	88	97	103	105	120	13	107	10	14	49	16	39	31	108	114
131	108	122	120	120	129	88	97	103	105	120	13	107	10	14	49	16	39	31	108	114
132	108	123	120	121	130	88	97	103	105	120	13	107	10	14	49	16	39	31	108	114
133	108	124	120	122	131	88	97	103	105	120	13	107	10	14	49	16	39	31	108	114
134	108	124	120	123	132	88	97	103	105	120	13	107	10	14	49	16	39	31	108	114
135	108	124	120	124	133	88	97	103	105	120	13	107	10	14	49	16	39	31	108	114
136	108	124	120	125	134	88	97	103	105	120	13	107	10	14	49	16	39	31	108	114
137	108	124	120	126	134	88	97	103	105	120	13	107	10	14	49	16	39	31	108	114
138	108	124	120	127	134	88	97	103	105	120	13	107	10	14	49	16	39	31	108	114
139	108	124	120	127	134	88	97	103	105	120	13	107	10	14	49	16	39	31	108	114
140	108	124	120	127	134	88	97	103	105	120	13	107	10	14	49	16	39	31	108	114
141	108	124	120	127	134	88	97	103	105	120	13	107	10	14	49	16	39	31	108	114
142	108	124	120	127	134	88	97	103	105	120	13	107	10	14	49	16	39	31	108	114
143	108	124	120	127	134	88	97	103	105	120	13	107	10	14	49	16	39	31	108	114
144	108	124	120	127	134	88	97	103	105	120	13	107	10	14	49	16	39	31	108	114
145	108	124	120	127	134	88	97	103	105	120	13	107	10	14	49	16	39	31	108	114
146	108	124	120	127	134	88	97	103	105	120	13	107	10	14	49	16	39	31	108	114
147	108	124	120	127	134	88	97	103	105	120	13	107	10	14	49	16	39	31	108	114
148	108	124	120	127	134	88	97	103	105	120	13	107	10	14	49	16	39	31	108	114
149	108	124	120	127	134	88	97	103	105	120	13	107	10	14	49	16	39	31	108	114
150	108	124	120	127	134	88	97	103	105	120	13	107	10	14	49	16	39	31	108	114
151	108	124	120	127	134	88	97	103	105	120	13	107	10	14	49	16	39	31	108	114
152	108	124	120	127	134	88	97	103	105	120	13	107	10	14	49	16	39	31	108	114
153	108	124	120	127	134	88	97	103	105	120	13	107	10	14	49	16	39	31	108	114
154	108	124	120	127	134	88	97	103	105	120	13	107	10	14	49	16	39	31	108	114
