86.62
86.41
86.21
86.00
85.81
85.61
85.40
85.17
85.00
84.80
84.59
84.40
84.05
83.66
83.26
82.83
82.62
82.31
82.00
81.68
81.34
80.95
80.58
80.29
79.96
79.63
79.29
78.89
78.69
78.39
78.00
77.69
77.37
77.07
76.76
76.44
76.05
75.76
75.38
75.18
74.88
74.58
74.31
73.94
73.59
73.20
72.81
72.62
72.42
72.24
71.98
71.78
71.53
71.26
71.05
70.75
70.43
70.15
69.95
69.62
69.41
69.19
68.88
68.59
68.34
68.01
67.70
67.42
67.20
66.99
66.66
66.45
66.16
65.96
65.72
65.50
65.28
65.06
64.83
64.64
64.42
64.19
63.98
63.79
63.59
63.40
63.17
62.95
62.75
62.43
62.23
61.88
61.55
61.19
60.88
60.60
60.39
60.06
59.82
59.59
59.41
59.21
58.98
58.79
58.56
58.28
58.06
57.86
57.63
57.39
57.06
56.76
56.48
56.19
55.88
55.69
55.46
55.14
55.14
55.02
54.78
54.56
54.36
54.13
53.92
53.71
53.46
53.23
52.99
52.63
52.25
51.94
51.57
51.46
51.37
51.25
51.16
51.03
50.93
50.84
50.72
50.52
50.38
50.27
50.16
50.04
49.92
49.79
49.70
49.59
49.49
49.39
49.29
49.19
49.10
49.03
48.92
48.79
48.68
48.59
48.49
48.40
48.30
48.22
48.12
48.04
47.93
47.83
47.72
47.62
47.51
47.41
47.31
47.22
47.12
47.02
46.91
46.80
46.70
46.56
46.45
46.34
46.23
46.14
46.05
45.95
45.85
45.75
45.63
45.52
45.40
45.29
45.21
45.11
45.00
44.91
44.77
44.67
44.57
44.44
44.33
44.22
44.10
43.98
43.84
43.74
43.64
43.50
43.38
43.25
43.14
43.02
42.90
42.81
42.69
42.57
42.44
42.32
42.22
42.14
42.05
41.96
41.87
41.76
41.63
41.51
41.41
41.32
41.21
41.11
41.00
40.88
40.76
40.63
40.53
40.40
40.27
40.16
40.06
39.96
39.84
39.76
39.65
39.55
39.43
39.33
39.24
39.13
39.02
38.93
38.83
38.72
38.65
38.51
38.42
38.31
38.20
38.09
38.00
37.90
37.80
37.70
37.58
37.47
37.36
37.25
37.16
37.06
36.95
36.84
36.75
36.64
36.53
36.42
36.31
36.21
36.08
35.99
35.88
35.75
35.64
35.51
35.43
35.32
35.20
35.08
34.95
34.84
34.73
34.65
34.57
34.44
34.36
34.27
34.19
34.10
33.98
33.89
33.79
33.70
33.59
33.48
33.37
33.28
33.17
33.05
32.94
32.83
32.74
32.66
32.54
32.43
32.34
32.24
32.12
32.01
31.90
31.78
31.68
31.56
31.44
31.33
31.24
31.14
31.04
30.94
30.82
30.73
30.64
30.52
30.42
30.33
30.23
30.10
30.02
29.91
29.79
29.70
29.59
29.49
29.38
29.29
29.15
29.06
28.96
28.87
28.78
28.65
28.53
28.42
28.30
28.18
28.09
28.00
27.88
27.76
27.64
27.52
27.43
27.32
27.22
27.10
27.00
26.88
26.79
26.70
26.62
26.51
26.41
26.32
26.23
26.08
25.99
25.89
25.78
25.69
25.56
25.46
25.36
25.25
25.15
25.04
24.94
24.84
24.76
24.65
24.53
24.43
24.32
24.22
24.09
23.97
23.88
23.75
23.64
23.53
23.43
23.30
23.18
23.08
22.99
22.87
22.73
22.65
22.53
22.43
22.29
22.19
22.10
21.99
21.88
21.74
21.62
21.51
21.41
21.29
21.20
21.09
20.97
20.87
20.76
20.67
20.57
20.43
20.33
20.20
20.08
19.97
19.86
19.75
19.65
19.55
19.43
19.30
19.19
19.05
18.96
18.86
18.76
18.61
18.51
18.41
18.30
18.17
18.06
17.95
17.83
17.74
17.66
17.55
17.47
17.37
17.27
17.18
17.09
16.99
16.88
16.78
16.65
16.54
16.37
16.25
16.14
16.05
15.95
15.84
15.72
15.59
15.49
15.40
15.30
15.19
15.08
14.98
14.88
14.76
14.67
14.59
14.48
14.38
14.27
14.15
14.04
