82.51
82.30
82.09
81.87
81.67
81.45
81.24
80.97
80.79
80.60
80.41
80.22
79.99
79.67
79.37
79.00
78.67
78.37
78.10
77.79
77.47
77.25
76.92
76.63
76.31
76.04
75.72
75.38
75.01
74.71
74.43
74.12
73.82
73.54
73.26
73.26
73.10
72.89
72.70
72.46
72.25
72.04
71.88
71.69
71.58
71.40
71.21
71.00
70.80
70.70
70.58
70.45
70.33
70.15
69.95
69.85
69.65
69.43
69.24
69.13
68.93
68.84
68.73
68.56
68.32
68.11
67.89
67.66
67.47
67.35
67.21
66.96
66.85
66.65
66.54
66.41
66.30
66.22
66.10
65.98
65.87
65.75
65.64
65.51
65.43
65.33
65.21
65.11
64.98
64.89
64.63
64.53
64.28
64.11
63.88
63.68
63.48
63.34
63.11
63.00
62.90
62.81
62.70
62.60
62.51
62.39
62.24
62.13
62.02
61.92
61.78
61.56
61.36
61.15
60.97
60.75
60.62
60.49
60.25
60.02
59.79
59.57
59.33
59.14
58.91
58.74
58.53
58.32
58.08
57.84
57.64
57.40
57.23
56.97
56.90
56.79
56.69
56.60
56.51
56.42
56.30
56.18
56.07
55.95
55.87
55.74
55.56
55.45
55.34
55.26
55.13
55.05
54.93
54.81
54.70
54.61
54.51
54.41
54.30
54.19
54.10
53.98
53.89
53.79
53.69
53.58
53.47
53.35
53.26
53.16
53.08
52.98
52.86
52.76
52.66
52.57
52.45
52.34
52.24
52.12
52.01
51.90
51.81
51.72
51.60
51.50
51.41
51.31
51.20
51.12
51.00
50.91
50.81
50.65
50.54
50.42
50.31
50.21
50.13
50.01
49.89
49.78
49.68
49.56
49.44
49.35
49.25
49.11
49.00
48.86
48.75
48.65
48.55
48.44
48.34
48.23
48.11
48.01
47.90
47.77
47.65
47.56
47.47
47.38
47.28
47.20
47.08
46.98
46.87
46.77
46.66
46.54
46.43
46.32
46.24
46.14
46.03
45.91
45.81
45.71
45.57
45.45
45.36
45.28
45.19
45.09
45.00
44.89
44.79
44.68
44.57
44.44
44.33
44.17
44.06
43.95
43.83
43.73
43.65
43.55
43.47
43.38
43.29
43.19
43.08
42.96
42.88
42.79
42.69
42.57
42.45
42.36
42.25
42.17
42.08
41.98
41.87
41.77
41.68
41.55
41.44
41.34
41.24
41.15
41.04
40.95
40.85
40.72
40.64
40.53
40.42
40.28
40.15
40.06
39.96
39.88
39.74
39.65
39.55
39.45
39.36
39.26
39.16
39.08
38.94
38.81
38.71
38.63
38.51
38.38
38.29
38.18
38.07
37.97
37.83
37.71
37.61
37.49
37.39
37.29
37.18
37.06
36.94
36.85
36.75
36.66
36.56
36.46
36.35
36.26
36.15
36.04
35.95
35.86
35.76
35.66
35.58
35.46
35.36
35.28
35.19
35.07
34.97
34.89
34.79
34.70
34.57
34.46
34.34
34.22
34.11
34.00
33.88
33.78
33.69
33.59
33.49
33.37
33.27
33.15
33.05
32.94
32.84
32.72
32.63
32.53
32.40
32.30
32.21
32.12
32.03
31.91
31.82
31.73
31.62
31.52
31.42
31.33
31.23
31.11
31.00
30.90
30.81
30.69
30.59
30.49
30.41
30.32
30.20
30.09
29.98
29.89
29.80
29.69
29.60
29.47
29.36
29.27
29.17
29.05
28.97
28.82
28.72
28.61
28.49
28.39
28.27
28.16
28.06
27.95
27.84
27.72
27.60
27.51
27.40
27.29
27.22
27.08
26.96
26.87
26.78
26.66
26.58
26.49
26.38
26.26
26.13
25.99
25.87
25.77
25.67
25.58
25.49
25.36
25.27
25.16
25.07
24.94
24.85
24.72
24.63
24.54
24.44
24.32
24.22
24.09
24.02
23.91
23.83
23.71
23.59
23.48
23.39
23.29
23.17
23.04
22.93
22.85
22.76
22.67
22.53
22.42
22.32
22.16
22.03
21.90
21.80
21.70
21.57
21.46
21.36
21.26
21.16
21.07
20.99
20.91
20.83
20.72
20.61
20.51
20.41
20.29
20.16
