93.21
92.99
92.78
92.58
92.37
92.18
91.96
91.73
91.52
91.33
91.14
90.94
90.72
90.42
90.11
89.82
89.49
89.17
88.93
88.62
88.25
87.97
87.67
87.37
87.09
86.80
86.50
86.11
85.79
85.46
85.19
84.98
84.66
84.39
83.94
83.65
83.34
83.08
82.66
82.46
82.13
81.83
81.51
81.29
80.99
80.63
80.31
79.99
79.78
79.57
79.37
79.16
78.93
78.63
78.41
78.10
77.79
77.47
77.27
76.99
76.80
76.60
76.30
75.99
75.70
75.36
75.06
74.78
74.58
74.36
74.07
73.88
73.62
73.42
73.19
72.98
72.79
72.57
72.35
72.16
71.96
71.75
71.53
71.34
71.13
70.93
70.71
70.50
70.28
69.92
69.69
69.34
69.05
68.75
68.47
68.18
67.96
67.64
67.41
67.18
66.97
66.78
66.58
66.36
66.16
65.85
65.65
65.43
65.24
64.95
64.66
64.33
64.05
63.71
63.39
63.18
62.74
62.56
62.05
61.67
61.27
60.91
60.70
60.40
60.07
59.72
59.39
59.39
59.24
59.07
58.83
58.58
58.35
58.12
58.03
57.94
57.86
57.73
57.64
57.54
57.43
57.24
57.10
56.99
56.86
56.75
56.62
56.51
56.43
56.33
56.22
56.12
56.02
55.91
55.82
55.73
55.60
55.49
55.36
55.23
55.13
55.04
54.94
54.83
54.74
54.64
54.53
54.42
54.34
54.23
54.14
54.06
53.95
53.85
53.76
53.65
53.55
53.45
53.34
53.26
53.17
53.04
52.95
52.82
52.72
52.60
52.49
52.35
52.25
52.15
52.05
51.94
51.85
51.75
51.64
51.55
51.44
51.30
51.21
51.08
50.95
50.84
50.74
50.63
50.54
50.42
50.31
50.19
50.07
49.94
49.85
49.74
49.63
49.51
49.40
49.31
49.18
49.07
48.96
48.84
48.73
48.62
48.51
48.42
48.33
48.22
48.13
48.01
47.89
47.78
47.68
47.59
47.48
47.34
47.22
47.10
46.95
46.85
46.73
46.62
46.50
46.40
46.28
46.19
46.06
45.95
45.83
45.72
45.63
45.49
45.39
45.27
45.16
45.03
44.93
44.80
44.67
44.56
44.48
44.38
44.29
44.18
44.07
43.97
43.89
43.78
43.69
43.61
43.51
43.41
43.32
43.19
43.07
42.98
42.89
42.79
42.70
42.61
42.50
42.36
42.24
42.12
42.03
41.94
41.84
41.75
41.62
41.51
41.40
41.31
41.21
41.10
41.00
40.92
40.83
40.73
40.63
40.54
40.45
40.36
40.26
40.15
40.06
39.98
39.87
39.74
39.65
39.56
39.47
39.38
39.24
39.13
39.03
38.91
38.79
38.68
38.58
38.46
38.37
38.25
38.13
38.02
37.94
37.84
37.73
37.62
37.51
37.40
37.30
37.17
37.07
36.99
36.89
36.79
36.69
36.59
36.52
36.41
36.31
36.22
36.11
36.01
35.90
35.79
35.67
35.55
35.44
35.35
35.25
35.13
35.01
34.89
34.79
34.71
34.60
34.49
34.38
34.26
34.17
34.06
33.95
33.85
33.74
33.63
33.51
33.41
33.32
33.20
33.11
32.99
32.89
32.77
32.67
32.58
32.47
32.35
32.23
32.13
32.05
31.94
31.82
31.73
31.64
31.54
31.43
31.34
31.24
31.14
31.04
30.93
30.82
30.70
30.61
30.51
30.42
30.33
30.21
30.12
30.00
29.90
29.80
29.68
29.56
29.46
29.36
29.26
29.13
29.02
28.90
28.80
28.69
28.55
28.44
28.33
28.23
28.14
28.05
27.94
27.81
27.71
27.60
27.47
27.38
27.27
27.18
27.08
26.97
26.85
26.74
26.64
26.55
26.45
26.35
26.23
26.12
26.00
25.90
25.77
25.67
25.54
25.42
25.29
25.17
25.06
24.96
24.87
24.77
24.68
24.56
24.46
24.37
24.28
24.19
24.10
24.01
23.89
23.80
23.69
23.57
23.46
23.32
23.20
23.10
22.98
22.85
22.73
22.62
22.53
22.40
22.29
22.21
22.12
22.02
21.90
21.79
21.68
21.57
21.47
21.37
21.26
21.16
21.04
20.94
