91.34
91.15
90.94
90.73
90.54
90.33
90.12
89.82
89.63
89.41
89.22
89.01
88.64
88.36
88.02
87.68
87.40
87.13
86.84
86.51
86.33
86.11
85.83
85.54
85.25
84.91
84.59
84.32
83.99
83.69
83.40
83.07
82.73
82.42
82.12
81.81
81.49
81.22
80.92
80.61
80.34
80.05
79.74
79.52
79.20
78.89
78.58
78.28
78.08
77.84
77.61
77.39
77.03
76.79
76.49
76.17
75.97
75.62
75.34
75.11
74.93
74.73
74.41
74.09
73.82
73.50
73.18
72.90
72.69
72.48
72.17
71.98
71.67
71.48
71.23
71.05
70.84
70.65
70.43
70.22
70.01
69.80
69.60
69.39
69.21
69.00
68.78
68.58
68.37
68.04
67.85
67.52
67.25
66.94
66.63
66.30
66.09
65.78
65.55
65.32
65.13
64.91
64.68
64.47
64.28
64.03
63.84
63.65
63.43
63.16
62.87
62.87
62.73
62.50
62.33
62.12
62.01
61.85
61.64
61.41
61.17
60.95
60.75
60.56
60.35
60.17
59.98
59.76
59.54
59.35
59.13
58.90
58.70
58.49
58.37
58.27
58.16
58.04
57.93
57.82
57.71
57.53
57.39
57.28
57.17
57.04
56.86
56.76
56.66
56.54
56.43
56.36
56.24
56.14
56.02
55.91
55.79
55.69
55.56
55.44
55.31
55.20
55.13
55.01
54.91
54.82
54.72
54.62
54.53
54.44
54.33
54.23
54.12
54.02
53.92
53.82
53.74
53.64
53.53
53.44
53.34
53.18
53.08
52.99
52.88
52.76
52.67
52.57
52.46
52.35
52.24
52.13
52.04
51.88
51.77
51.67
51.55
51.43
51.34
51.23
51.14
51.04
50.93
50.82
50.70
50.59
50.48
50.36
50.24
50.09
49.99
49.89
49.79
49.70
49.62
49.53
49.44
49.34
49.25
49.16
49.08
48.97
48.87
48.75
48.63
48.50
48.40
48.30
48.17
48.08
47.99
47.89
47.79
47.67
47.55
47.43
47.28
47.17
47.07
46.95
46.83
46.73
46.62
46.52
46.40
46.29
46.18
46.10
46.00
45.89
45.76
45.65
45.56
45.43
45.34
45.21
45.12
45.01
44.87
44.77
44.66
44.57
44.46
44.35
44.23
44.13
44.02
43.93
43.81
43.74
43.64
43.55
43.45
43.36
43.25
43.16
43.06
42.93
42.84
42.73
42.62
42.51
42.39
42.29
42.20
42.08
41.99
41.88
41.74
41.65
41.54
41.42
41.31
41.19
41.09
40.96
40.84
40.73
40.63
40.51
40.40
40.30
40.19
40.10
39.97
39.85
39.75
39.64
39.55
39.43
39.29
39.18
39.09
39.00
38.90
38.78
38.68
38.57
38.46
38.35
38.24
38.14
38.05
37.97
37.88
37.77
37.64
37.54
37.46
37.36
37.26
37.16
37.04
36.94
36.82
36.71
36.61
36.50
36.40
36.32
36.21
36.09
35.96
35.85
35.74
35.61
35.49
35.39
35.28
35.16
35.06
34.97
34.89
34.80
34.70
34.59
34.49
34.40
34.30
34.21
34.10
33.98
33.87
33.77
33.68
33.57
33.46
33.36
33.26
33.16
33.07
32.93
32.84
32.74
32.64
32.54
32.41
32.29
32.16
32.03
31.90
31.80
31.69
31.57
31.47
31.37
31.28
31.19
31.11
31.01
30.89
30.77
30.68
30.56
30.46
30.37
30.25
30.15
30.03
29.92
29.82
29.67
29.56
29.47
29.35
29.28
29.15
29.05
28.96
28.83
28.72
28.59
28.48
28.38
28.27
28.16
28.04
27.94
27.84
27.76
27.66
27.54
27.45
27.34
27.24
27.11
27.03
26.92
26.81
26.72
26.64
26.52
26.42
26.31
26.20
26.07
25.97
25.86
25.76
25.65
25.56
25.47
25.39
25.30
25.20
25.11
25.00
24.89
24.76
24.65
24.54
24.42
24.33
24.23
24.10
23.97
23.89
23.79
23.66
23.55
23.43
23.32
23.22
23.11
23.00
22.90
22.81
22.70
22.60
22.50
22.40
22.29
22.18
22.05
21.93
21.82
21.69
21.60
21.51
21.40
21.31
21.17
21.05
