83.23
83.02
82.82
82.59
82.39
82.19
81.99
81.76
81.56
81.34
81.14
80.92
80.69
80.39
80.07
79.73
79.39
79.12
78.81
78.47
78.11
77.91
77.63
77.16
76.76
76.45
76.21
75.88
75.55
75.27
74.85
74.45
74.09
73.72
73.36
72.98
72.77
72.30
72.07
71.75
71.42
71.14
70.84
70.66
70.37
70.07
69.76
69.45
69.25
69.05
68.85
68.63
68.63
68.55
68.39
68.31
68.11
67.90
67.69
67.60
67.37
67.26
67.14
66.92
66.71
66.53
66.31
66.15
65.94
65.83
65.72
65.49
65.39
65.17
65.07
64.94
64.83
64.74
64.63
64.51
64.39
64.29
64.18
64.04
63.92
63.81
63.72
63.62
63.51
63.41
63.15
63.02
62.77
62.58
62.36
62.15
61.94
61.84
61.62
61.52
61.41
61.33
61.25
61.13
61.02
60.93
60.80
60.70
60.60
60.50
60.30
60.07
59.89
59.71
59.52
59.35
59.26
59.12
58.91
58.72
58.46
58.25
58.07
57.84
57.62
57.39
57.16
56.96
56.72
56.55
56.28
56.07
55.87
55.59
55.50
55.36
55.25
55.17
55.03
54.92
54.83
54.69
54.57
54.47
54.35
54.26
54.08
53.98
53.88
53.76
53.65
53.55
53.44
53.34
53.24
53.15
53.02
52.89
52.78
52.70
52.59
52.48
52.39
52.29
52.21
52.10
52.00
51.90
51.80
51.70
51.59
51.51
51.41
51.31
51.20
51.07
50.96
50.86
50.75
50.64
50.53
50.40
50.28
50.17
50.06
49.93
49.83
49.74
49.64
49.54
49.42
49.31
49.23
49.07
48.96
48.85
48.75
48.66
48.55
48.46
48.35
48.25
48.16
48.05
47.93
47.84
47.74
47.62
47.51
47.38
47.27
47.17
47.07
46.97
46.85
46.75
46.62
46.52
46.42
46.31
46.20
46.11
46.01
45.92
45.81
45.69
45.57
45.49
45.36
45.25
45.13
45.04
44.94
44.80
44.70
44.58
44.47
44.35
44.25
44.16
43.99
43.87
43.78
43.69
43.59
43.50
43.41
43.30
43.19
43.08
42.99
42.86
42.75
42.61
42.52
42.40
42.28
42.20
42.04
41.95
41.83
41.73
41.63
41.54
41.44
41.32
41.22
41.12
41.03
40.89
40.78
40.68
40.57
40.45
40.35
40.24
40.11
40.03
39.91
39.78
39.69
39.58
39.48
39.38
39.26
39.17
39.09
38.97
38.87
38.78
38.68
38.59
38.48
38.36
38.27
38.18
38.07
37.95
37.82
37.71
37.61
37.50
37.41
37.30
37.18
37.07
36.95
36.84
36.75
36.64
36.54
36.44
36.34
36.26
36.14
36.04
35.94
35.83
35.73
35.62
35.48
35.36
35.26
35.16
35.05
34.93
34.84
34.74
34.65
34.54
34.43
34.32
34.22
34.12
34.01
33.92
33.82
33.71
33.62
33.53
33.43
33.33
33.20
33.11
33.02
32.93
32.82
32.71
32.61
32.47
32.35
32.25
32.12
32.02
31.89
31.79
31.68
31.57
31.48
31.36
31.27
31.16
31.07
30.97
30.84
30.73
30.60
30.50
30.41
30.28
30.19
30.08
29.99
29.88
29.79
29.68
29.57
29.46
29.38
29.25
29.13
29.04
28.93
28.81
28.69
28.59
28.49
28.39
28.29
28.19
28.07
27.94
27.83
27.73
27.64
27.56
27.45
27.35
27.23
27.10
26.99
26.84
26.72
26.61
26.50
26.41
26.31
26.22
26.13
26.01
25.92
25.80
25.71
25.59
25.48
25.39
25.28
25.18
25.09
24.98
24.88
24.77
24.67
24.57
24.49
24.37
24.26
24.14
24.04
23.93
23.83
23.73
23.61
23.48
23.37
23.25
23.13
22.98
22.87
22.77
22.69
22.60
22.48
22.36
22.23
22.14
22.02
21.90
21.82
21.70
21.60
21.51
21.42
21.34
21.21
21.10
20.99
20.90
20.80
20.72
20.62
20.50
20.40
20.25
20.14
20.03
19.94
19.84
19.73
19.64
19.54
19.43
19.34
19.22
19.12
19.00
18.86
18.75
18.67
18.54
18.43
18.32
18.22
