91.29
91.07
90.88
90.68
90.49
90.26
90.06
89.80
89.60
89.41
89.19
88.99
88.77
88.47
88.12
87.75
87.42
87.13
86.66
86.43
86.09
85.89
85.61
85.29
84.96
84.61
84.34
84.03
83.68
83.42
83.15
82.80
82.45
82.14
81.84
81.42
81.08
80.76
80.49
80.19
79.86
79.55
79.34
79.14
78.86
78.52
78.20
77.90
77.69
77.50
77.29
77.08
76.80
76.53
76.17
75.80
75.60
75.31
74.96
74.74
74.54
74.32
74.04
73.74
73.46
73.17
72.91
72.60
72.40
72.01
71.79
71.42
71.22
71.02
70.78
70.58
70.38
70.16
69.91
69.71
69.49
69.24
68.98
68.78
68.58
68.39
68.18
67.95
67.72
67.38
67.16
66.84
66.55
66.22
65.91
65.61
65.40
65.05
64.85
64.61
64.41
64.19
63.99
63.80
63.59
63.31
63.11
62.89
62.67
62.33
62.01
61.67
61.40
61.03
60.84
60.61
60.36
59.96
59.72
59.38
59.07
58.78
58.23
57.87
57.50
57.09
56.71
56.29
55.96
55.75
55.45
55.14
54.81
54.61
54.40
54.18
53.95
53.78
53.59
53.39
53.09
52.85
52.64
52.43
52.21
52.21
52.09
51.99
51.88
51.74
51.64
51.54
51.43
51.33
51.23
51.13
51.01
50.88
50.77
50.65
50.56
50.46
50.35
50.25
50.14
50.04
49.93
49.84
49.73
49.63
49.53
49.44
49.33
49.22
49.13
49.02
48.92
48.81
48.70
48.58
48.49
48.39
48.28
48.15
48.05
47.94
47.82
47.70
47.61
47.51
47.41
47.34
47.24
47.13
47.03
46.92
46.83
46.70
46.61
46.48
46.36
46.26
46.14
46.04
45.92
45.81
45.72
45.61
45.50
45.36
45.27
45.16
45.07
44.96
44.88
44.76
44.63
44.53
44.43
44.33
44.23
44.14
44.05
43.94
43.85
43.73
43.62
43.51
43.40
43.29
43.19
43.08
42.96
42.86
42.76
42.63
42.50
42.39
42.28
42.17
42.06
41.94
41.85
41.75
41.64
41.55
41.45
41.36
41.26
41.11
41.01
40.90
40.76
40.65
40.53
40.42
40.32
40.21
40.11
40.01
39.90
39.79
39.66
39.55
39.45
39.35
39.26
39.15
39.02
38.92
38.84
38.72
38.63
38.54
38.44
38.36
38.27
38.15
38.05
37.92
37.84
37.72
37.60
37.49
37.39
37.29
37.19
37.06
36.96
36.87
36.75
36.62
36.49
36.37
36.27
36.17
36.05
35.95
35.85
35.74
35.65
35.57
35.45
35.38
35.26
35.11
35.02
34.90
34.78
34.67
34.59
34.50
34.42
34.31
34.17
34.07
34.00
33.88
33.78
33.65
33.50
33.42
33.32
33.23
33.09
32.99
32.88
32.77
32.68
32.55
32.45
32.32
32.23
32.10
31.98
31.88
31.77
31.67
31.56
31.46
31.36
31.26
31.16
31.07
30.98
30.89
30.78
30.67
30.56
30.48
30.38
30.27
30.17
30.06
29.93
29.81
29.70
29.61
29.50
29.41
29.32
29.21
29.13
29.01
28.91
28.81
28.71
28.62
28.51
28.38
28.29
28.18
28.07
27.98
27.89
27.79
27.65
27.54
27.44
27.32
27.21
27.10
26.97
26.86
26.76
26.64
26.51
26.41
26.31
26.20
26.09
25.96
25.87
25.77
25.68
25.58
25.48
25.36
25.27
25.16
25.07
24.94
24.82
24.72
24.61
24.53
24.43
24.33
24.21
24.09
24.00
23.87
23.78
23.64
23.53
23.44
23.35
23.22
23.11
23.02
22.93
22.82
22.72
22.63
22.51
22.41
22.31
22.18
22.06
21.95
21.86
21.76
21.66
21.55
21.45
21.33
21.23
21.15
21.06
20.94
20.82
20.70
20.58
20.45
20.34
20.24
20.12
20.00
19.89
19.79
19.68
19.59
19.49
19.40
19.30
19.17
19.08
18.98
18.86
18.73
18.59
18.47
18.37
18.25
18.16
18.06
17.96
17.86
17.76
17.65
17.56
17.47
17.35
17.24
17.11
16.98
16.85
16.75
16.65
16.55
16.46
16.33
16.22
