91.57
91.36
91.15
90.94
90.73
90.53
90.33
90.08
89.89
89.67
89.48
89.26
89.03
88.70
88.40
88.07
87.75
87.43
87.04
86.82
86.47
86.26
85.87
85.54
85.23
84.89
84.69
84.41
84.04
83.84
83.55
83.19
82.89
82.59
82.30
81.99
81.66
81.37
81.06
80.74
80.42
80.13
79.83
79.61
79.32
79.01
78.69
78.37
78.16
77.96
77.76
77.55
77.29
76.99
76.79
76.51
76.24
75.89
75.69
75.38
75.19
75.00
74.68
74.34
74.03
73.71
73.38
73.05
72.85
72.65
72.34
72.14
71.83
71.63
71.39
71.15
70.93
70.72
70.49
70.29
70.08
69.83
69.61
69.41
69.20
69.01
68.80
68.56
68.36
68.04
67.85
67.53
67.24
66.93
66.65
66.35
66.14
65.81
65.63
65.41
65.21
65.01
64.82
64.59
64.36
64.36
64.28
64.17
64.07
63.96
63.80
63.59
63.36
63.13
62.94
62.69
62.60
62.22
62.09
61.64
61.30
60.97
60.66
60.55
60.34
60.09
59.89
59.67
59.42
59.23
58.97
58.73
58.51
58.25
58.14
58.02
57.93
57.81
57.69
57.57
57.45
57.29
57.19
57.09
56.99
56.88
56.70
56.59
56.51
56.41
56.30
56.19
56.07
55.97
55.86
55.77
55.68
55.60
55.50
55.41
55.33
55.21
55.12
55.03
54.94
54.81
54.70
54.58
54.48
54.38
54.30
54.20
54.10
53.99
53.90
53.78
53.67
53.56
53.46
53.34
53.23
53.10
52.97
52.88
52.77
52.68
52.55
52.44
52.33
52.20
52.09
51.99
51.88
51.73
51.62
51.54
51.42
51.31
51.22
51.09
50.98
50.88
50.79
50.66
50.54
50.45
50.35
50.25
50.10
50.00
49.92
49.81
49.71
49.60
49.50
49.37
49.24
49.12
49.01
48.91
48.79
48.70
48.60
48.51
48.40
48.32
48.21
48.12
48.02
47.90
47.79
47.69
47.58
47.45
47.33
47.23
47.08
46.97
46.88
46.78
46.65
46.56
46.44
46.31
46.20
46.10
46.02
45.90
45.80
45.69
45.58
45.45
45.34
45.25
45.16
45.04
44.93
44.81
44.74
44.62
44.52
44.40
44.29
44.20
44.12
44.01
43.90
43.81
43.72
43.61
43.49
43.38
43.27
43.14
43.03
42.93
42.82
42.70
42.61
42.49
42.38
42.29
42.16
42.06
41.95
41.85
41.74
41.63
41.50
41.39
41.30
41.20
41.10
40.99
40.91
40.79
40.68
40.58
40.49
40.40
40.32
40.20
40.08
39.96
39.86
39.76
39.66
39.54
39.44
39.32
39.23
39.13
39.04
38.95
38.81
38.70
38.60
38.51
38.41
38.31
38.18
38.09
37.97
37.88
37.78
37.69
37.59
37.50
37.40
37.30
37.20
37.09
37.00
36.89
36.75
36.63
36.53
36.42
36.32
36.23
36.12
36.00
35.86
35.76
35.66
35.57
35.46
35.35
35.23
35.09
34.99
34.89
34.81
34.71
34.59
34.49
34.39
34.27
34.18
34.06
33.97
33.87
33.76
33.64
33.50
33.41
33.32
33.21
33.11
33.03
32.93
32.83
32.74
32.65
32.55
32.45
32.31
32.21
32.10
31.96
31.86
31.76
31.65
31.53
31.44
31.30
31.18
31.10
31.01
30.88
30.77
30.66
30.58
30.49
30.39
30.30
30.20
30.12
30.02
29.93
29.85
29.75
29.63
29.50
29.38
29.29
29.21
29.08
28.99
28.88
28.74
28.64
28.54
28.41
28.32
28.22
28.12
28.01
27.91
27.81
27.71
27.60
27.49
27.37
27.29
27.20
27.07
26.95
26.83
26.73
26.65
26.56
26.46
26.33
26.23
26.10
26.02
25.88
25.76
25.65
25.54
25.43
25.34
25.24
25.12
25.01
24.90
24.77
24.67
24.57
24.48
24.36
24.26
24.16
24.04
23.93
23.84
23.75
23.64
23.55
23.42
23.30
23.20
23.07
22.96
22.85
22.77
22.67
22.57
22.46
22.37
22.27
22.17
22.07
21.98
21.88
21.77
21.66
21.55
21.43
21.33
21.21
21.11
