74.34
74.11
73.90
73.67
73.46
73.22
73.00
72.70
72.50
72.30
72.09
71.90
71.68
71.36
71.05
70.72
70.40
70.09
69.75
69.42
69.12
68.92
68.39
68.00
67.69
67.33
67.09
66.81
66.33
66.11
65.81
65.47
65.16
64.84
64.52
64.24
63.91
63.91
63.76
63.56
63.34
63.15
62.98
62.77
62.65
62.44
62.26
62.03
61.80
61.69
61.57
61.44
61.32
61.14
60.93
60.82
60.64
60.47
60.27
60.17
59.96
59.85
59.73
59.53
59.33
59.16
58.98
58.75
58.53
58.39
58.30
58.07
57.96
57.76
57.65
57.52
57.42
57.35
57.22
57.12
56.98
56.86
56.74
56.60
56.51
56.41
56.30
56.19
56.06
55.96
55.71
55.60
55.35
55.16
54.94
54.69
54.50
54.38
54.17
54.07
53.94
53.84
53.71
53.62
53.49
53.37
53.22
53.12
53.03
52.94
52.77
52.55
52.36
52.17
51.98
51.77
51.67
51.52
51.28
51.02
50.80
50.57
50.36
50.15
49.94
49.69
49.50
49.27
49.05
48.82
48.60
48.40
48.22
47.98
47.89
47.77
47.65
47.55
47.48
47.37
47.27
47.11
47.00
46.93
46.82
46.72
46.59
46.48
46.39
46.23
46.11
46.01
45.90
45.81
45.72
45.63
45.54
45.45
45.37
45.28
45.17
45.04
44.96
44.84
44.74
44.64
44.52
44.40
44.32
44.24
44.14
44.05
43.96
43.85
43.78
43.64
43.55
43.47
43.33
43.24
43.14
43.01
42.89
42.78
42.64
42.51
42.39
42.25
42.14
42.04
41.91
41.80
41.73
41.61
41.53
41.43
41.33
41.22
41.11
40.98
40.86
40.75
40.65
40.53
40.39
40.28
40.18
40.07
39.96
39.82
39.72
39.60
39.51
39.41
39.32
39.23
39.10
39.01
38.90
38.77
38.65
38.55
38.44
38.33
38.24
38.12
38.02
37.92
37.81
37.70
37.60
37.50
37.39
37.28
37.17
37.05
36.91
36.82
36.72
36.62
36.50
36.37
36.25
36.14
36.01
35.92
35.82
35.71
35.60
35.47
35.37
35.27
35.15
35.02
34.90
34.77
34.67
34.56
34.47
34.35
34.23
34.15
34.03
33.93
33.82
33.70
33.62
33.51
33.41
33.29
33.20
33.09
32.99
32.88
32.77
32.67
32.58
32.46
32.37
32.25
32.15
32.05
31.94
31.83
31.75
31.65
31.54
31.43
31.31
31.22
31.12
31.03
30.89
30.77
30.68
30.55
30.44
30.35
30.25
30.13
30.02
29.93
29.80
29.71
29.63
29.51
29.41
29.31
29.23
29.12
29.01
28.91
28.81
28.72
28.60
28.52
28.40
28.30
28.21
28.08
27.94
27.83
27.74
27.64
27.52
27.42
27.29
27.20
27.11
26.98
26.89
26.78
26.67
26.59
26.49
26.39
26.31
26.20
26.10
25.99
25.88
25.76
25.64
25.56
25.45
25.35
25.23
25.13
25.02
24.90
24.83
24.70
24.57
24.45
24.35
24.24
24.14
24.05
23.95
23.83
23.71
23.60
23.49
23.38
23.28
23.20
23.10
22.99
22.91
22.76
22.65
22.55
22.46
22.36
22.25
22.15
22.04
21.91
21.82
21.71
21.61
21.53
21.40
21.27
21.17
21.06
20.95
20.86
20.77
20.64
20.52
20.42
20.33
20.24
20.14
20.03
19.93
19.83
19.69
19.58
19.49
19.35
19.21
19.10
18.97
18.87
18.78
18.68
18.57
18.48
18.36
18.24
18.12
18.00
17.89
17.80
17.70
17.61
17.53
17.44
17.33
17.24
17.14
17.00
16.91
16.83
16.73
16.65
16.53
16.42
16.32
16.21
16.08
15.93
15.83
15.71
15.61
15.52
15.40
15.28
15.18
15.09
15.00
14.88
14.78
14.67
14.55
14.44
14.33
14.24
14.15
14.04
13.95
13.86
13.75
13.65
13.54
13.43
13.28
13.16
13.03
12.92
12.83
12.72
12.61
12.54
12.43
12.33
12.22
12.14
12.03
11.92
11.82
11.70
11.60
11.48
11.37
11.27
11.17
11.06
10.96
10.83
10.71
