94.02
93.81
93.60
93.39
93.19
92.99
92.81
92.58
92.36
92.15
91.96
91.75
91.52
91.16
90.82
90.42
90.07
89.75
89.49
89.23
88.94
88.74
88.39
88.05
87.75
87.41
87.07
86.78
86.43
86.13
85.82
85.49
85.17
84.85
84.54
84.22
83.91
83.57
83.26
82.94
82.61
82.32
82.03
81.84
81.54
81.22
80.89
80.56
80.36
80.15
79.94
79.74
79.48
79.18
78.96
78.68
78.36
78.06
77.87
77.56
77.36
77.15
76.85
76.53
76.24
75.90
75.58
75.27
75.07
74.86
74.55
74.35
74.07
73.90
73.67
73.46
73.27
73.08
72.86
72.64
72.44
72.24
72.04
71.86
71.67
71.44
71.21
70.99
70.78
70.44
70.24
69.87
69.56
69.23
68.90
68.61
68.42
68.09
67.86
67.65
67.45
67.23
67.04
66.82
66.61
66.34
66.12
65.91
65.68
65.41
65.08
65.08
64.94
64.76
64.56
64.33
64.22
64.10
63.85
63.64
63.38
63.17
62.98
62.77
62.56
62.34
62.10
61.87
61.63
61.44
61.17
60.92
60.67
60.44
60.34
60.24
60.13
60.04
59.94
59.82
59.70
59.56
59.47
59.38
59.29
59.18
59.05
58.94
58.84
58.75
58.62
58.52
58.42
58.31
58.21
58.12
57.99
57.89
57.79
57.70
57.56
57.47
57.36
57.26
57.17
57.07
56.97
56.86
56.75
56.65
56.55
56.47
56.39
56.26
56.15
56.05
55.93
55.83
55.71
55.59
55.49
55.38
55.28
55.19
55.10
54.99
54.87
54.74
54.63
54.52
54.43
54.33
54.20
54.05
53.94
53.85
53.73
53.62
53.51
53.41
53.29
53.18
53.09
52.97
52.86
52.75
52.66
52.56
52.45
52.35
52.23
52.15
52.04
51.94
51.85
51.76
51.65
51.52
51.41
51.29
51.20
51.10
51.01
50.91
50.81
50.71
50.59
50.46
50.32
50.22
50.14
50.04
49.93
49.84
49.75
49.65
49.52
49.41
49.31
49.18
49.04
48.95
48.85
48.73
48.63
48.53
48.40
48.27
48.16
48.01
47.91
47.80
47.72
47.62
47.51
47.39
47.28
47.19
47.07
46.94
46.83
46.73
46.63
46.55
46.44
46.35
46.23
46.13
46.00
45.88
45.79
45.70
45.58
45.49
45.39
45.31
45.21
45.08
44.98
44.86
44.76
44.68
44.56
44.46
44.36
44.26
44.15
44.07
43.95
43.86
43.76
43.66
43.55
43.45
43.33
43.23
43.13
43.02
42.90
42.80
42.68
42.58
42.46
42.38
42.27
42.19
42.08
41.97
41.88
41.78
41.64
41.54
41.45
41.36
41.23
41.14
41.03
40.93
40.84
40.75
40.62
40.52
40.42
40.29
40.20
40.12
40.02
39.91
39.80
39.66
39.54
39.43
39.34
39.22
39.10
39.01
38.90
38.82
38.70
38.60
38.51
38.40
38.31
38.18
38.04
37.95
37.84
37.74
37.62
37.50
37.40
37.29
37.18
37.08
36.99
36.88
36.77
36.66
36.54
36.44
36.35
36.26
36.14
36.04
35.92
35.83
35.73
35.62
35.51
35.36
35.25
35.12
35.00
34.91
34.81
34.73
34.59
34.51
34.40
34.29
34.22
34.13
34.05
33.94
33.80
33.69
33.55
33.45
33.37
33.26
33.13
33.02
32.93
32.85
32.74
32.64
32.53
32.43
32.31
32.24
32.16
32.06
31.93
31.82
31.70
31.59
31.48
31.36
31.26
31.15
31.06
30.95
30.85
30.74
30.63
30.53
30.44
30.35
30.22
30.12
30.04
29.94
29.85
29.74
29.62
29.50
29.36
29.26
29.15
29.05
28.96
28.84
28.73
28.63
28.52
28.39
28.30
28.20
28.12
27.98
27.89
27.78
27.65
27.53
27.44
27.36
27.24
27.11
27.03
26.93
26.83
26.73
26.62
26.51
26.41
26.29
26.17
26.06
25.91
25.81
25.68
25.56
25.44
25.33
25.22
25.12
25.01
24.89
24.77
24.68
24.58
24.48
24.38
24.26
24.16
24.05
23.93
23.83
23.74
23.64
23.55
23.44
