81.68
81.46
81.24
81.04
80.81
80.62
80.39
80.11
79.90
79.71
79.49
79.30
79.11
78.80
78.51
78.20
77.87
77.55
77.27
76.98
76.70
76.50
76.21
76.21
76.10
75.84
75.63
75.43
75.19
74.93
74.73
74.52
74.29
74.04
73.82
73.62
73.39
73.16
72.90
72.64
72.43
72.25
72.08
71.88
71.74
71.52
71.28
71.06
70.83
70.73
70.60
70.43
70.33
70.18
70.01
69.93
69.73
69.52
69.32
69.23
69.00
68.88
68.77
68.63
68.43
68.25
68.08
67.88
67.67
67.56
67.45
67.22
67.12
66.94
66.83
66.69
66.56
66.47
66.36
66.24
66.16
66.05
65.92
65.81
65.69
65.59
65.49
65.38
65.26
65.17
64.93
64.82
64.59
64.41
64.20
64.02
63.83
63.71
63.48
63.39
63.30
63.17
63.08
62.97
62.86
62.77
62.63
62.50
62.39
62.29
62.10
61.89
61.69
61.49
61.30
61.03
60.94
60.79
60.52
60.27
60.08
59.84
59.64
59.39
59.20
59.03
58.80
58.60
58.37
58.21
57.96
57.73
57.51
57.25
57.16
57.04
56.93
56.82
56.68
56.57
56.45
56.33
56.22
56.11
56.03
55.91
55.75
55.67
55.58
55.48
55.38
55.28
55.19
55.11
55.02
54.89
54.76
54.68
54.55
54.46
54.34
54.20
54.10
54.00
53.91
53.79
53.66
53.56
53.46
53.37
53.28
53.16
53.07
52.95
52.86
52.78
52.69
52.58
52.47
52.38
52.28
52.14
52.02
51.92
51.79
51.68
51.57
51.43
51.33
51.23
51.14
51.04
50.91
50.79
50.68
50.58
50.48
50.35
50.25
50.13
50.03
49.92
49.83
49.72
49.58
49.49
49.40
49.29
49.18
49.05
48.94
48.84
48.74
48.63
48.52
48.44
48.35
48.25
48.14
48.02
47.90
47.78
47.68
47.59
47.49
47.38
47.28
47.17
47.07
46.96
46.83
46.72
46.64
46.52
46.41
46.29
46.15
46.04
45.94
45.83
45.70
45.58
45.47
45.39
45.27
45.15
45.04
44.93
44.83
44.73
44.63
44.53
44.44
44.36
44.27
44.14
44.04
43.95
43.83
43.71
43.60
43.50
43.36
43.26
43.16
43.07
42.96
42.84
42.74
42.62
42.52
42.38
42.28
42.19
42.07
41.99
41.89
41.79
41.69
41.57
41.45
41.34
41.22
41.10
41.01
40.90
40.82
40.69
40.57
40.47
40.37
40.24
40.14
40.06
39.94
39.84
39.72
39.63
39.53
39.40
39.31
39.21
39.12
39.00
38.87
38.75
38.65
38.54
38.43
38.32
38.21
38.12
38.01
37.89
37.76
37.65
37.54
37.40
37.31
37.16
37.04
36.94
36.84
36.74
36.64
36.57
36.48
36.39
36.30
36.17
36.07
35.97
35.87
35.76
35.64
35.54
35.45
35.36
35.25
35.16
35.06
34.94
34.82
34.71
34.62
34.52
34.41
34.28
34.18
34.07
33.97
33.87
33.76
33.66
33.53
33.42
33.32
33.20
33.10
33.01
32.90
32.80
32.68
32.55
32.45
32.35
32.24
32.12
32.03
31.94
31.84
31.74
31.64
31.53
31.43
31.32
31.20
31.07
30.96
30.84
30.74
30.65
30.53
30.43
30.33
30.26
30.15
30.05
29.95
29.81
29.68
29.57
29.46
29.36
29.27
29.16
29.06
28.96
28.84
28.75
28.64
28.50
28.38
28.27
28.15
28.07
27.97
27.88
27.78
27.66
27.56
27.43
27.31
27.19
27.09
26.98
26.89
26.74
26.61
26.52
26.40
26.29
26.19
26.07
25.99
25.87
25.74
25.64
25.53
25.43
25.33
25.23
25.15
25.02
24.92
24.79
24.71
24.60
24.49
24.37
24.28
24.17
24.06
23.96
23.84
23.73
23.61
23.50
23.39
23.27
23.16
23.05
22.95
22.85
22.75
22.61
22.52
22.41
22.28
22.18
22.05
21.94
21.84
21.73
21.61
21.51
21.38
21.25
21.14
21.04
20.95
20.85
20.74
20.63
20.53
20.42
20.30
20.20
20.09
20.01
19.92
19.81
19.68
