89.17
88.94
88.74
88.54
88.33
88.12
87.89
87.62
87.40
87.20
86.99
86.80
86.61
86.32
86.00
85.63
85.28
84.95
84.66
84.36
84.04
83.83
83.48
83.20
82.88
82.54
82.21
81.92
81.55
81.25
80.94
80.57
80.23
79.93
79.64
79.13
78.79
78.44
78.10
77.66
77.31
76.99
76.81
76.60
76.29
75.96
75.66
75.33
75.12
74.89
74.69
74.47
74.03
73.82
73.62
73.32
73.05
72.67
72.46
72.14
71.95
71.58
71.20
70.82
70.41
70.05
69.67
69.46
69.23
69.03
68.68
68.47
68.16
67.99
67.76
67.55
67.34
67.13
66.88
66.66
66.47
66.26
66.05
65.84
65.63
65.42
65.23
65.00
64.67
64.47
64.14
63.82
63.53
63.17
62.89
62.69
62.35
62.14
61.92
61.73
61.52
61.32
61.12
60.92
60.71
60.46
60.26
60.06
59.85
59.57
59.27
58.94
58.62
58.32
58.05
57.85
57.61
57.24
56.93
56.61
56.28
55.99
55.68
55.33
55.01
54.70
54.37
54.04
53.57
53.17
52.79
52.42
52.21
52.02
51.81
51.61
51.41
51.22
51.03
50.82
50.82
50.74
50.62
50.53
50.43
50.33
50.19
50.07
49.97
49.85
49.74
49.62
49.50
49.39
49.30
49.20
49.07
48.94
48.82
48.70
48.59
48.48
48.38
48.26
48.17
48.06
47.97
47.87
47.77
47.67
47.57
47.48
47.39
47.28
47.19
47.10
47.03
46.93
46.82
46.74
46.65
46.51
46.41
46.30
46.18
46.07
45.98
45.85
45.75
45.65
45.55
45.43
45.32
45.19
45.08
45.00
44.86
44.71
44.63
44.51
44.42
44.33
44.25
44.12
43.99
43.86
43.77
43.66
43.55
43.41
43.31
43.21
43.10
42.99
42.89
42.78
42.67
42.56
42.45
42.36
42.27
42.16
42.06
41.96
41.85
41.72
41.58
41.48
41.37
41.26
41.18
41.07
40.99
40.86
40.77
40.64
40.50
40.39
40.29
40.19
40.07
39.97
39.87
39.77
39.65
39.54
39.46
39.35
39.26
39.16
39.03
38.93
38.82
38.70
38.58
38.48
38.38
38.29
38.18
38.07
37.99
37.89
37.77
37.67
37.57
37.46
37.36
37.26
37.16
37.03
36.93
36.82
36.71
36.62
36.55
36.47
36.39
36.28
36.20
36.09
35.98
35.86
35.78
35.69
35.58
35.50
35.39
35.27
35.16
35.06
34.94
34.83
34.67
34.55
34.46
34.35
34.27
34.18
34.07
33.95
33.84
33.72
33.65
33.57
33.43
33.29
33.18
33.06
32.96
32.87
32.77
32.68
32.59
32.50
32.37
32.27
32.17
32.04
31.94
31.85
31.72
31.63
31.54
31.43
31.32
31.21
31.09
31.01
30.93
30.83
30.72
30.61
30.51
30.40
30.28
30.19
30.08
29.97
29.87
29.77
29.69
29.61
29.51
29.41
29.28
29.15
29.04
28.94
28.83
28.70
28.58
28.47
28.37
28.27
28.16
28.03
27.93
27.82
27.73
27.64
27.52
27.42
27.31
27.21
27.08
26.98
26.87
26.77
26.66
26.54
26.44
26.33
26.23
26.15
26.05
25.95
25.83
25.72
25.63
25.52
25.43
25.35
25.26
25.17
25.05
24.93
24.81
24.70
24.61
24.48
24.35
24.27
24.18
24.08
23.99
23.90
23.80
23.69
23.57
23.46
23.37
23.24
23.11
22.98
22.87
22.77
22.68
22.60
22.49
22.38
22.29
22.16
22.06
21.92
21.82
21.71
21.60
21.48
21.37
21.27
21.16
21.05
20.96
20.83
20.72
20.59
20.49
20.39
20.27
20.16
20.04
19.94
19.84
19.75
19.63
19.52
19.42
19.33
19.25
19.11
18.99
18.90
18.81
18.70
18.60
18.49
18.36
18.26
18.15
18.06
17.96
17.87
17.76
17.64
17.52
17.39
17.30
17.16
17.04
16.96
16.82
16.72
16.61
16.51
16.39
16.30
16.17
16.06
15.95
15.86
15.78
15.68
15.57
15.44
15.32
15.19
15.08
14.99
14.89
14.78
14.68
14.55
14.43
