1	1	1	1	1	1	1	1	1	1	1	1	1	1	1	1
2	2	2	2	2	2	2	2	2	2	2	2	2	2	2	2
3	3	3	3	3	3	3	3	3	3	3	3	3	3	3	3
4	4	4	4	4	4	4	4	4	4	4	4	4	4	4	4
5	5	5	5	5	5	5	5	5	5	5	5	5	5	5	5
6	6	6	6	6	6	6	6	6	6	6	6	6	6	6	6
7	7	7	7	7	7	7	7	7	7	7	7	7	7	7	7
8	7	8	8	8	8	8	8	8	8	8	8	8	8	8	8
9	7	9	9	9	9	9	9	9	9	9	9	9	9	9	9
10	7	10	10	10	10	10	10	10	10	10	10	10	10	10	10
11	7	11	11	11	11	11	11	11	11	11	11	11	11	11	11
12	7	12	12	12	12	12	12	12	12	12	12	12	12	12	12
13	7	13	13	13	13	12	13	13	13	13	13	13	13	13	13
14	7	13	14	14	14	12	14	14	14	14	14	14	14	14	14
15	7	13	15	15	15	12	15	15	15	15	15	15	15	15	15
16	7	13	16	16	16	12	16	16	16	16	16	16	16	16	16
17	7	14	17	17	17	12	17	17	17	17	17	17	17	17	17
18	7	15	18	18	18	12	18	18	18	18	18	18	18	18	18
19	7	16	19	19	19	12	19	19	18	19	19	19	19	19	19
20	7	17	20	20	20	12	20	20	19	20	20	20	20	20	20
21	7	18	21	21	21	13	21	21	20	21	21	21	21	21	21
22	7	19	22	21	22	14	22	22	21	22	22	22	22	22	22
23	7	20	23	21	23	15	23	23	21	23	23	23	23	23	23
24	7	21	24	21	24	16	24	24	21	24	24	24	24	23	23
25	7	22	25	21	25	17	25	25	21	25	25	25	25	23	23
26	7	23	26	21	26	18	26	26	21	26	26	26	26	23	23
27	7	24	27	21	27	19	27	27	22	27	27	27	27	24	23
28	7	24	28	21	28	20	28	28	23	28	28	28	28	25	23
29	7	25	29	21	29	21	29	29	23	29	29	29	29	26	23
30	7	26	30	21	30	22	30	30	24	30	30	30	30	27	23
31	7	27	31	21	31	23	31	31	25	31	31	31	31	27	23
32	7	28	32	22	32	24	32	32	26	32	32	32	32	27	23
33	7	29	33	23	33	25	33	33	27	33	33	33	33	27	23
34	7	30	34	24	34	26	34	34	28	34	34	34	34	27	23
35	7	31	35	24	35	27	35	35	29	35	35	35	35	27	23
36	7	32	36	24	35	28	36	36	30	36	36	36	35	27	23
37	7	33	37	24	35	29	37	37	31	37	37	37	35	28	23
38	7	34	38	25	35	30	38	38	32	38	38	37	35	28	23
39	7	35	39	25	35	31	39	39	33	39	39	37	35	29	23
40	7	36	40	26	35	32	40	40	34	40	40	37	35	30	23
41	7	37	41	27	35	33	41	41	35	41	41	37	35	31	23
42	7	38	42	28	35	34	42	42	36	42	42	37	35	32	23
43	7	39	43	29	36	35	43	43	37	43	43	37	35	33	23
44	7	39	44	30	37	36	44	44	38	44	44	37	35	34	23
45	7	39	45	31	38	37	45	45	39	45	45	37	35	35	23
46	7	39	46	32	39	38	46	46	40	46	46	37	35	36	23
47	7	39	47	33	40	39	47	47	41	47	47	37	35	37	23
48	7	40	48	34	41	40	48	48	42	48	48	37	35	38	23
49	7	41	49	35	42	41	49	49	43	49	49	37	35	39	23
50	7	42	50	36	43	42	50	50	44	50	50	37	35	40	23
51	7	43	51	37	44	43	51	51	45	51	51	37	35	41	23
52	7	44	52	38	45	44	52	52	46	52	52	37	35	42	23
53	7	45	52	39	46	44	53	53	47	53	53	37	35	43	23
54	7	46	52	40	47	45	54	54	48	54	54	37	35	44	23
55	7	47	52	41	48	45	55	55	49	55	55	37	35	45	23
56	7	48	52	42	49	45	56	56	50	56	56	37	35	46	23
57	7	49	52	43	50	46	57	57	51	56	57	37	35	47	23
58	7	50	52	44	51	47	58	58	52	57	58	37	35	48	23
59	7	51	52	45	52	47	59	59	53	57	59	37	35	49	23
60	7	52	52	46	53	48	60	60	54	58	60	37	35	50	23
61	7	53	52	47	54	49	61	61	55	59	61	37	35	51	23
62	7	54	52	48	55	50	62	62	56	59	62	37	35	52	23
63	7	55	52	49	56	51	63	63	57	59	63	37	35	53	23
64	7	56	52	50	57	52	64	64	58	59	64	37	35	54	23
65	7	57	52	51	58	53	65	65	59	59	65	37	35	55	23
66	7	58	52	52	59	54	66	66	60	59	66	37	35	56	23
67	7	59	52	53	60	55	67	67	61	59	67	37	35	57	23
68	7	60	52	54	61	56	68	68	62	60	68	37	35	58	23
69	7	61	52	55	62	57	69	69	63	61	69	37	35	59	23
70	7	62	52	56	63	58	70	70	64	61	70	37	35	60	23
71	7	63	52	57	64	59	71	71	65	62	71	37	35	61	23
72	7	64	52	58	65	60	72	72	66	62	72	37	35	62	23
73	7	65	52	59	66	61	73	73	67	63	73	37	35	63	23
74	7	66	52	60	67	62	74	74	68	64	74	37	35	64	23
75	7	67	52	61	68	63	75	75	69	65	75	37	35	65	23
76	7	68	52	62	69	64	76	76	70	66	76	37	35	66	23
77	7	69	52	63	70	65	77	77	71	67	77	37	35	67	23
78	7	70	52	64	71	66	78	78	72	68	78	37	35	68	23
79	7	71	52	65	72	67	79	79	73	69	79	37	35	69	23
80	7	72	52	66	73	68	80	80	74	70	80	37	35	70	23
81	7	73	52	67	74	69	81	81	75	71	81	37	35	71	23
82	7	74	52	68	75	70	82	82	76	72	82	37	35	72	23
83	7	75	52	69	76	71	83	83	77	73	83	37	35	73	23
84	7	76	52	70	77	72	84	84	78	74	84	37	35	74	23
85	7	77	52	71	78	73	85	85	79	75	85	37	35	75	23
86	7	78	52	72	79	74	86	86	80	76	86	37	35	76	23
87	7	79	52	73	80	75	87	87	81	77	87	37	35	77	23
88	7	80	52	74	81	76	88	88	82	78	88	37	35	78	23
89	7	81	52	75	82	77	89	89	83	79	88	37	35	79	23
90	7	82	52	76	83	78	90	90	84	80	89	37	35	80	23
91	7	83	52	77	84	79	91	91	85	81	89	37	35	81	23
92	7	84	52	78	85	80	92	92	86	82	89	37	35	82	23
93	7	85	52	79	86	81	93	93	87	83	89	37	35	83	23
94	7	86	52	80	87	82	94	94	88	84	89	37	35	84	23
95	7	87	52	81	88	83	95	95	89	85	89	37	35	85	23
96	7	88	52	82	89	84	96	96	90	86	90	37	35	86	23
97	7	89	52	83	90	85	97	97	91	87	90	37	35	87	23
98	7	90	52	84	91	86	98	98	92	88	91	37	35	88	23
99	7	91	52	85	92	87	99	99	93	89	92	37	35	89	23
100	7	92	52	86	93	88	100	100	94	90	93	37	35	90	23
101	7	93	52	87	94	89	101	101	95	91	94	37	35	91	23
102	7	94	52	88	95	90	102	102	96	92	95	37	35	92	23
103	7	95	52	89	96	91	103	103	97	93	96	37	35	93	23
104	7	96	52	90	97	92	104	104	98	94	97	37	35	94	23
105	7	97	52	91	98	93	105	105	99	95	98	37	35	95	23
107	7	98	52	92	99	94	106	106	99	96	99	37	35	96	23
108	7	99	52	93	100	95	107	107	99	97	100	37	35	97	23
109	7	100	52	94	101	96	108	108	99	98	101	37	35	98	23
110	7	101	52	95	102	97	109	109	99	99	102	37	35	99	23
111	7	102	52	96	102	98	110	109	99	100	103	37	35	100	23
112	7	103	52	97	102	99	111	109	99	101	104	37	35	101	23
113	7	104	52	98	102	99	111	109	99	102	105	37	35	102	23
114	7	105	52	99	102	99	111	109	99	103	106	37	35	103	23
115	7	106	52	100	102	99	111	109	99	104	107	37	35	104	23
116	7	107	52	101	103	99	111	109	99	105	108	37	35	105	23
117	7	108	52	102	104	99	111	109	99	106	109	37	35	106	23
118	7	109	52	103	105	99	111	109	99	107	110	37	35	107	23
119	7	110	52	104	105	99	111	109	99	108	111	37	35	108	23
120	7	111	52	105	106	99	111	109	99	109	112	37	35	108	23
121	7	112	52	106	107	99	111	109	99	110	113	37	35	108	23
122	7	113	52	107	108	99	111	109	99	111	114	37	35	108	23
123	7	114	52	108	109	99	111	109	99	111	115	37	35	108	23
124	7	115	52	109	110	99	111	109	99	111	116	37	35	108	23
125	7	116	52	110	111	99	111	109	99	111	117	37	35	108	23
126	7	117	52	111	112	99	111	109	99	111	118	37	35	108	23
127	7	118	52	112	113	99	111	109	99	111	119	37	35	108	23
128	7	119	52	113	114	99	111	109	99	111	120	37	35	108	23
129	7	120	52	113	115	99	111	109	99	111	121	37	35	108	23
130	7	121	52	113	116	99	111	109	99	111	122	37	35	108	23
131	7	122	52	113	117	99	111	109	99	111	123	37	35	108	23
132	7	123	52	113	118	99	111	109	99	111	124	37	35	108	23
133	7	123	52	113	119	99	111	109	99	111	125	37	35	108	23
134	7	123	52	113	120	99	111	109	99	111	126	37	35	108	23
135	7	123	52	113	121	99	111	109	99	111	127	37	35	108	23
136	7	123	52	113	122	99	111	109	99	111	128	37	35	108	23
137	7	123	52	113	123	99	111	109	99	111	129	37	35	108	23
138	7	123	52	113	124	99	111	109	99	111	130	37	35	108	23
139	7	123	52	113	125	99	111	109	99	111	131	37	35	108	23
140	7	123	52	113	126	99	111	109	99	111	132	37	35	108	23
141	7	123	52	113	127	99	111	109	99	111	133	37	35	108	23
142	7	123	52	113	128	99	111	109	99	111	133	37	35	108	23
143	7	123	52	113	129	99	111	109	99	111	133	37	35	108	23
144	7	123	52	113	130	99	111	109	99	111	133	37	35	108	23
145	7	123	52	113	131	99	111	109	99	111	133	37	35	108	23
146	7	123	52	113	132	99	111	109	99	111	133	37	35	108	23
147	7	123	52	113	132	99	111	109	99	111	133	37	35	108	23
148	7	123	52	113	132	99	111	109	99	111	133	37	35	108	23
149	7	123	52	113	132	99	111	109	99	111	133	37	35	108	23
150	7	123	52	113	132	99	111	109	99	111	133	37	35	108	23
151	7	123	52	113	132	99	111	109	99	111	133	37	35	108	23
152	7	123	52	113	132	99	111	109	99	111	133	37	35	108	23
153	7	123	52	113	132	99	111	109	99	111	133	37	35	108	23
154	7	123	52	113	132	99	111	109	99	111	133	37	35	108	23
155	7	123	52	113	132	99	111	109	99	111	133	37	35	108	23
156	7	123	52	113	132	99	111	109	99	111	133	37	35	108	23
157	7	123	52	113	132	99	111	109	99	111	133	37	35	108	23
158	7	123	52	113	132	99	111	109	99	111	133	37	35	108	23
159	7	123	52	113	132	99	111	109	99	111	133	37	35	108	23
160	7	123	52	113	132	99	111	109	99	111	133	37	35	108	23
161	7	123	52	113	132	99	111	109	99	111	133	37	35	108	23
162	7	123	52	113	132	99	111	109	99	111	133	37	35	108	23
163	7	123	52	113	132	99	111	109	99	111	133	37	35	108	23
164	7	123	52	113	132	99	111	109	99	111	133	37	35	108	23
165	7	123	52	113	132	99	111	109	99	111	133	37	35	108	23
166	7	123	52	113	132	99	111	109	99	111	133	37	35	108	23
167	7	123	52	113	132	99	111	109	99	111	133	37	35	108	23
168	7	123	52	113	132	99	111	109	99	111	133	37	35	108	23
169	7	123	52	113	132	99	111	109	99	111	133	37	35	108	23
170	7	123	52	113	132	99	111	109	99	111	133	37	35	108	23
171	7	123	52	113	132	99	111	109	99	111	133	37	35	108	23
172	7	123	52	113	132	99	111	109	99	111	133	37	35	108	23
173	7	123	52	113	132	99	111	109	99	111	133	37	35	108	23
174	7	123	52	113	132	99	111	109	99	111	133	37	35	108	23
175	7	123	52	113	132	99	111	109	99	111	133	37	35	108	23
176	7	123	52	113	132	99	111	109	99	111	133	37	35	108	23
177	7	123	52	113	132	99	111	109	99	111	133	37	35	108	23
178	7	123	52	113	132	99	111	109	99	111	133	37	35	108	23
179	7	123	52	113	132	99	111	109	99	111	133	37	35	108	23
180	7	123	52	113	132	99	111	109	99	111	133	37	35	108	23
181	7	123	52	113	132	99	111	109	99	111	133	37	35	108	23
182	7	123	52	113	132	99	111	109	99	111	133	37	35	108	23
183	7	123	52	113	132	99	111	109	99	111	133	37	35	108	23
184	7	123	52	113	132	99	111	109	99	111	133	37	35	108	23
185	7	123	52	113	132	99	111	109	99	111	133	37	35	108	23
186	7	123	52	113	132	99	111	109	99	111	133	37	35	108	23
187	7	123	52	113	132	99	111	109	99	111	133	37	35	108	23
188	7	123	52	113	132	99	111	109	99	111	133	37	35	108	23
189	7	123	52	113	132	99	111	109	99	111	133	37	35	108	23
190	7	123	52	113	132	99	111	109	99	111	133	37	35	108	23
191	7	123	52	113	132	99	111	109	99	111	133	37	35	108	23
192	7	123	52	113	132	99	111	109	99	111	133	37	35	108	23
193	7	123	52	113	132	99	111	109	99	111	133	37	35	108	23
194	7	123	52	113	132	99	111	109	99	111	133	37	35	108	23
195	7	123	52	113	132	99	111	109	99	111	133	37	35	108	23
196	7	123	52	113	132	99	111	109	99	111	133	37	35	108	23
197	7	123	52	113	132	99	111	109	99	111	133	37	35	108	23
198	7	123	52	113	132	99	111	109	99	111	133	37	35	108	23
199	7	123	52	113	132	99	111	109	99	111	133	37	35	108	23
200	7	123	52	113	132	99	111	109	99	111	133	37	35	108	23
201	7	123	52	113	132	99	111	109	99	111	133	37	35	108	23
202	7	123	52	113	132	99	111	109	99	111	133	37	35	108	23
203	7	123	52	113	132	99	111	109	99	111	133	37	35	108	23
204	7	123	52	113	132	99	111	109	99	111	133	37	35	108	23
205	7	123	52	113	132	99	111	109	99	111	133	37	35	108	23
206	7	123	52	113	132	99	111	109	99	111	133	37	35	108	23
207	7	123	52	113	132	99	111	109	99	111	133	37	35	108	23
208	7	123	52	113	132	99	111	109	99	111	133	37	35	108	23
209	7	123	52	113	132	99	111	109	99	111	133	37	35	108	23
210	7	123	52	113	132	99	111	109	99	111	133	37	35	108	23
211	7	123	52	113	132	99	111	109	99	111	133	37	35	108	23
212	7	123	52	113	132	99	111	109	99	111	133	37	35	108	23
213	7	123	52	113	132	99	111	109	99	111	133	37	35	108	23
214	7	123	52	113	132	99	111	109	99	111	133	37	35	108	23
215	7	123	52	113	132	99	111	109	99	111	133	37	35	108	23
216	7	123	52	113	132	99	111	109	99	111	133	37	35	108	23
217	7	123	52	113	132	99	111	109	99	111	133	37	35	108	23
218	7	123	52	113	132	99	111	109	99	111	133	37	35	108	23
219	7	123	52	113	132	99	111	109	99	111	133	37	35	108	23
220	7	123	52	113	132	99	111	109	99	111	133	37	35	108	23
221	7	123	52	113	132	99	111	109	99	111	133	37	35	108	23
222	7	123	52	113	132	99	111	109	99	111	133	37	35	108	23
223	7	123	52	113	132	99	111	109	99	111	133	37	35	108	23
224	7	123	52	113	132	99	111	109	99	111	133	37	35	108	23
225	7	123	52	113	132	99	111	109	99	111	133	37	35	108	23
226	7	123	52	113	132	99	111	109	99	111	133	37	35	108	23
227	7	123	52	113	132	99	111	109	99	111	133	37	35	108	23
228	7	123	52	113	132	99	111	109	99	111	133	37	35	108	23
229	7	123	52	113	132	99	111	109	99	111	133	37	35	108	23
230	7	123	52	113	132	99	111	109	99	111	133	37	35	108	23
231	7	123	52	113	132	99	111	109	99	111	133	37	35	108	23
232	7	123	52	113	132	99	111	109	99	111	133	37	35	108	23
233	7	123	52	113	132	99	111	109	99	111	133	37	35	108	23
234	7	123	52	113	132	99	111	109	99	111	133	37	35	108	23
235	7	123	52	113	132	99	111	109	99	111	133	37	35	108	23
236	7	123	52	113	132	99	111	109	99	111	133	37	35	108	23
237	7	123	52	113	132	99	111	109	99	111	133	37	35	108	23
238	7	123	52	113	132	99	111	109	99	111	133	37	35	108	23
239	7	123	52	113	132	99	111	109	99	111	133	37	35	108	23
240	7	123	52	113	132	99	111	109	99	111	133	37	35	108	23
241	7	123	52	113	132	99	111	109	99	111	133	37	35	108	23
242	7	123	52	113	132	99	111	109	99	111	133	37	35	108	23
243	7	123	52	113	132	99	111	109	99	111	133	37	35	108	23
244	7	123	52	113	132	99	111	109	99	111	133	37	35	108	23
245	7	123	52	113	132	99	111	109	99	111	133	37	35	108	23
246	7	123	52	113	132	99	111	109	99	111	133	37	35	108	23
247	7	123	52	113	132	99	111	109	99	111	133	37	35	108	23
248	7	123	52	113	132	99	111	109	99	111	133	37	35	108	23
249	7	123	52	113	132	99	111	109	99	111	133	37	35	108	23
250	7	123	52	113	132	99	111	109	99	111	133	37	35	108	23
251	7	123	52	113	132	99	111	109	99	111	133	37	35	108	23
252	7	123	52	113	132	99	111	109	99	111	133	37	35	108	23
253	7	123	52	113	132	99	111	109	99	111	133	37	35	108	23
254	7	123	52	113	132	99	111	109	99	111	133	37	35	108	23
255	7	123	52	113	132	99	111	109	99	111	133	37	35	108	23
256	7	123	52	113	132	99	111	109	99	111	133	37	35	108	23
257	7	123	52	113	132	99	111	109	99	111	133	37	35	108	23
258	7	123	52	113	132	99	111	109	99	111	133	37	35	108	23
259	7	123	52	113	132	99	111	109	99	111	133	37	35	108	23
260	7	123	52	113	132	99	111	109	99	111	133	37	35	108	23
261	7	123	52	113	132	99	111	109	99	111	133	37	35	108	23
262	7	123	52	113	132	99	111	109	99	111	133	37	35	108	23
263	7	123	52	113	132	99	111	109	99	111	133	37	35	108	23
264	7	123	52	113	132	99	111	109	99	111	133	37	35	108	23
265	7	123	52	113	132	99	111	109	99	111	133	37	35	108	23
266	7	123	52	113	132	99	111	109	99	111	133	37	35	108	23
267	7	123	52	113	132	99	111	109	99	111	133	37	35	108	23
268	7	123	52	113	132	99	111	109	99	111	133	37	35	108	23
269	7	123	52	113	132	99	111	109	99	111	133	37	35	108	23
270	7	123	52	113	132	99	111	109	99	111	133	37	35	108	23
271	7	123	52	113	132	99	111	109	99	111	133	37	35	108	23
272	7	123	52	113	132	99	111	109	99	111	133	37	35	108	23
273	7	123	52	113	132	99	111	109	99	111	133	37	35	108	23
274	7	123	52	113	132	99	111	109	99	111	133	37	35	108	23
275	7	123	52	113	132	99	111	109	99	111	133	37	35	108	23
276	7	123	52	113	132	99	111	109	99	111	133	37	35	108	23
277	7	123	52	113	132	99	111	109	99	111	133	37	35	108	23
278	7	123	52	113	132	99	111	109	99	111	133	37	35	108	23
279	7	123	52	113	132	99	111	109	99	111	133	37	35	108	23
280	7	123	52	113	132	99	111	109	99	111	133	37	35	108	23
281	7	123	52	113	132	99	111	109	99	111	133	37	35	108	23
282	7	123	52	113	132	99	111	109	99	111	133	37	35	108	23
283	7	123	52	113	132	99	111	109	99	111	133	37	35	108	23
284	7	123	52	113	132	99	111	109	99	111	133	37	35	108	23
285	7	123	52	113	132	99	111	109	99	111	133	37	35	108	23
286	7	123	52	113	132	99	111	109	99	111	133	37	35	108	23
287	7	123	52	113	132	99	111	109	99	111	133	37	35	108	23
288	7	123	52	113	132	99	111	109	99	111	133	37	35	108	23
289	7	123	52	113	132	99	111	109	99	111	133	37	35	108	23
290	7	123	52	113	132	99	111	109	99	111	133	37	35	108	23
291	7	123	52	113	132	99	111	109	99	111	133	37	35	108	23
292	7	123	52	113	132	99	111	109	99	111	133	37	35	108	23
293	7	123	52	113	132	99	111	109	99	111	133	37	35	108	23
294	7	123	52	113	132	99	111	109	99	111	133	37	35	108	23
295	7	123	52	113	132	99	111	109	99	111	133	37	35	108	23
296	7	123	52	113	132	99	111	109	99	111	133	37	35	108	23
297	7	123	52	113	132	99	111	109	99	111	133	37	35	108	23
298	7	123	52	113	132	99	111	109	99	111	133	37	35	108	23
299	7	123	52	113	132	99	111	109	99	111	133	37	35	108	23
300	7	123	52	113	132	99	111	109	99	111	133	37	35	108	23
301	7	123	52	113	132	99	111	109	99	111	133	37	35	108	23
302	7	123	52	113	132	99	111	109	99	111	133	37	35	108	23
303	7	123	52	113	132	99	111	109	99	111	133	37	35	108	23
304	7	123	52	113	132	99	111	109	99	111	133	37	35	108	23
305	7	123	52	113	132	99	111	109	99	111	133	37	35	108	23
306	7	123	52	113	132	99	111	109	99	111	133	37	35	108	23
307	7	123	52	113	132	99	111	109	99	111	133	37	35	108	23
308	7	123	52	113	132	99	111	109	99	111	133	37	35	108	23
309	7	123	52	113	132	99	111	109	99	111	133	37	35	108	23
310	7	123	52	113	132	99	111	109	99	111	133	37	35	108	23
311	7	123	52	113	132	99	111	109	99	111	133	37	35	108	23
312	7	123	52	113	132	99	111	109	99	111	133	37	35	108	23
313	7	123	52	113	132	99	111	109	99	111	133	37	35	108	23
314	7	123	52	113	132	99	111	109	99	111	133	37	35	108	23
315	7	123	52	113	132	99	111	109	99	111	133	37	35	108	23
316	7	123	52	113	132	99	111	109	99	111	133	37	35	108	23
317	7	123	52	113	132	99	111	109	99	111	133	37	35	108	23
318	7	123	52	113	132	99	111	109	99	111	133	37	35	108	23
319	7	123	52	113	132	99	111	109	99	111	133	37	35	108	23
320	7	123	52	113	132	99	111	109	99	111	133	37	35	108	23
321	7	123	52	113	132	99	111	109	99	111	133	37	35	108	23
322	7	123	52	113	132	99	111	109	99	111	133	37	35	108	23
323	7	123	52	113	132	99	111	109	99	111	133	37	35	108	23
324	7	123	52	113	132	99	111	109	99	111	133	37	35	108	23
325	7	123	52	113	132	99	111	109	99	111	133	37	35	108	23
326	7	123	52	113	132	99	111	109	99	111	133	37	35	108	23
327	7	123	52	113	132	99	111	109	99	111	133	37	35	108	23
328	7	123	52	113	132	99	111	109	99	111	133	37	35	108	23
329	7	123	52	113	132	99	111	109	99	111	133	37	35	108	23
330	7	123	52	113	132	99	111	109	99	111	133	37	35	108	23
331	7	123	52	113	132	99	111	109	99	111	133	37	35	108	23
332	7	123	52	113	132	99	111	109	99	111	133	37	35	108	23
333	7	123	52	113	132	99	111	109	99	111	133	37	35	108	23
334	7	123	52	113	132	99	111	109	99	111	133	37	35	108	23
335	7	123	52	113	132	99	111	109	99	111	133	37	35	108	23
336	7	123	52	113	132	99	111	109	99	111	133	37	35	108	23
337	7	123	52	113	132	99	111	109	99	111	133	37	35	108	23
338	7	123	52	113	132	99	111	109	99	111	133	37	35	108	23
339	7	123	52	113	132	99	111	109	99	111	133	37	35	108	23
340	7	123	52	113	132	99	111	109	99	111	133	37	35	108	23
341	7	123	52	113	132	99	111	109	99	111	133	37	35	108	23
342	7	123	52	113	132	99	111	109	99	111	133	37	35	108	23
343	7	123	52	113	132	99	111	109	99	111	133	37	35	108	23
344	7	123	52	113	132	99	111	109	99	111	133	37	35	108	23
345	7	123	52	113	132	99	111	109	99	111	133	37	35	108	23
346	7	123	52	113	132	99	111	109	99	111	133	37	35	108	23
347	7	123	52	113	132	99	111	109	99	111	133	37	35	108	23
348	7	123	52	113	132	99	111	109	99	111	133	37	35	108	23
349	7	123	52	113	132	99	111	109	99	111	133	37	35	108	23
350	7	123	52	113	132	99	111	109	99	111	133	37	35	108	23
351	7	123	52	113	132	99	111	109	99	111	133	37	35	108	23
352	7	123	52	113	132	99	111	109	99	111	133	37	35	108	23
353	7	123	52	113	132	99	111	109	99	111	133	37	35	108	23
354	7	123	52	113	132	99	111	109	99	111	133	37	35	108	23
355	7	123	52	113	132	99	111	109	99	111	133	37	35	108	23
356	7	123	52	113	132	99	111	109	99	111	133	37	35	108	23
357	7	123	52	113	132	99	111	109	99	111	133	37	35	108	23
358	7	123	52	113	132	99	111	109	99	111	133	37	35	108	23
359	7	123	52	113	132	99	111	109	99	111	133	37	35	108	23
360	7	123	52	113	132	99	111	109	99	111	133	37	35	108	23
361	7	123	52	113	132	99	111	109	99	111	133	37	35	108	23
362	7	123	52	113	132	99	111	109	99	111	133	37	35	108	23
363	7	123	52	113	132	99	111	109	99	111	133	37	35	108	23
364	7	123	52	113	132	99	111	109	99	111	133	37	35	108	23
365	7	123	52	113	132	99	111	109	99	111	133	37	35	108	23
366	7	123	52	113	132	99	111	109	99	111	133	37	35	108	23
367	7	123	52	113	132	99	111	109	99	111	133	37	35	108	23
368	7	123	52	113	132	99	111	109	99	111	133	37	35	108	23
369	7	123	52	113	132	99	111	109	99	111	133	37	35	108	23
370	7	123	52	113	132	99	111	109	99	111	133	37	35	108	23
371	7	123	52	113	132	99	111	109	99	111	133	37	35	108	23
372	7	123	52	113	132	99	111	109	99	111	133	37	35	108	23
373	7	123	52	113	132	99	111	109	99	111	133	37	35	108	23
374	7	123	52	113	132	99	111	109	99	111	133	37	35	108	23
375	7	123	52	113	132	99	111	109	99	111	133	37	35	108	23
376	7	123	52	113	132	99	111	109	99	111	133	37	35	108	23
377	7	123	52	113	132	99	111	109	99	111	133	37	35	108	23
378	7	123	52	113	132	99	111	109	99	111	133	37	35	108	23
379	7	123	52	113	132	99	111	109	99	111	133	37	35	108	23
380	7	123	52	113	132	99	111	109	99	111	133	37	35	108	23
381	7	123	52	113	132	99	111	109	99	111	133	37	35	108	23
382	7	123	52	113	132	99	111	109	99	111	133	37	35	108	23
383	7	123	52	113	132	99	111	109	99	111	133	37	35	108	23
384	7	123	52	113	132	99	111	109	99	111	133	37	35	108	23
385	7	123	52	113	132	99	111	109	99	111	133	37	35	108	23
386	7	123	52	113	132	99	111	109	99	111	133	37	35	108	23
387	7	123	52	113	132	99	111	109	99	111	133	37	35	108	23
388	7	123	52	113	132	99	111	109	99	111	133	37	35	108	23
389	7	123	52	113	132	99	111	109	99	111	133	37	35	108	23
390	7	123	52	113	132	99	111	109	99	111	133	37	35	108	23
391	7	123	52	113	132	99	111	109	99	111	133	37	35	108	23
392	7	123	52	113	132	99	111	109	99	111	133	37	35	108	23
393	7	123	52	113	132	99	111	109	99	111	133	37	35	108	23
394	7	123	52	113	132	99	111	109	99	111	133	37	35	108	23
395	7	123	52	113	132	99	111	109	99	111	133	37	35	108	23
396	7	123	52	113	132	99	111	109	99	111	133	37	35	108	23
397	7	123	52	113	132	99	111	109	99	111	133	37	35	108	23
398	7	123	52	113	132	99	111	109	99	111	133	37	35	108	23
399	7	123	52	113	132	99	111	109	99	111	133	37	35	108	23
400	7	123	52	113	132	99	111	109	99	111	133	37	35	108	23
401	7	123	52	113	132	99	111	109	99	111	133	37	35	108	23
402	7	123	52	113	132	99	111	109	99	111	133	37	35	108	23
403	7	123	52	113	132	99	111	109	99	111	133	37	35	108	23
404	7	123	52	113	132	99	111	109	99	111	133	37	35	108	23
405	7	123	52	113	132	99	111	109	99	111	133	37	35	108	23
406	7	123	52	113	132	99	111	109	99	111	133	37	35	108	23
407	7	123	52	113	132	99	111	109	99	111	133	37	35	108	23
408	7	123	52	113	132	99	111	109	99	111	133	37	35	108	23
409	7	123	52	113	132	99	111	109	99	111	133	37	35	108	23
410	7	123	52	113	132	99	111	109	99	111	133	37	35	108	23
411	7	123	52	113	132	99	111	109	99	111	133	37	35	108	23
412	7	123	52	113	132	99	111	109	99	111	133	37	35	108	23
413	7	123	52	113	132	99	111	109	99	111	133	37	35	108	23
414	7	123	52	113	132	99	111	109	99	111	133	37	35	108	23
415	7	123	52	113	132	99	111	109	99	111	133	37	35	108	23
416	7	123	52	113	132	99	111	109	99	111	133	37	35	108	23
417	7	123	52	113	132	99	111	109	99	111	133	37	35	108	23
418	7	123	52	113	132	99	111	109	99	111	133	37	35	108	23
419	7	123	52	113	132	99	111	109	99	111	133	37	35	108	23
420	7	123	52	113	132	99	111	109	99	111	133	37	35	108	23
421	7	123	52	113	132	99	111	109	99	111	133	37	35	108	23
422	7	123	52	113	132	99	111	109	99	111	133	37	35	108	23
423	7	123	52	113	132	99	111	109	99	111	133	37	35	108	23
424	7	123	52	113	132	99	111	109	99	111	133	37	35	108	23
425	7	123	52	113	132	99	111	109	99	111	133	37	35	108	23
426	7	123	52	113	132	99	111	109	99	111	133	37	35	108	23
427	7	123	52	113	132	99	111	109	99	111	133	37	35	108	23
428	7	123	52	113	132	99	111	109	99	111	133	37	35	108	23
429	7	123	52	113	132	99	111	109	99	111	133	37	35	108	23
430	7	123	52	113	132	99	111	109	99	111	133	37	35	108	23
431	7	123	52	113	132	99	111	109	99	111	133	37	35	108	23
432	7	123	52	113	132	99	111	109	99	111	133	37	35	108	23
433	7	123	52	113	132	99	111	109	99	111	133	37	35	108	23
434	7	123	52	113	132	99	111	109	99	111	133	37	35	108	23
435	7	123	52	113	132	99	111	109	99	111	133	37	35	108	23
436	7	123	52	113	132	99	111	109	99	111	133	37	35	108	23
437	7	123	52	113	132	99	111	109	99	111	133	37	35	108	23
438	7	123	52	113	132	99	111	109	99	111	133	37	35	108	23
439	7	123	52	113	132	99	111	109	99	111	133	37	35	108	23
440	7	123	52	113	132	99	111	109	99	111	133	37	35	108	23
441	7	123	52	113	132	99	111	109	99	111	133	37	35	108	23
442	7	123	52	113	132	99	111	109	99	111	133	37	35	108	23
443	7	123	52	113	132	99	111	109	99	111	133	37	35	108	23
444	7	123	52	113	132	99	111	109	99	111	133	37	35	108	23
445	7	123	52	113	132	99	111	109	99	111	133	37	35	108	23
446	7	123	52	113	132	99	111	109	99	111	133	37	35	108	23
447	7	123	52	113	132	99	111	109	99	111	133	37	35	108	23
448	7	123	52	113	132	99	111	109	99	111	133	37	35	108	23
449	7	123	52	113	132	99	111	109	99	111	133	37	35	108	23
450	7	123	52	113	132	99	111	109	99	111	133	37	35	108	23
451	7	123	52	113	132	99	111	109	99	111	133	37	35	108	23
452	7	123	52	113	132	99	111	109	99	111	133	37	35	108	23
453	7	123	52	113	132	99	111	109	99	111	133	37	35	108	23
454	7	123	52	113	132	99	111	109	99	111	133	37	35	108	23
455	7	123	52	113	132	99	111	109	99	111	133	37	35	108	23
456	7	123	52	113	132	99	111	109	99	111	133	37	35	108	23
457	7	123	52	113	132	99	111	109	99	111	133	37	35	108	23
458	7	123	52	113	132	99	111	109	99	111	133	37	35	108	23
459	7	123	52	113	132	99	111	109	99	111	133	37	35	108	23
460	7	123	52	113	132	99	111	109	99	111	133	37	35	108	23
461	7	123	52	113	132	99	111	109	99	111	133	37	35	108	23
462	7	123	52	113	132	99	111	109	99	111	133	37	35	108	23
463	7	123	52	113	132	99	111	109	99	111	133	37	35	108	23
464	7	123	52	113	132	99	111	109	99	111	133	37	35	108	23
465	7	123	52	113	132	99	111	109	99	111	133	37	35	108	23
466	7	123	52	113	132	99	111	109	99	111	133	37	35	108	23
467	7	123	52	113	132	99	111	109	99	111	133	37	35	108	23
468	7	123	52	113	132	99	111	109	99	111	133	37	35	108	23
469	7	123	52	113	132	99	111	109	99	111	133	37	35	108	23
470	7	123	52	113	132	99	111	109	99	111	133	37	35	108	23
471	7	123	52	113	132	99	111	109	99	111	133	37	35	108	23
472	7	123	52	113	132	99	111	109	99	111	133	37	35	108	23
473	7	123	52	113	132	99	111	109	99	111	133	37	35	108	23
474	7	123	52	113	132	99	111	109	99	111	133	37	35	108	23
475	7	123	52	113	132	99	111	109	99	111	133	37	35	108	23
476	7	123	52	113	132	99	111	109	99	111	133	37	35	108	23
477	7	123	52	113	132	99	111	109	99	111	133	37	35	108	23
478	7	123	52	113	132	99	111	109	99	111	133	37	35	108	23
479	7	123	52	113	132	99	111	109	99	111	133	37	35	108	23
480	7	123	52	113	132	99	111	109	99	111	133	37	35	108	23
481	7	123	52	113	132	99	111	109	99	111	133	37	35	108	23
482	7	123	52	113	132	99	111	109	99	111	133	37	35	108	23
483	7	123	52	113	132	99		109	99	111	133	37	35	108	23
