89.15
88.96
88.75
88.56
88.31
88.08
87.88
87.63
87.40
87.21
87.00
86.79
86.59
86.37
86.18
85.97
85.71
85.52
85.31
85.09
84.85
84.65
84.44
84.19
83.99
83.76
83.55
83.33
83.10
82.84
82.64
82.43
82.22
82.03
81.79
81.59
81.40
81.18
80.97
80.73
80.50
80.31
80.11
79.84
79.63
79.43
79.20
78.97
78.77
78.54
78.31
78.09
77.88
77.66
77.46
77.25
77.04
76.85
76.62
76.39
76.16
75.94
75.72
75.49
75.28
75.07
74.86
74.63
74.41
74.20
73.99
73.49
73.12
72.71
72.45
72.17
71.96
71.60
71.27
70.90
70.67
70.48
70.16
69.96
69.75
69.57
69.28
68.88
68.47
68.04
67.64
67.40
67.18
66.97
66.77
66.57
66.34
66.08
65.86
65.65
65.34
65.13
64.93
64.63
64.40
64.12
63.93
63.60
63.23
62.90
62.67
62.45
62.21
61.93
61.72
61.52
61.28
61.08
60.88
60.68
60.49
60.26
60.05
59.85
59.62
59.41
59.18
59.18
59.08
58.97
58.77
58.64
58.55
58.44
58.31
58.19
58.07
57.95
57.84
57.75
57.64
57.54
57.42
57.30
57.19
57.07
56.93
56.84
56.73
56.51
56.35
56.26
56.16
56.01
55.90
55.79
55.69
55.56
55.47
55.36
55.19
