91.03
90.81
90.62
90.42
90.20
89.98
89.74
89.50
89.28
89.08
88.89
88.67
88.46
88.27
88.06
87.88
87.65
87.43
87.21
87.00
86.79
86.59
86.40
86.19
86.00
85.79
85.56
85.33
85.10
84.85
84.63
84.40
84.22
84.00
83.78
83.58
83.37
83.17
82.93
82.75
82.51
82.30
82.10
81.85
81.61
81.39
81.20
81.01
80.81
80.59
80.32
80.11
79.89
79.65
79.44
79.25
79.04
78.84
78.65
78.38
78.16
77.94
77.71
77.48
77.27
77.06
76.87
76.62
76.39
76.21
76.03
75.63
75.28
74.90
74.53
74.10
73.90
73.51
73.17
72.81
72.59
72.39
72.03
71.85
71.63
71.44
71.19
70.86
70.50
70.11
69.77
69.50
69.26
69.05
68.86
68.65
68.40
68.17
67.96
67.75
67.44
67.22
67.00
66.71
66.45
66.21
65.79
65.37
64.99
64.78
64.56
64.33
64.12
63.89
63.65
63.41
63.20
63.01
62.82
62.61
62.40
62.18
61.97
61.76
61.55
61.35
61.13
60.85
60.64
60.29
60.09
59.87
59.66
59.43
59.22
58.98
58.78
58.59
58.39
58.17
57.93
57.73
57.51
57.29
57.07
56.82
56.62
56.38
56.38
56.28
56.11
55.98
55.87
55.74
55.63
55.51
55.40
55.30
55.19
55.09
54.96
