59.35
59.15
58.93
58.73
58.50
58.28
58.06
57.81
57.61
57.39
57.19
56.98
56.79
56.57
56.35
56.14
55.95
55.72
55.51
55.30
55.09
54.89
54.66
54.45
54.23
54.02
53.81
53.57
53.29
53.10
52.87
52.67
52.44
52.23
52.04
51.83
51.63
51.39
51.18
50.97
50.76
50.53
50.34
50.09
49.89
49.67
49.46
49.26
49.07
48.88
48.62
48.40
48.17
47.96
47.76
47.53
47.33
47.12
46.92
46.65
46.45
46.22
45.99
45.75
45.53
45.33
45.13
44.93
44.70
44.48
44.28
43.72
43.38
42.90
42.54
42.25
42.04
41.68
41.30
40.95
40.73
40.54
40.18
39.96
39.74
39.54
39.31
39.08
38.74
38.39
38.01
37.58
37.36
37.16
36.95
36.73
36.50
36.20
36.01
35.82
35.82
35.72
35.60
35.49
35.27
35.06
34.95
34.60
34.29
33.96
33.84
33.74
33.61
33.48
33.30
33.19
33.07
32.96
32.84
32.75
32.64
32.53
32.44
32.35
32.26
32.17
32.05
31.93
31.73
31.63
31.40
31.27
31.16
31.06
30.94
30.84
30.70
30.59
30.50
30.38
30.30
30.18
30.07
29.91
29.81
29.66
29.56
29.46
29.33
29.13
28.96
28.83
28.72
28.62
28.50
28.38
28.28
28.15
28.05
27.95
27.81
