82.39
82.19
81.98
81.78
81.57
81.36
81.13
80.91
80.71
80.51
80.32
80.12
79.91
79.71
79.50
79.31
79.11
78.86
78.68
78.48
78.27
78.04
77.83
77.61
77.40
77.20
76.99
76.76
76.54
76.26
76.05
75.86
75.66
75.47
75.25
75.05
74.83
74.63
74.40
74.18
73.95
73.75
73.52
73.30
73.08
72.87
72.66
72.46
72.27
72.02
71.82
71.59
71.36
71.16
70.95
70.72
70.53
70.32
70.12
69.88
69.61
69.38
69.16
68.92
68.70
68.49
68.28
68.07
67.84
67.66
67.27
67.08
66.64
66.38
65.79
65.57
65.27
64.93
64.62
64.41
64.18
63.88
63.68
63.47
63.24
63.05
62.85
62.62
62.28
61.94
61.58
61.21
60.97
60.76
60.57
60.33
60.05
59.84
59.63
59.42
59.10
58.90
58.70
58.39
58.16
57.92
57.71
57.32
56.97
56.60
56.36
56.11
55.89
55.66
55.42
55.19
54.96
54.76
54.55
54.35
54.14
53.92
53.72
53.51
53.29
53.07
52.83
52.51
52.28
52.28
52.17
52.04
51.95
51.85
51.71
51.60
51.47
51.38
51.30
51.21
51.11
50.98
50.86
50.76
50.66
50.54
50.40
50.29
50.19
49.96
49.81
49.71
49.63
49.50
49.40
49.28
49.21
49.10
48.97
48.82
48.73
