92.24
92.03
91.85
91.64
91.31
91.11
90.82
90.39
90.02
89.68
89.26
88.92
88.73
88.42
88.06
87.71
87.37
87.06
86.77
86.46
86.12
85.74
85.41
85.15
84.82
84.54
84.25
84.06
83.80
83.58
83.37
83.06
82.80
82.56
82.26
81.95
81.61
81.32
80.98
80.66
80.43
80.14
79.73
79.35
78.96
78.75
78.53
78.25
78.02
77.71
77.50
77.19
76.89
76.59
76.34
76.12
75.74
75.37
75.01
74.61
74.42
74.20
73.97
73.77
73.57
73.35
73.14
72.94
72.73
72.53
72.33
72.13
71.90
71.68
71.47
71.27
70.96
70.76
70.45
70.15
69.92
69.71
69.42
69.17
68.89
68.68
68.37
68.00
67.73
67.54
67.28
67.06
66.82
66.48
66.24
66.01
65.81
65.55
65.34
65.11
64.90
64.68
64.49
64.30
64.05
63.84
63.60
63.37
63.11
62.84
62.63
62.42
62.14
61.94
61.74
61.51
61.28
61.00
60.77
60.57
60.35
60.03
59.84
59.62
59.40
59.20
58.97
58.97
58.88
58.80
58.70
58.61
58.51
58.41
58.31
58.19
58.07
57.99
57.86
57.69
57.56
57.43
57.28
57.12
57.00
56.88
56.76
56.65
56.53
56.42
56.31
56.22
56.12
55.98
55.89
55.79
55.66
55.55
55.43
55.30
55.16
55.05
54.93
54.82
54.67
54.54
54.40
54.28
54.17
54.07
53.98
53.85
53.75
