90.12
89.94
89.73
89.54
89.21
88.99
88.66
88.38
88.07
87.74
87.41
87.06
86.77
86.46
86.05
85.66
85.34
85.00
84.69
84.34
83.99
83.64
83.35
83.08
82.75
82.46
82.19
81.99
81.74
81.53
81.30
81.04
80.81
80.56
80.24
79.93
79.62
79.33
79.00
78.68
78.46
78.16
77.91
77.64
77.31
77.04
76.82
76.50
76.30
76.00
75.80
75.46
75.19
74.94
74.69
74.48
74.26
73.92
73.62
73.30
73.01
72.78
72.56
72.36
72.16
71.95
71.74
71.53
71.33
71.14
70.92
70.73
70.50
70.26
70.03
69.83
69.56
69.34
69.04
68.74
68.50
68.31
68.04
67.77
67.46
67.25
66.96
66.62
66.30
66.07
65.86
65.63
65.44
65.16
64.92
64.68
64.48
64.25
64.05
63.83
63.62
63.40
63.21
62.97
62.72
62.49
62.20
62.00
61.74
61.74
61.64
61.52
61.40
61.24
61.12
61.01
60.89
60.77
60.63
60.50
60.38
60.25
60.14
60.02
59.91
59.81
59.69
59.57
59.46
59.36
59.26
59.15
59.05
58.94
58.84
58.74
58.63
58.55
58.41
58.22
58.12
58.01
57.88
57.68
57.56
57.47
57.36
57.24
57.13
57.01
56.91
56.81
56.70
56.58
56.50
56.41
56.29
56.19
56.06
55.95
55.83
55.73
55.61
55.46
55.31
55.16
55.02
54.87
54.77
54.65
54.53
54.42
54.32
