85.66
85.47
85.26
85.04
84.70
84.50
84.18
83.89
83.61
83.28
82.93
82.49
82.27
81.97
81.40
81.15
80.69
80.33
79.95
79.59
79.20
79.00
78.73
78.47
78.15
77.86
77.55
77.33
77.09
76.89
76.69
76.46
76.27
76.06
75.63
75.42
74.91
74.54
74.16
73.96
73.58
73.37
73.15
72.82
72.51
72.20
71.96
71.65
71.45
71.14
70.92
70.55
70.28
70.28
70.18
70.01
69.90
69.81
69.61
69.42
69.21
68.98
68.86
68.73
68.63
68.52
68.41
68.32
68.24
68.14
68.04
67.95
67.85
67.72
67.64
67.54
67.46
67.28
67.20
67.00
66.77
66.63
66.51
66.31
66.16
65.98
65.90
65.71
65.51
65.31
65.21
65.08
64.95
64.84
64.65
64.52
64.41
64.30
64.15
64.04
63.94
63.82
63.69
63.60
63.49
63.32
63.20
63.02
62.93
62.79
62.60
62.49
62.35
62.15
62.03
61.93
61.83
61.70
61.53
61.37
61.25
61.15
61.00
60.90
60.77
60.68
60.55
60.43
60.26
60.18
60.07
59.97
59.88
59.77
59.65
59.52
59.34
59.23
59.10
58.93
58.82
58.69
58.58
58.38
58.24
58.12
58.00
57.89
57.76
57.67
57.52
57.41
57.29
57.18
57.06
56.95
56.84
56.73
56.61
56.48
56.38
56.29
56.17
56.03
55.89
55.77
55.67
55.56
55.44
55.31
55.18
55.07
54.98
