141.43
141.20
141.02
140.81
140.52
140.31
140.02
139.76
139.43
139.15
138.79
138.47
138.17
137.77
137.45
137.06
136.74
136.42
136.19
135.85
135.49
135.08
134.78
134.50
134.20
133.91
133.70
133.48
133.22
133.00
132.80
132.54
132.33
132.11
131.81
131.52
131.23
130.94
130.64
130.33
130.10
129.78
129.56
129.24
128.90
128.58
128.35
128.01
127.81
127.50
127.29
127.02
126.74
126.47
126.22
126.01
125.81
125.51
125.23
124.94
124.58
124.37
124.17
123.97
123.76
123.56
123.35
123.14
122.92
122.70
122.49
122.26
122.05
121.86
121.64
121.38
121.20
120.98
120.58
120.37
120.13
119.82
119.59
119.22
119.03
118.74
118.45
118.15
117.96
117.69
117.45
117.23
116.92
116.73
116.50
116.29
116.08
115.80
115.59
115.35
115.16
114.94
114.74
114.52
114.23
114.02
113.78
113.60
113.36
113.12
112.90
112.65
112.36
112.15
111.92
111.73
111.48
111.27
111.04
110.80
110.59
110.59
110.49
110.37
110.25
110.12
110.01
109.89
109.73
109.63
109.55
109.41
109.30
109.20
109.12
109.02
108.86
108.76
108.63
108.43
108.33
108.26
108.14
107.95
107.82
107.71
107.60
107.50
107.41
107.30
107.16
107.05
106.93
106.78
106.65
106.55
106.42
106.34
106.22
106.09
105.99
105.87
105.73
105.60
105.46
105.32
105.17
105.04
104.94
104.82
104.71
104.59
104.50
