87.93
87.70
87.48
87.27
87.01
86.80
86.45
86.15
85.83
85.52
85.21
84.87
84.53
84.21
83.84
83.43
83.12
82.79
82.46
82.17
81.83
81.51
81.21
80.92
80.63
80.29
79.99
79.76
79.52
79.32
79.12
78.90
78.69
78.47
78.15
77.86
77.51
77.21
76.89
76.61
76.38
76.06
75.83
75.51
75.19
74.87
74.67
74.33
74.12
73.82
73.57
73.25
72.94
72.67
72.39
72.16
71.95
71.63
71.32
71.03
70.70
70.48
70.26
70.06
69.84
69.63
69.43
69.23
69.02
68.83
68.64
68.43
68.25
68.04
67.85
67.64
67.34
67.13
66.82
66.53
66.29
66.11
65.76
65.50
65.21
65.00
64.70
64.40
64.11
63.89
63.67
63.45
63.25
62.91
62.68
62.46
62.24
62.24
62.13
62.04
61.93
61.82
61.71
61.61
61.49
61.33
61.22
61.07
60.94
60.81
60.70
60.54
60.41
60.24
60.15
60.05
59.94
59.85
59.70
59.53
59.44
59.35
59.17
59.07
58.99
58.89
58.79
58.68
58.50
58.40
58.31
58.19
58.07
57.98
57.89
57.80
57.66
57.57
57.43
57.24
57.14
57.04
56.94
56.74
56.62
56.52
56.44
56.33
56.20
56.11
55.98
55.89
55.77
55.67
55.55
55.46
55.34
55.23
55.14
55.04
54.94
54.81
54.70
54.58
54.44
54.31
54.17
54.03
53.90
53.81
53.71
53.59
53.51
