125.88
125.65
125.43
125.24
124.92
124.72
124.39
124.01
123.71
123.41
123.12
122.89
122.58
122.25
121.87
121.45
121.16
120.75
120.45
120.12
119.88
119.54
119.27
118.97
118.63
118.31
117.99
117.78
117.55
117.34
117.13
116.88
116.67
116.42
116.11
115.84
115.50
115.22
114.89
114.60
114.36
114.04
113.82
113.49
113.14
112.86
112.64
112.33
112.11
111.80
111.57
111.28
110.99
110.73
110.44
110.24
109.93
109.61
109.29
109.03
108.79
108.56
108.33
108.15
107.94
107.72
107.54
107.36
107.14
106.94
106.72
106.51
106.27
106.05
105.85
105.66
105.37
105.17
104.87
104.56
104.34
104.15
103.85
103.64
103.34
103.14
102.86
102.56
102.25
102.05
101.81
101.57
101.38
101.05
100.80
100.57
100.37
100.12
99.90
99.71
99.51
99.27
99.06
98.84
98.55
98.37
98.37
98.24
98.15
98.01
97.81
97.71
97.58
97.40
97.28
97.18
97.05
96.90
96.78
96.62
96.50
96.38
96.20
96.10
96.00
95.91
95.80
95.68
95.50
95.41
95.32
95.21
95.09
95.01
94.89
94.77
94.68
94.59
94.46
94.29
94.18
94.07
93.92
93.76
93.65
93.52
93.42
93.29
93.16
93.05
92.93
92.83
92.70
92.60
92.49
92.42
92.31
92.22
92.10
91.97
91.84
91.74
91.62
91.49
91.36
91.20
91.09
90.96
90.86
90.77
90.67
90.56
90.45
