91.85
91.63
91.44
91.25
90.97
90.74
90.42
90.14
89.86
89.56
89.21
88.79
88.59
88.28
87.81
87.55
87.06
86.76
86.45
86.14
85.80
85.59
85.30
85.00
84.68
84.40
84.10
83.90
83.65
83.45
83.25
82.98
82.75
82.56
82.26
81.92
81.61
81.32
80.98
80.68
80.44
80.13
79.92
79.64
79.33
79.00
78.62
78.40
78.04
77.82
77.59
77.28
76.98
76.74
76.45
76.25
76.05
75.77
75.46
75.13
74.83
74.60
74.38
74.19
74.00
73.79
73.56
73.34
73.12
72.92
72.72
72.50
72.31
72.09
71.87
71.66
71.39
71.01
70.65
70.46
70.23
70.02
69.75
69.49
69.20
69.00
68.70
68.18
67.97
67.72
67.49
67.26
67.05
66.77
66.55
66.32
66.11
65.83
65.65
65.41
65.20
64.98
64.78
64.56
64.30
64.08
63.85
63.65
63.37
63.14
62.90
62.66
62.40
62.19
61.98
61.71
61.50
61.26
61.26
61.15
61.02
60.92
60.76
60.64
60.52
60.40
60.28
60.18
60.03
59.93
59.82
59.71
59.59
59.49
59.42
59.30
59.18
59.06
58.93
58.72
58.61
58.48
58.37
58.14
57.99
57.88
57.79
57.68
57.53
57.41
57.32
57.24
57.16
57.03
56.91
56.81
56.72
56.62
56.50
56.39
56.28
56.15
56.01
55.88
55.74
55.62
55.49
55.34
55.26
55.14
55.02
54.91
54.81
