132.69
132.48
132.29
132.08
131.81
131.59
131.23
130.94
130.61
130.22
129.89
129.59
129.36
129.06
128.68
128.22
128.01
127.67
127.31
127.01
126.65
126.32
126.02
125.75
125.42
125.14
124.84
124.63
124.39
124.20
124.01
123.77
123.51
123.28
122.98
122.65
122.31
121.99
121.68
121.37
121.16
120.84
120.62
120.28
119.95
119.62
119.41
119.08
118.86
118.56
118.23
117.91
117.72
117.49
117.22
117.02
116.82
116.50
116.19
115.86
115.55
115.34
115.11
114.91
114.70
114.46
114.25
114.05
113.84
113.63
113.42
113.22
112.99
112.80
112.60
112.25
112.08
111.87
111.41
111.21
110.98
110.60
110.37
109.95
109.75
109.37
109.01
108.65
108.45
108.24
108.04
107.82
107.43
107.25
107.02
106.81
106.61
106.37
106.16
105.92
105.73
105.54
105.34
105.13
104.86
104.68
104.44
104.21
103.95
103.64
103.41
103.18
103.18
103.08
102.96
102.85
102.70
102.55
102.37
102.21
102.12
101.98
101.80
101.69
101.58
101.49
101.40
101.30
101.16
101.05
100.95
100.82
100.72
100.60
100.48
100.36
100.24
100.13
99.99
99.81
99.69
99.56
99.45
99.25
99.10
98.97
98.86
98.75
98.61
98.52
98.43
98.34
98.23
98.11
97.99
97.90
97.77
97.67
97.54
97.40
97.26
97.11
96.98
96.85
96.71
96.59
96.48
96.34
96.26
96.13
96.03
95.88
95.77
