69.08
68.85
68.65
68.43
68.10
67.87
67.52
67.25
66.94
66.62
66.30
65.99
65.71
65.26
64.85
64.44
64.07
63.71
63.49
63.15
62.78
62.47
62.17
61.89
61.58
61.27
60.99
60.79
60.54
60.35
60.14
60.14
60.02
59.88
59.57
59.47
59.05
58.96
58.80
58.55
58.37
58.26
58.06
57.94
57.69
57.47
57.22
57.10
56.91
56.80
56.58
56.42
56.20
56.01
55.89
55.71
55.62
55.52
55.33
55.15
54.99
54.74
54.59
54.49
54.35
54.25
54.15
54.05
53.95
53.86
53.74
53.66
53.54
53.41
53.30
53.20
53.08
52.89
52.77
52.55
52.37
52.25
52.15
51.94
51.77
51.56
51.47
51.28
51.05
50.85
50.75
50.62
50.50
50.37
50.16
50.01
49.87
49.77
49.63
49.51
49.42
49.33
49.24
49.14
49.00
48.83
48.74
48.56
48.44
48.25
48.06
47.93
47.81
47.65
47.54
47.40
47.27
47.14
46.99
46.84
46.74
46.58
46.42
46.29
46.18
46.09
45.98
45.89
45.72
45.61
45.50
45.37
45.26
45.16
45.06
44.93
44.80
44.68
44.59
44.38
44.27
44.16
44.02
43.86
43.71
43.59
43.48
43.36
43.23
43.13
42.99
42.88
42.78
42.69
42.56
42.43
42.31
42.20
42.10
42.00
41.87
41.75
41.64
41.51
41.37
41.20
41.10
40.96
40.86
40.75
40.64
40.51
40.40
