79.40
79.20
78.99
78.79
78.44
78.24
77.88
77.50
77.17
76.80
76.40
76.17
75.84
75.50
75.12
74.73
74.37
74.05
73.72
73.38
73.02
72.70
72.40
72.09
71.74
71.46
71.17
70.97
70.72
70.51
70.30
70.03
69.83
69.61
69.30
68.98
68.65
68.65
68.51
68.32
68.14
68.02
67.80
67.67
67.45
67.20
66.98
66.71
66.59
66.27
66.15
66.04
65.81
65.60
65.42
65.26
65.13
65.00
64.82
64.59
64.39
64.16
64.05
63.95
63.81
63.71
63.59
63.49
63.37
63.27
63.15
63.05
62.95
62.83
62.71
62.58
62.48
62.30
62.20
61.97
61.77
61.62
61.50
61.28
61.10
60.86
60.74
60.53
60.31
60.09
59.97
59.84
59.71
59.59
59.36
59.21
59.11
58.99
58.87
58.75
58.61
58.51
58.38
58.27
58.14
57.98
57.90
57.70
57.60
57.42
57.22
57.10
56.98
56.82
56.70
56.57
56.40
56.29
56.19
56.04
55.94
55.84
55.67
55.54
55.42
55.29
55.16
55.07
54.89
54.79
54.70
54.60
54.49
54.38
54.27
54.17
54.06
53.95
53.83
53.64
53.55
53.44
53.29
53.10
52.97
52.84
52.74
52.62
52.49
52.40
52.30
52.21
52.08
52.00
51.88
51.78
51.66
51.56
51.46
51.33
51.21
51.11
50.99
50.89
50.75
50.58
50.46
50.37
50.25
50.14
50.06
49.94
49.85
