113.30
113.06
112.86
112.65
112.31
112.07
111.73
111.42
111.13
110.65
110.27
109.90
109.67
109.35
109.00
108.44
108.23
107.77
107.40
107.06
106.83
106.49
106.18
105.90
105.60
105.28
104.95
104.71
104.46
104.24
104.03
103.75
103.52
103.28
102.89
102.68
102.31
101.99
101.70
101.50
101.17
100.96
100.73
100.42
100.11
99.81
99.62
99.29
99.11
98.76
98.56
98.24
97.94
97.63
97.35
97.13
96.93
96.59
96.31
96.03
95.70
95.48
95.25
95.07
94.89
94.67
94.48
94.28
94.07
93.88
93.69
93.50
93.28
93.11
92.90
92.72
92.42
92.13
91.81
91.61
91.40
91.17
90.81
90.54
90.21
90.00
89.71
89.31
89.10
88.89
88.65
88.43
88.24
87.91
87.68
87.46
87.26
87.00
86.78
86.58
86.40
86.15
85.96
85.75
85.48
85.28
85.00
84.80
84.52
84.22
83.96
83.70
83.41
83.19
82.99
82.77
82.56
82.33
82.10
81.92
81.67
81.38
81.17
80.95
80.74
80.56
80.36
80.12
79.92
79.73
79.53
79.33
79.13
78.95
78.74
78.54
78.33
78.11
78.11
78.01
77.89
77.75
77.62
77.40
77.27
77.16
77.05
76.94
76.80
76.68
76.57
76.47
76.39
76.29
76.20
76.10
75.99
75.88
75.76
75.62
75.47
75.33
75.20
75.08
74.93
74.78
74.66
74.51
74.42
74.32
74.23
74.10
