136.48
136.30
136.12
135.91
135.57
135.35
135.06
134.70
134.42
134.07
133.79
133.48
133.17
132.86
132.62
132.24
131.92
131.58
131.29
130.96
130.62
130.31
130.01
129.74
129.39
129.10
128.80
128.61
128.35
128.15
127.96
127.70
127.50
127.30
127.00
126.67
126.40
126.11
125.77
125.50
125.29
125.00
124.79
124.48
124.14
123.85
123.64
123.32
123.10
122.81
122.58
122.31
122.01
121.78
121.51
121.31
121.10
120.78
120.47
120.18
119.84
119.63
119.40
119.21
118.99
118.79
118.58
118.36
118.15
117.94
117.72
117.53
117.31
117.10
116.88
116.69
116.38
116.18
115.89
115.59
115.35
115.15
114.88
114.60
114.27
114.06
113.75
113.45
113.13
112.89
112.69
112.47
112.26
111.96
111.68
111.44
111.23
111.00
110.78
110.55
110.34
110.11
109.92
109.69
109.69
109.58
109.46
109.29
109.19
109.01
108.82
108.71
108.60
108.41
108.29
108.19
108.05
107.92
107.80
107.66
107.57
107.46
107.31
107.21
107.07
106.96
106.86
106.77
106.61
106.50
106.40
106.30
106.16
106.06
105.95
105.85
105.71
105.60
105.49
105.29
105.17
105.05
104.93
104.75
104.62
104.51
104.40
104.33
104.19
104.07
103.97
103.86
103.73
103.60
103.52
103.39
103.28
103.18
103.07
102.95
102.84
102.71
102.58
102.46
102.34
102.20
102.10
101.99
101.88
101.78
101.70
101.58
101.47
