69.29
69.06
68.85
68.67
68.37
68.16
67.83
67.47
67.27
66.92
66.61
66.40
65.98
65.64
65.29
64.87
64.46
64.26
63.90
63.56
63.21
62.86
62.57
62.27
61.94
61.67
61.33
61.13
61.13
61.03
60.91
60.80
60.61
60.48
60.37
60.19
59.96
59.73
59.53
59.28
59.09
58.99
58.82
58.69
58.48
58.22
58.01
57.94
57.73
57.63
57.41
57.24
57.05
56.82
56.63
56.46
56.35
56.24
56.02
55.83
55.65
55.37
55.25
55.15
55.05
54.93
54.81
54.68
54.58
54.46
54.37
54.27
54.17
54.09
53.98
53.88
53.79
53.61
53.51
53.31
53.13
53.03
52.91
52.65
52.51
52.33
52.22
52.01
51.73
51.53
51.39
51.24
51.11
51.00
50.81
50.67
50.54
50.45
50.27
50.18
50.06
49.94
49.81
49.74
49.61
49.48
49.34
49.14
49.02
48.83
48.62
48.49
48.36
48.16
48.02
47.92
47.81
47.71
47.58
47.42
47.30
47.15
46.97
46.84
46.73
46.61
46.49
46.40
46.25
46.15
46.06
45.94
45.84
45.74
45.66
45.53
45.40
45.30
45.18
44.98
44.87
44.79
44.66
44.50
44.38
44.26
44.16
44.04
43.90
43.81
43.68
43.58
43.47
43.36
43.26
43.17
43.08
42.97
42.86
42.70
42.55
42.41
42.32
42.16
42.03
41.87
41.74
41.61
41.49
41.40
41.28
41.16
41.05
