1	20:40.735	142.91	110.86	90.12	57.29	141.43	136.48	77.56	125.88	91.85	87.93	113.30	69.08	79.40	55.68	56.88	58.98	92.24	69.29	85.66	132.69
2	20:40.980	142.71	110.63	89.94	57.10	141.20	136.30	77.37	125.65	91.63	87.70	113.06	68.85	79.20	55.50	56.66	58.79	92.03	69.06	85.47	132.48
3	20:41.213	142.53	110.39	89.73	56.92	141.02	136.12	77.14	125.43	91.44	87.48	112.86	68.65	78.99	55.31	56.45	58.60	91.85	68.85	85.26	132.29
4	20:41.453	142.20	110.20	89.54	56.69	140.81	135.91	76.94	125.24	91.25	87.27	112.65	68.43	78.79	55.09	56.25	58.22	91.64	68.67	85.04	132.08
5	20:41.832	141.98	109.92	89.21	56.37	140.52	135.57	76.62	124.92	90.97	87.01	112.31	68.10	78.44	54.79	55.92	58.03	91.31	68.37	84.70	131.81
6	20:42.094	141.77	109.61	88.99	56.17	140.31	135.35	76.40	124.72	90.74	86.80	112.07	67.87	78.24	54.58	55.55	57.71	91.11	68.16	84.50	131.59
7	20:42.499	141.42	109.35	88.66	55.81	140.02	135.06	76.04	124.39	90.42	86.45	111.73	67.52	77.88	54.25	55.31	57.36	90.82	67.83	84.18	131.23
8	20:42.993	141.16	109.05	88.38	55.59	139.76	134.70	75.80	124.01	90.14	86.15	111.42	67.25	77.50	53.85	54.83	57.07	90.39	67.47	83.89	130.94
9	20:43.244	140.82	108.78	88.07	55.27	139.43	134.42	75.50	123.71	89.86	85.83	111.13	66.94	77.17	53.66	54.45	56.77	90.02	67.27	83.61	130.61
10	20:43.765	140.52	108.49	87.74	54.93	139.15	134.07	75.19	123.41	89.56	85.52	110.65	66.62	76.80	53.21	54.23	56.43	89.68	66.92	83.28	130.22
11	20:44.210	140.20	108.16	87.41	54.93	138.79	133.79	74.88	123.12	89.21	85.21	110.27	66.30	76.40	52.84	53.71	56.11	89.26	66.61	82.93	129.89
12	20:44.474	139.87	107.81	87.06	54.77	138.47	133.48	74.56	122.89	88.79	84.87	109.90	65.99	76.17	52.63	53.36	55.83	88.92	66.40	82.49	129.59
13	20:45.005	139.57	107.54	86.77	54.53	138.17	133.17	74.13	122.58	88.59	84.53	109.67	65.71	75.84	52.19	53.01	55.55	88.73	65.98	82.27	129.36
14	20:45.419	139.23	107.27	86.46	54.31	137.77	132.86	73.76	122.25	88.28	84.21	109.35	65.26	75.50	51.83	52.65	55.23	88.42	65.64	81.97	129.06
16	20:45.519	138.87	106.91	86.05	54.08	137.45	132.62	73.48	121.87	87.81	83.84	109.00	64.85	75.12	51.83	52.28	54.88	88.06	65.29	81.40	128.68
17	20:45.888	138.48	106.52	85.66	53.80	137.06	132.24	73.10	121.45	87.55	83.43	108.44	64.44	74.73	51.56	52.28	54.42	87.71	64.87	81.15	128.22
18	20:46.388	138.15	106.17	85.34	53.52	136.74	131.92	72.74	121.16	87.06	83.12	108.23	64.07	74.37	51.20	51.99	54.02	87.37	64.46	80.69	128.01
19	20:47.812	137.82	105.78	85.00	53.27	136.42	131.58	72.42	120.75	86.76	82.79	107.77	63.71	74.05	50.84	51.65	53.81	87.06	64.26	80.33	127.67
20	20:48.215	137.53	105.45	84.69	53.04	136.19	131.29	72.10	120.45	86.45	82.46	107.40	63.49	73.72	50.53	51.36	53.33	86.77	63.90	79.95	127.31
21	20:48.678	137.18	105.11	84.34	52.81	135.85	130.96	71.79	120.12	86.14	82.17	107.06	63.15	73.38	50.20	50.97	53.11	86.46	63.56	79.59	127.01
22	20:49.087	136.83	104.78	83.99	52.59	135.49	130.62	71.43	119.88	85.80	81.83	106.83	62.78	73.02	49.87	50.66	52.63	86.12	63.21	79.20	126.65
23	20:49.561	136.50	104.55	83.64	52.34	135.08	130.31	70.95	119.54	85.59	81.51	106.49	62.47	72.70	49.53	50.54	52.39	85.74	62.86	79.00	126.32
24	20:49.780	136.21	104.24	83.35	52.11	134.78	130.01	70.59	119.27	85.30	81.21	106.18	62.17	72.40	49.42	50.33	52.09	85.41	62.57	78.73	126.02
25	20:50.172	135.94	103.81	83.08	51.90	134.50	129.74	70.24	118.97	85.00	80.92	105.90	61.89	72.09	49.22	50.12	51.79	85.15	62.27	78.47	125.75
26	20:50.524	135.65	103.63	82.75	51.70	134.20	129.39	69.84	118.63	84.68	80.63	105.60	61.58	71.74	49.04	49.72	51.45	84.82	61.94	78.15	125.42
27	20:50.952	135.39	103.32	82.46	51.43	133.91	129.10	69.48	118.31	84.40	80.29	105.28	61.27	71.46	48.79	49.61	51.20	84.54	61.67	77.86	125.14
28	20:51.334	135.10	102.99	82.19	51.25	133.70	128.80	69.26	117.99	84.10	79.99	104.95	60.99	71.17	48.60	49.44	50.89	84.25	61.33	77.55	124.84
29	20:51.752	134.89	102.76	81.99	51.04	133.48	128.61	69.04	117.78	83.90	79.76	104.71	60.79	70.97	48.38	49.26	50.68	84.06	61.13	77.33	124.63
30	20:51.996	134.63	102.51	81.74	50.93	133.22	128.35	68.79	117.55	83.65	79.52	104.46	60.54	70.72	48.27	49.17	50.42	83.80	61.13	77.09	124.39
31	20:52.299	134.44	102.30	81.53	50.81	133.00	128.15	68.58	117.34	83.45	79.32	104.24	60.35	70.51	48.14	49.01	50.20	83.58	61.03	76.89	124.20
32	20:52.547	134.23	102.11	81.30	50.72	132.80	127.96	68.39	117.13	83.25	79.12	104.03	60.14	70.30	48.02	48.91	50.01	83.37	60.91	76.69	124.01
33	20:52.787	133.98	101.82	81.04	50.62	132.54	127.70	68.11	116.88	82.98	78.90	103.75	60.14	70.03	47.91	48.82	49.78	83.06	60.80	76.46	123.77
34	20:53.113	133.74	101.59	80.81	50.48	132.33	127.50	67.86	116.67	82.75	78.69	103.52	60.02	69.83	47.75	48.66	49.56	82.80	60.61	76.27	123.51
35	20:53.416	133.53	101.38	80.56	50.34	132.11	127.30	67.46	116.42	82.56	78.47	103.28	59.88	69.61	47.62	48.51	49.33	82.56	60.48	76.06	123.28
36	20:53.676	133.23	101.07	80.24	50.23	131.81	127.00	67.25	116.11	82.26	78.15	102.89	59.57	69.30	47.51	48.38	49.01	82.26	60.37	75.63	122.98
37	20:54.056	132.92	100.76	79.93	50.06	131.52	126.67	66.77	115.84	81.92	77.86	102.68	59.47	68.98	47.32	48.17	48.71	81.95	60.19	75.42	122.65
38	20:54.448	132.65	100.46	79.62	49.84	131.23	126.40	66.57	115.50	81.61	77.51	102.31	59.05	68.65	47.09	48.01	48.40	81.61	59.96	74.91	122.31
39	20:54.844	132.36	100.16	79.33	49.63	130.94	126.11	66.26	115.22	81.32	77.21	101.99	58.96	68.65	46.92	47.81	48.40	81.32	59.73	74.54	121.99
40	20:55.216	132.01	99.86	79.00	49.41	130.64	125.77	65.92	114.89	80.98	76.89	101.70	58.80	68.51	46.70	47.60	48.26	80.98	59.53	74.16	121.68
41	20:55.628	131.70	99.60	78.68	49.22	130.33	125.50	65.60	114.60	80.68	76.61	101.50	58.55	68.32	46.50	47.42	48.04	80.66	59.28	73.96	121.37
42	20:56.008	131.47	99.38	78.46	49.03	130.10	125.29	65.39	114.36	80.44	76.38	101.17	58.37	68.14	46.30	47.21	47.86	80.43	59.09	73.58	121.16
43	20:56.264	131.13	99.08	78.16	48.93	129.78	125.00	65.08	114.04	80.13	76.06	100.96	58.26	68.02	46.18	47.11	47.72	80.14	58.99	73.37	120.84
44	20:56.683	130.81	98.85	77.91	48.72	129.56	124.79	64.86	113.82	79.92	75.83	100.73	58.06	67.80	45.97	46.85	47.54	79.73	58.82	73.15	120.62
45	20:56.952	130.52	98.54	77.64	48.60	129.24	124.48	64.52	113.49	79.64	75.51	100.42	57.94	67.67	45.86	46.72	47.44	79.35	58.69	72.82	120.28
46	20:57.355	130.20	98.23	77.31	48.36	128.90	124.14	64.21	113.14	79.33	75.19	100.11	57.69	67.45	45.65	46.49	47.21	78.96	58.48	72.51	119.95
47	20:57.769	130.01	97.89	77.04	48.12	128.58	123.85	63.87	112.86	79.00	74.87	99.81	57.47	67.20	45.42	46.24	47.03	78.75	58.22	72.20	119.62
48	20:58.189	129.80	97.70	76.82	47.93	128.35	123.64	63.67	112.64	78.62	74.67	99.62	57.22	66.98	45.20	46.02	46.86	78.53	58.01	71.96	119.41
49	20:58.448	129.45	97.39	76.50	47.82	128.01	123.32	63.41	112.33	78.40	74.33	99.29	57.10	66.71	45.08	45.93	46.78	78.25	57.94	71.65	119.08
50	20:58.846	129.23	97.19	76.30	47.64	127.81	123.10	63.20	112.11	78.04	74.12	99.11	56.91	66.59	44.88	45.69	46.63	78.02	57.73	71.45	118.86
51	20:59.100	128.90	96.90	76.00	47.53	127.50	122.81	62.90	111.80	77.82	73.82	98.76	56.80	66.27	44.77	45.60	46.52	77.71	57.63	71.14	118.56
52	20:59.508	128.69	96.64	75.80	47.33	127.29	122.58	62.48	111.57	77.59	73.57	98.56	56.58	66.15	44.56	45.37	46.29	77.50	57.41	70.92	118.23
53	20:59.780	128.41	96.37	75.46	47.18	127.02	122.31	62.11	111.28	77.28	73.25	98.24	56.42	66.04	44.42	45.26	46.18	77.19	57.24	70.55	117.91
54	21:00.184	128.09	96.09	75.19	46.99	126.74	122.01	61.89	110.99	76.98	72.94	97.94	56.20	65.81	44.24	45.04	45.94	76.89	57.05	70.28	117.72
55	21:00.556	127.81	95.86	74.94	46.77	126.47	121.78	61.67	110.73	76.74	72.67	97.63	56.01	65.60	44.07	44.84	45.74	76.59	56.82	70.28	117.49
56	21:00.886	127.56	95.61	74.69	46.58	126.22	121.51	61.67	110.44	76.45	72.39	97.35	55.89	65.42	43.86	44.64	45.55	76.34	56.63	70.18	117.22
57	21:01.232	127.35	95.41	74.48	46.39	126.01	121.31	61.59	110.24	76.25	72.16	97.13	55.71	65.26	43.68	44.48	45.38	76.12	56.46	70.01	117.02
58	21:01.470	127.15	95.20	74.26	46.28	125.81	121.10	61.47	109.93	76.05	71.95	96.93	55.62	65.13	43.57	44.37	45.28	75.74	56.35	69.90	116.82
59	21:01.723	126.86	94.88	73.92	46.17	125.51	120.78	61.36	109.61	75.77	71.63	96.59	55.52	65.00	43.46	44.25	45.17	75.37	56.24	69.81	116.50
60	21:02.126	126.58	94.56	73.62	45.97	125.23	120.47	61.20	109.29	75.46	71.32	96.31	55.33	64.82	43.26	44.05	44.96	75.01	56.02	69.61	116.19
61	21:02.516	126.27	94.25	73.30	45.75	124.94	120.18	61.00	109.03	75.13	71.03	96.03	55.15	64.59	43.07	43.88	44.77	74.61	55.83	69.42	115.86
62	21:02.928	125.96	93.93	73.01	45.55	124.58	119.84	60.79	108.79	74.83	70.70	95.70	54.99	64.39	42.86	43.66	44.53	74.42	55.65	69.21	115.55
63	21:03.352	125.75	93.70	72.78	45.35	124.37	119.63	60.56	108.56	74.60	70.48	95.48	54.74	64.16	42.62	43.44	44.30	74.20	55.37	68.98	115.34
64	21:03.600	125.52	93.48	72.56	45.23	124.17	119.40	60.46	108.33	74.38	70.26	95.25	54.59	64.05	42.49	43.32	44.20	73.97	55.25	68.86	115.11
65	21:03.877	125.31	93.28	72.36	45.10	123.97	119.21	60.33	108.15	74.19	70.06	95.07	54.49	63.95	42.37	43.21	44.07	73.77	55.15	68.73	114.91
66	21:04.140	125.11	93.06	72.16	44.99	123.76	118.99	60.23	107.94	74.00	69.84	94.89	54.35	63.81	42.22	43.10	43.97	73.57	55.05	68.63	114.70
67	21:04.366	124.89	92.85	71.95	44.88	123.56	118.79	60.11	107.72	73.79	69.63	94.67	54.25	63.71	42.14	43.01	43.87	73.35	54.93	68.52	114.46
68	21:04.623	124.69	92.62	71.74	44.76	123.35	118.58	60.00	107.54	73.56	69.43	94.48	54.15	63.59	42.03	42.90	43.75	73.14	54.81	68.41	114.25
69	21:04.896	124.50	92.41	71.53	44.68	123.14	118.36	59.88	107.36	73.34	69.23	94.28	54.05	63.49	41.91	42.77	43.62	72.94	54.68	68.32	114.05
70	21:05.124	124.28	92.20	71.33	44.57	122.92	118.15	59.77	107.14	73.12	69.02	94.07	53.95	63.37	41.81	42.67	43.50	72.73	54.58	68.24	113.84
71	21:05.372	124.08	91.99	71.14	44.46	122.70	117.94	59.69	106.94	72.92	68.83	93.88	53.86	63.27	41.69	42.57	43.40	72.53	54.46	68.14	113.63
72	21:05.600	123.89	91.80	70.92	44.33	122.49	117.72	59.56	106.72	72.72	68.64	93.69	53.74	63.15	41.59	42.46	43.28	72.33	54.37	68.04	113.42
73	21:05.856	123.70	91.58	70.73	44.22	122.26	117.53	59.43	106.51	72.50	68.43	93.50	53.66	63.05	41.49	42.34	43.17	72.13	54.27	67.95	113.22
74	21:06.102	123.47	91.37	70.50	44.10	122.05	117.31	59.32	106.27	72.31	68.25	93.28	53.54	62.95	41.39	42.23	43.06	71.90	54.17	67.85	112.99
75	21:06.370	123.25	91.17	70.26	43.97	121.86	117.10	59.21	106.05	72.09	68.04	93.11	53.41	62.83	41.26	42.10	42.94	71.68	54.09	67.72	112.80
76	21:06.611	123.04	90.97	70.03	43.87	121.64	116.88	59.07	105.85	71.87	67.85	92.90	53.30	62.71	41.15	41.98	42.85	71.47	53.98	67.64	112.60
77	21:06.884	122.83	90.76	69.83	43.76	121.38	116.69	58.97	105.66	71.66	67.64	92.72	53.20	62.58	41.01	41.85	42.73	71.27	53.88	67.54	112.25
78	21:07.110	122.54	90.49	69.56	43.65	121.20	116.38	58.85	105.37	71.39	67.34	92.42	53.08	62.48	40.91	41.73	42.62	70.96	53.79	67.46	112.08
79	21:07.493	122.35	90.29	69.34	43.45	120.98	116.18	58.68	105.17	71.01	67.13	92.13	52.89	62.30	40.72	41.55	42.43	70.76	53.61	67.28	111.87
80	21:07.732	122.05	89.97	69.04	43.33	120.58	115.89	58.58	104.87	70.65	66.82	91.81	52.77	62.20	40.60	41.45	42.33	70.45	53.51	67.20	111.41
81	21:08.113	121.74	89.68	68.74	43.12	120.37	115.59	58.41	104.56	70.46	66.53	91.61	52.55	61.97	40.40	41.27	42.12	70.15	53.31	67.00	111.21
82	21:08.524	121.49	89.47	68.50	42.91	120.13	115.35	58.20	104.34	70.23	66.29	91.40	52.37	61.77	40.19	41.06	41.92	69.92	53.13	66.77	110.98
83	21:08.800	121.26	89.25	68.31	42.78	119.82	115.15	58.07	104.15	70.02	66.11	91.17	52.25	61.62	40.06	40.94	41.80	69.71	53.03	66.63	110.60
84	21:09.047	120.91	89.01	68.04	42.64	119.59	114.88	57.94	103.85	69.75	65.76	90.81	52.15	61.50	39.94	40.82	41.68	69.42	52.91	66.51	110.37
85	21:09.468	120.66	88.76	67.77	42.40	119.22	114.60	57.68	103.64	69.49	65.50	90.54	51.94	61.28	39.75	40.62	41.47	69.17	52.65	66.31	109.95
86	21:09.784	120.31	88.43	67.46	42.30	119.03	114.27	57.50	103.34	69.20	65.21	90.21	51.77	61.10	39.58	40.49	41.30	68.89	52.51	66.16	109.75
87	21:10.200	120.08	88.23	67.25	42.07	118.74	114.06	57.28	103.14	69.00	65.00	90.00	51.56	60.86	39.37	40.30	41.08	68.68	52.33	65.98	109.37
88	21:10.448	119.84	87.92	66.96	41.95	118.45	113.75	57.17	102.86	68.70	64.70	89.71	51.47	60.74	39.27	40.18	40.97	68.37	52.22	65.90	109.01
89	21:10.828	119.49	87.62	66.62	41.75	118.15	113.45	56.95	102.56	68.18	64.40	89.31	51.28	60.53	39.08	39.97	40.75	68.00	52.01	65.71	108.65
90	21:11.210	119.17	87.30	66.30	41.56	117.96	113.13	56.72	102.25	67.97	64.11	89.10	51.05	60.31	38.89	39.70	40.53	67.73	51.73	65.51	108.45
91	21:11.662	118.92	87.06	66.07	41.34	117.69	112.89	56.52	102.05	67.72	63.89	88.89	50.85	60.09	38.70	39.49	40.28	67.54	51.53	65.31	108.24
92	21:11.924	118.71	86.84	65.86	41.21	117.45	112.69	56.38	101.81	67.49	63.67	88.65	50.75	59.97	38.57	39.34	40.16	67.28	51.39	65.21	108.04
93	21:12.209	118.48	86.60	65.63	41.11	117.23	112.47	56.28	101.57	67.26	63.45	88.43	50.62	59.84	38.41	39.20	40.02	67.06	51.24	65.08	107.82
94	21:12.470	118.26	86.40	65.44	41.00	116.92	112.26	56.15	101.38	67.05	63.25	88.24	50.50	59.71	38.28	39.09	39.89	66.82	51.11	64.95	107.43
95	21:12.748	117.91	86.13	65.16	40.90	116.73	111.96	56.04	101.05	66.77	62.91	87.91	50.37	59.59	38.16	38.99	39.78	66.48	51.00	64.84	107.25
96	21:13.124	117.72	85.87	64.92	40.69	116.50	111.68	55.81	100.80	66.55	62.68	87.68	50.16	59.36	37.99	38.78	39.56	66.24	50.81	64.65	107.02
97	21:13.419	117.51	85.65	64.68	40.54	116.29	111.44	55.66	100.57	66.32	62.46	87.46	50.01	59.21	37.85	38.61	39.41	66.01	50.67	64.52	106.81
98	21:13.688	117.32	85.43	64.48	40.42	116.08	111.23	55.56	100.37	66.11	62.24	87.26	49.87	59.11	37.71	38.52	39.30	65.81	50.54	64.41	106.61
99	21:13.916	117.07	85.18	64.25	40.32	115.80	111.00	55.45	100.12	65.83	62.24	87.00	49.77	58.99	37.61	38.40	39.21	65.55	50.45	64.30	106.37
100	21:14.232	116.85	84.96	64.05	40.18	115.59	110.78	55.30	99.90	65.65	62.13	86.78	49.63	58.87	37.46	38.22	39.04	65.34	50.27	64.15	106.16
101	21:14.504	116.65	84.74	63.83	40.08	115.35	110.55	55.18	99.71	65.41	62.04	86.58	49.51	58.75	37.33	38.11	38.92	65.11	50.18	64.04	105.92
102	21:14.738	116.43	84.54	63.62	39.97	115.16	110.34	55.07	99.51	65.20	61.93	86.40	49.42	58.61	37.20	38.00	38.79	64.90	50.06	63.94	105.73
103	21:14.998	116.21	84.34	63.40	39.87	114.94	110.11	54.97	99.27	64.98	61.82	86.15	49.33	58.51	37.09	37.88	38.68	64.68	49.94	63.82	105.54
104	21:15.256	116.02	84.15	63.21	39.74	114.74	109.92	54.84	99.06	64.78	61.71	85.96	49.24	58.38	36.97	37.78	38.56	64.49	49.81	63.69	105.34
105	21:15.468	115.79	83.92	62.97	39.64	114.52	109.69	54.73	98.84	64.56	61.61	85.75	49.14	58.27	36.88	37.70	38.46	64.30	49.74	63.60	105.13
106	21:15.752	115.54	83.64	62.72	39.49	114.23	109.69	54.59	98.55	64.30	61.49	85.48	49.00	58.14	36.73	37.56	38.32	64.05	49.61	63.49	104.86
107	21:16.088	115.34	83.42	62.49	39.33	114.02	109.58	54.46	98.37	64.08	61.33	85.28	48.83	57.98	36.55	37.41	38.15	63.84	49.48	63.32	104.68
108	21:16.344	115.08	83.15	62.20	39.23	113.78	109.46	54.35	98.37	63.85	61.22	85.00	48.74	57.90	36.44	37.28	38.02	63.60	49.34	63.20	104.44
109	21:16.670	114.86	82.96	62.00	39.04	113.60	109.29	54.21	98.24	63.65	61.07	84.80	48.56	57.70	36.27	37.10	37.83	63.37	49.14	63.02	104.21
110	21:16.920	114.86	82.74	61.74	38.93	113.36	109.19	54.12	98.15	63.37	60.94	84.52	48.44	57.60	36.16	36.98	37.71	63.11	49.02	62.93	103.95
111	21:17.248	114.73	82.43	61.74	38.75	113.12	109.01	53.98	98.01	63.14	60.81	84.22	48.25	57.42	36.02	36.83	37.55	62.84	48.83	62.79	103.64
112	21:17.619	114.54	82.20	61.64	38.61	112.90	108.82	53.79	97.81	62.90	60.70	83.96	48.06	57.22	35.84	36.63	37.38	62.63	48.62	62.60	103.41
113	21:17.896	114.40	81.98	61.52	38.49	112.65	108.71	53.62	97.71	62.66	60.54	83.70	47.93	57.10	35.70	36.51	37.24	62.42	48.49	62.49	103.18
114	21:18.196	114.27	81.69	61.40	38.38	112.36	108.60	53.53	97.58	62.40	60.41	83.41	47.81	56.98	35.59	36.37	37.12	62.14	48.36	62.35	103.18
115	21:18.521	114.11	81.47	61.24	38.21	112.15	108.41	53.36	97.40	62.19	60.24	83.19	47.65	56.82	35.44	36.21	36.93	61.94	48.16	62.15	103.08
116	21:18.782	113.97	81.26	61.12	38.07	111.92	108.29	53.25	97.28	61.98	60.15	82.99	47.54	56.70	35.32	36.09	36.82	61.74	48.02	62.03	102.96
117	21:19.036	113.86	81.06	61.01	37.98	111.73	108.19	53.14	97.18	61.71	60.05	82.77	47.40	56.57	35.22	36.00	36.73	61.51	47.92	61.93	102.85
118	21:19.316	113.73	80.87	60.89	37.85	111.48	108.05	53.02	97.05	61.50	59.94	82.56	47.27	56.40	35.07	35.84	36.58	61.28	47.81	61.83	102.70
119	21:19.583	113.59	80.61	60.77	37.70	111.27	107.92	52.91	96.90	61.26	59.85	82.33	47.14	56.29	34.93	35.72	36.46	61.00	47.71	61.70	102.55
120	21:19.870	113.43	80.36	60.63	37.57	111.04	107.80	52.79	96.78	61.26	59.70	82.10	46.99	56.19	34.80	35.60	36.30	60.77	47.58	61.53	102.37
121	21:20.212	113.29	80.15	60.50	37.42	110.80	107.66	52.62	96.62	61.15	59.53	81.92	46.84	56.04	34.62	35.47	36.12	60.57	47.42	61.37	102.21
122	21:20.456	113.19	79.96	60.38	37.29	110.59	107.57	52.51	96.50	61.02	59.44	81.67	46.74	55.94	34.51	35.37	36.01	60.35	47.30	61.25	102.12
123	21:20.736	113.07	79.65	60.25	37.19	110.59	107.46	52.40	96.38	60.92	59.35	81.38	46.58	55.84	34.39	35.26	35.86	60.03	47.15	61.15	101.98
124	21:21.080	112.85	79.45	60.14	37.04	110.49	107.31	52.21	96.20	60.76	59.17	81.17	46.42	55.67	34.21	35.03	35.69	59.84	46.97	61.00	101.80
125	21:21.370	112.75	79.21	60.02	36.92	110.37	107.21	52.11	96.10	60.64	59.07	80.95	46.29	55.54	34.07	34.93	35.57	59.62	46.84	60.90	101.69
126	21:21.600	112.65	78.99	59.91	36.81	110.25	107.07	51.98	96.00	60.52	58.99	80.74	46.18	55.42	33.98	34.81	35.45	59.40	46.73	60.77	101.58
127	21:21.852	112.55	78.78	59.81	36.68	110.12	106.96	51.85	95.91	60.40	58.89	80.56	46.09	55.29	33.88	34.73	35.36	59.20	46.61	60.68	101.49
128	21:22.088	112.46	78.57	59.69	36.57	110.01	106.86	51.75	95.80	60.28	58.79	80.36	45.98	55.16	33.79	34.62	35.28	58.97	46.49	60.55	101.40
129	21:22.336	112.34	78.30	59.57	36.48	109.89	106.77	51.64	95.68	60.18	58.68	80.12	45.89	55.07	33.67	34.50	35.15	58.97	46.40	60.43	101.30
130	21:22.647	112.20	78.09	59.46	36.31	109.73	106.61	51.48	95.50	60.03	58.50	79.92	45.72	54.89	33.51	34.33	35.01	58.88	46.25	60.26	101.16
131	21:22.883	112.10	77.88	59.36	36.20	109.63	106.50	51.38	95.41	59.93	58.40	79.73	45.61	54.79	33.41	34.23	34.90	58.80	46.15	60.18	101.05
132	21:23.160	111.99	77.67	59.26	36.09	109.55	106.40	51.26	95.32	59.82	58.31	79.53	45.50	54.70	33.30	34.13	34.81	58.70	46.06	60.07	100.95
133	21:23.372	111.86	77.46	59.15	35.96	109.41	106.30	51.18	95.21	59.71	58.19	79.33	45.37	54.60	33.19	34.01	34.69	58.61	45.94	59.97	100.82
134	21:23.629	111.78	77.26	59.05	35.87	109.30	106.16	51.07	95.09	59.59	58.07	79.13	45.26	54.49	33.07	33.90	34.57	58.51	45.84	59.88	100.72
135	21:23.853	111.69	77.06	58.94	35.76	109.20	106.06	50.98	95.01	59.49	57.98	78.95	45.16	54.38	32.95	33.80	34.47	58.41	45.74	59.77	100.60
136	21:24.091	111.60	76.84	58.84	35.64	109.12	105.95	50.88	94.89	59.42	57.89	78.74	45.06	54.27	32.85	33.72	34.39	58.31	45.66	59.65	100.48
137	21:24.348	111.47	76.62	58.74	35.53	109.02	105.85	50.75	94.77	59.30	57.80	78.54	44.93	54.17	32.72	33.60	34.27	58.19	45.53	59.52	100.36
138	21:24.635	111.30	76.41	58.63	35.38	108.86	105.71	50.63	94.68	59.18	57.66	78.33	44.80	54.06	32.58	33.47	34.15	58.07	45.40	59.34	100.24
139	21:24.900	111.19	76.18	58.55	35.26	108.76	105.60	50.52	94.59	59.06	57.57	78.11	44.68	53.95	32.44	33.34	34.02	57.99	45.30	59.23	100.13
140	21:25.160	111.08	75.90	58.41	35.15	108.63	105.49	50.39	94.46	58.93	57.43	78.11	44.59	53.83	32.31	33.23	33.91	57.86	45.18	59.10	99.99
141	21:25.548	110.89	75.71	58.22	34.97	108.43	105.29	50.23	94.29	58.72	57.24	78.01	44.38	53.64	32.13	33.05	33.71	57.69	44.98	58.93	99.81
142	21:25.776	110.79	75.49	58.12	34.88	108.33	105.17	50.14	94.18	58.61	57.14	77.89	44.27	53.55	32.03	32.95	33.60	57.56	44.87	58.82	99.69
143	21:26.064	110.66	75.27	58.01	34.72	108.26	105.05	50.01	94.07	58.48	57.04	77.75	44.16	53.44	31.87	32.81	33.43	57.43	44.79	58.69	99.56
144	21:26.352	110.55	75.27	57.88	34.58	108.14	104.93	49.89	93.92	58.37	56.94	77.62	44.02	53.29	31.73	32.69	33.27	57.28	44.66	58.58	99.45
145	21:26.704	110.34	75.14	57.68	34.40	107.95	104.75	49.72	93.76	58.14	56.74	77.40	43.86	53.10	31.57	32.51	33.08	57.12	44.50	58.38	99.25
146	21:26.992	110.20	74.98	57.56	34.30	107.82	104.62	49.59	93.65	57.99	56.62	77.27	43.71	52.97	31.43	32.37	32.98	57.00	44.38	58.24	99.10
147	21:27.245	110.06	74.86	57.47	34.19	107.71	104.51	49.48	93.52	57.88	56.52	77.16	43.59	52.84	31.29	32.26	32.87	56.88	44.26	58.12	98.97
148	21:27.508	109.95	74.76	57.36	34.09	107.60	104.40	49.40	93.42	57.79	56.44	77.05	43.48	52.74	31.19	32.15	32.77	56.76	44.16	58.00	98.86
149	21:27.777	109.85	74.65	57.24	33.95	107.50	104.33	49.29	93.29	57.68	56.33	76.94	43.36	52.62	31.06	32.03	32.65	56.65	44.04	57.89	98.75
150	21:28.027	109.72	74.55	57.13	33.86	107.41	104.19	49.19	93.16	57.53	56.20	76.80	43.23	52.49	30.92	31.87	32.55	56.53	43.90	57.76	98.61
151	21:28.272	109.62	74.46	57.01	33.74	107.30	104.07	49.08	93.05	57.41	56.11	76.68	43.13	52.40	30.80	31.75	32.44	56.42	43.81	57.67	98.52
152	21:28.536	109.51	74.33	56.91	33.63	107.16	103.97	48.95	92.93	57.32	55.98	76.57	42.99	52.30	30.68	31.65	32.31	56.31	43.68	57.52	98.43
153	21:28.747	109.42	74.23	56.81	33.53	107.05	103.86	48.86	92.83	57.24	55.89	76.47	42.88	52.21	30.59	31.54	32.22	56.22	43.58	57.41	98.34
154	21:28.994	109.32	74.14	56.70	33.42	106.93	103.73	48.74	92.70	57.16	55.77	76.39	42.78	52.08	30.45	31.42	32.09	56.12	43.47	57.29	98.23
155	21:29.296	109.16	74.00	56.58	33.29	106.78	103.60	48.60	92.60	57.03	55.67	76.29	42.69	52.00	30.31	31.28	31.94	55.98	43.36	57.18	98.11
156	21:29.528	109.03	73.88	56.50	33.20	106.65	103.52	48.48	92.49	56.91	55.55	76.20	42.56	51.88	30.22	31.15	31.79	55.89	43.26	57.06	97.99
157	21:29.796	108.91	73.81	56.41	33.08	106.55	103.39	48.36	92.42	56.81	55.46	76.10	42.43	51.78	30.10	31.05	31.69	55.79	43.17	56.95	97.90
158	21:30.052	108.77	73.69	56.29	32.94	106.42	103.28	48.26	92.31	56.72	55.34	75.99	42.31	51.66	30.00	30.94	31.59	55.66	43.08	56.84	97.77
159	21:30.292	108.68	73.57	56.19	32.83	106.34	103.18	48.15	92.22	56.62	55.23	75.88	42.20	51.56	29.92	30.82	31.47	55.55	42.97	56.73	97.67
160	21:30.524	108.58	73.46	56.06	32.71	106.22	103.07	48.02	92.10	56.50	55.14	75.76	42.10	51.46	29.82	30.70	31.34	55.43	42.86	56.61	97.54
161	21:30.806	108.46	73.32	55.95	32.56	106.09	102.95	47.92	91.97	56.39	55.04	75.62	42.00	51.33	29.69	30.56	31.22	55.30	42.70	56.48	97.40
162	21:31.080	108.35	73.20	55.83	32.44	105.99	102.84	47.80	91.84	56.28	54.94	75.47	41.87	51.21	29.56	30.44	31.09	55.16	42.55	56.38	97.26
163	21:31.348	108.24	73.08	55.73	32.31	105.87	102.71	47.68	91.74	56.15	54.81	75.33	41.75	51.11	29.45	30.32	31.00	55.05	42.41	56.29	97.11
164	21:31.621	108.12	72.97	55.61	32.19	105.73	102.58	47.56	91.62	56.01	54.70	75.20	41.64	50.99	29.35	30.18	30.90	54.93	42.32	56.17	96.98
165	21:31.920	108.00	72.86	55.46	32.03	105.60	102.46	47.44	91.49	55.88	54.58	75.08	41.51	50.89	29.23	30.05	30.75	54.82	42.16	56.03	96.85
166	21:32.211	107.87	72.76	55.31	31.92	105.46	102.34	47.29	91.36	55.74	54.44	74.93	41.37	50.75	29.11	29.91	30.64	54.67	42.03	55.89	96.71
167	21:32.521	107.72	72.62	55.16	31.79	105.32	102.20	47.17	91.20	55.62	54.31	74.78	41.20	50.58	28.96	29.76	30.51	54.54	41.87	55.77	96.59
168	21:32.821	107.58	72.48	55.02	31.66	105.17	102.10	47.05	91.09	55.49	54.17	74.66	41.10	50.46	28.85	29.63	30.38	54.40	41.74	55.67	96.48
169	21:33.101	107.43	72.32	54.87	31.56	105.04	101.99	46.92	90.96	55.34	54.03	74.51	40.96	50.37	28.72	29.49	30.28	54.28	41.61	55.56	96.34
170	21:33.361	107.33	72.21	54.77	31.46	104.94	101.88	46.83	90.86	55.26	53.90	74.42	40.86	50.25	28.59	29.36	30.19	54.17	41.49	55.44	96.26
171	21:33.608	107.20	72.07	54.65	31.36	104.82	101.78	46.72	90.77	55.14	53.81	74.32	40.75	50.14	28.48	29.24	30.09	54.07	41.40	55.31	96.13
172	21:33.845	107.09	71.97	54.53	31.25	104.71	101.70	46.61	90.67	55.02	53.71	74.23	40.64	50.06	28.37	29.13	29.96	53.98	41.28	55.18	96.03
173	21:34.131	106.97	71.83	54.42	31.12	104.59	101.58	46.49	90.56	54.91	53.59	74.10	40.51	49.94	28.26	29.02	29.85	53.85	41.16	55.07	95.88
	21:34.341	106.87	71.74	54.32	31.02	104.50	101.47	46.40	90.45	54.81	53.51		40.40	49.85	28.16	28.91	29.75	53.75	41.05	54.98	95.77
