1	116.08	116.05	116.18	116.25	116.54	116.59	116.76	116.86	117.00	117.07	114.63	117.23	114.91	115.25	115.31	115.35	115.64	115.63	115.76	115.96
2	115.87	115.83	115.94	116.03	116.31	116.36	116.57	116.66	116.78	116.84	114.39	117.02	114.67	115.02	115.09	115.12	115.41	115.43	115.55	115.75
3	115.66	115.60	115.68	115.82	116.08	116.12	116.35	116.43	116.56	116.62	114.16	116.81	114.42	114.79	114.86	114.91	115.19	115.21	115.34	115.54
4	115.45	115.26	115.44	115.61	115.81	115.90	116.13	116.17	116.31	116.43	113.95	116.51	114.22	114.58	114.62	114.69	114.87	115.00	115.11	115.30
5	115.20	115.02	115.21	115.34	115.58	115.58	115.91	115.90	116.07	116.19	113.71	116.27	113.96	114.31	114.37	114.42	114.48	114.76	114.87	115.08
6	114.92	114.61	114.92	115.05	115.34	115.25	115.63	115.61	115.80	115.90	113.21	115.89	113.68	114.03	114.09	114.15	114.08	114.51	114.57	114.80
7	114.60	114.29	114.59	114.77	115.04	114.91	115.33	115.28	115.46	115.59	113.02	115.60	113.22	113.67	113.59	113.85	113.72	114.20	114.24	114.41
8	114.29	114.02	114.31	114.42	114.72	114.63	115.02	114.95	115.13	115.28	112.56	115.32	112.88	113.33	113.38	113.55	113.38	113.86	113.94	114.09
9	113.95	113.70	114.00	114.09	114.42	114.40	114.68	114.64	114.82	114.93	112.23	115.05	112.52	113.01	112.88	113.19	113.02	113.51	113.58	113.74
10	113.60	113.34	113.70	113.76	114.09	114.09	114.33	114.30	114.34	114.59	111.91	114.72	112.15	112.67	112.67	112.88	112.61	113.16	113.23	113.40
11	113.22	113.03	113.29	113.42	113.76	113.67	113.95	113.99	113.98	114.25	111.53	114.38	112.15	112.29	112.15	112.51	112.17	112.74	112.84	112.93
12	112.89	112.69	112.96	113.06	113.39	113.32	113.57	113.66	113.67	113.90	111.14	114.12	111.83	111.96	111.91	112.22	111.90	112.40	112.51	112.50
13	112.52	112.38	112.60	112.76	113.07	112.95	113.18	113.34	113.28	113.54	110.70	113.76	111.48	111.58	111.55	111.85	111.57	112.00	112.14	112.12
14	112.17	112.03	112.29	112.41	112.67	112.64	112.85	112.99	112.99	113.21	110.35	113.41	111.14	111.28	111.29	111.46	111.25	111.66	111.79	111.73
15	111.75	111.73	111.90	112.00	112.26	112.26	112.49	112.68	112.50	112.83	110.35	113.03	110.84	110.94	110.88	111.08	110.87	111.27	111.39	111.47
16	111.39	111.21	111.53	111.63	111.95	111.92	112.08	112.33	112.09	112.52	110.24	112.70	110.45	110.62	110.58	110.76	110.49	110.93	111.05	111.16
17	111.05	110.85	111.22	111.28	111.62	111.62	111.75	112.03	111.81	112.22	109.83	112.39	110.06	110.16	110.29	110.44	110.20	110.60	110.72	110.74
18	110.61	110.59	110.89	110.97	111.36	111.30	111.42	111.70	111.43	111.91	109.51	112.08	109.73	109.95	109.95	110.12	109.88	110.32	110.35	110.29
19	110.19	110.24	110.50	110.59	111.01	110.96	111.05	111.35	111.01	111.55	109.39	111.70	109.37	109.60	109.60	109.73	109.52	109.93	109.99	110.07
20	109.83	109.88	110.14	110.25	110.69	110.65	110.72	111.01	110.65	111.17	109.15	111.37	109.08	109.25	109.26	109.41	109.21	109.43	109.66	109.74
21	109.53	109.53	109.84	109.87	110.29	110.38	110.43	110.67	110.42	110.85	108.87	111.05	108.69	108.93	108.95	109.03	108.86	108.99	109.28	109.42
22	109.11	109.24	109.56	109.54	110.01	110.06	110.16	110.36	110.13	110.55	108.64	110.80	108.58	108.66	108.65	108.72	108.58	108.76	108.99	109.13
23	108.69	108.93	109.28	109.23	109.70	109.73	109.81	110.04	109.82	110.16	108.41	110.50	108.41	108.38	108.34	108.42	108.20	108.44	108.67	108.74
24	108.35	108.63	108.89	108.84	109.43	109.42	109.52	109.73	109.55	109.85	108.21	110.22	108.19	108.10	108.06	108.05	107.91	107.99	108.33	108.34
25	107.99	108.26	108.50	108.49	109.11	109.08	109.21	109.39	109.21	109.47	108.00	109.87	107.96	107.72	107.69	107.70	107.58	107.57	107.97	108.01
26	107.70	107.89	108.18	108.12	108.76	108.71	108.83	109.01	108.94	109.17	107.78	109.53	107.73	107.41	107.33	107.44	107.28	107.17	107.57	107.67
27	107.32	107.53	107.88	107.80	108.49	108.36	108.54	108.69	108.62	108.88	107.51	109.18	107.57	107.11	107.00	107.14	107.01	106.84	107.24	107.36
28	106.95	107.13	107.55	107.51	108.19	108.06	108.21	108.39	108.32	108.55	107.28	108.83	107.36	106.65	106.68	106.79	106.60	106.63	106.94	107.05
29	106.61	106.80	107.23	107.12	107.85	107.70	107.85	108.16	107.91	108.15	107.05	108.45	107.17	106.21	106.35	106.42	106.29	106.17	106.63	106.74
30	106.21	106.48	106.91	106.82	107.48	107.31	107.54	107.72	107.56	107.85	106.81	108.16	106.97	105.82	106.02	106.10	106.00	105.90	106.31	106.40
31	105.91	106.14	106.55	106.45	107.14	106.94	107.16	107.50	107.22	107.45	106.61	107.76	106.75	105.40	105.69	105.79	105.68	105.39	105.92	106.09
32	105.56	105.83	106.23	106.12	106.81	106.61	106.85	107.10	106.92	107.11	106.38	107.46	106.47	105.03	105.35	105.46	105.36	104.96	105.65	105.76
33	105.19	105.53	105.90	105.78	106.49	106.27	106.54	106.78	106.57	106.80	106.13	107.06	106.27	104.66	104.97	105.12	104.99	104.73	105.29	105.37
34	104.97	105.29	105.65	105.38	106.20	105.93	106.28	106.54	106.28	106.43	105.92	106.66	106.04	104.45	104.72	104.79	104.71	104.44	104.97	105.01
35	104.76	105.08	105.43	105.10	105.97	105.66	105.90	106.36	106.08	106.23	105.73	106.45	105.87	104.27	104.51	104.59	104.47	104.22	104.77	104.83
36	104.47	104.74	105.16	104.80	105.68	105.30	105.52	106.07	105.81	105.96	105.61	106.19	105.77	103.98	104.21	104.31	104.13	103.88	104.45	104.53
37	104.15	104.46	104.87	104.51	105.38	104.96	105.18	105.78	105.53	105.63	105.42	105.74	105.59	103.72	103.91	104.00	103.82	103.58	104.19	104.23
38	103.83	104.14	104.53	104.18	105.04	104.68	104.83	105.40	105.20	105.30	105.21	105.53	105.38	103.33	103.58	103.60	103.53	103.27	103.88	103.86
39	103.54	103.85	104.22	103.89	104.68	104.35	104.46	105.07	104.87	104.98	104.98	105.05	105.14	102.97	103.30	103.29	103.26	102.99	103.58	103.55
40	103.22	103.52	103.92	103.63	104.38	104.01	104.18	104.76	104.52	104.67	104.75	104.66	104.96	102.66	103.00	102.97	103.01	102.71	103.27	103.28
41	102.96	103.21	103.64	103.37	104.06	103.70	103.88	104.45	104.23	104.39	104.57	104.29	104.70	102.33	102.72	102.63	102.74	102.36	102.92	102.95
42	102.68	102.83	103.34	103.00	103.76	103.35	103.57	104.13	103.97	104.05	104.41	103.97	104.46	102.01	102.40	102.30	102.30	102.09	102.59	102.60
43	102.39	102.55	103.03	102.71	103.48	103.02	103.30	103.83	103.69	103.77	104.19	103.58	104.21	101.73	102.12	102.30	101.91	101.80	102.31	102.29
44	102.03	102.31	102.68	102.42	103.09	102.70	102.94	103.49	103.32	103.40	104.01	103.19	104.00	101.43	101.70	102.18	101.69	101.49	101.91	101.96
45	101.69	101.90	102.38	102.12	102.77	102.41	102.60	103.15	103.00	103.08	103.82	102.83	103.77	101.09	101.70	101.96	101.27	101.19	101.60	101.63
46	101.41	101.68	102.06	101.79	102.46	102.10	102.29	102.85	102.68	102.76	103.62	102.47	103.56	100.75	101.55	101.69	101.05	100.88	101.26	101.28
48	101.10	101.35	101.77	101.47	102.13	101.74	101.93	102.51	102.37	102.43	103.39	102.24	103.35	100.75	101.37	101.47	100.78	100.57	100.91	100.95
49	100.82	101.02	101.49	101.09	101.86	101.54	101.72	102.20	102.03	102.13	103.20	101.84	103.18	100.60	101.14	101.28	100.46	100.22	100.62	100.59
50	100.63	100.82	101.29	100.89	101.64	101.33	101.50	101.99	101.84	101.93	103.05	101.67	102.98	100.36	100.97	101.03	100.25	100.01	100.42	100.39
51	100.39	100.56	101.02	100.63	101.38	101.05	101.24	101.72	101.55	101.70	102.94	101.44	102.88	100.23	100.87	100.93	100.02	100.01	100.15	100.12
52	100.18	100.34	100.79	100.40	101.16	100.83	101.01	101.51	101.33	101.46	102.79	101.22	102.73	100.03	100.72	100.73	99.82	99.89	99.92	99.88
53	99.87	100.04	100.47	100.09	100.86	100.54	100.74	101.24	101.04	101.13	102.68	100.93	102.62	99.90	100.59	100.62	99.57	99.74	99.60	99.58
54	99.67	99.85	100.28	99.86	100.67	100.34	100.54	101.04	100.81	100.92	102.49	100.70	102.35	99.77	100.45	100.38	99.35	99.52	99.41	99.36
55	99.45	99.65	100.08	99.67	100.44	100.16	100.34	100.84	100.55	100.69	102.37	100.50	102.25	99.66	100.35	100.30	99.13	99.39	99.22	99.17
56	99.24	99.44	99.89	99.48	100.26	99.96	100.13	100.63	100.32	100.50	102.28	100.28	102.12	99.52	100.27	100.20	98.90	99.28	99.03	98.96
57	99.04	99.23	99.68	99.25	100.07	99.75	99.88	100.43	100.10	100.27	102.17	100.07	102.01	99.41	100.18	100.09	98.70	99.19	98.83	98.75
58	98.78	98.91	99.37	98.94	99.72	99.45	99.58	100.10	99.81	99.92	102.04	99.80	101.90	99.32	100.07	99.97	98.39	99.07	98.48	98.45
59	98.58	98.72	99.11	98.75	99.38	99.22	99.37	99.87	99.61	99.60	101.83	99.59	101.76	99.08	99.92	99.89	98.18	98.82	98.23	98.24
60	98.30	98.43	98.80	98.45	99.03	98.96	99.09	99.58	99.31	99.29	101.74	99.30	101.64	98.97	99.83	99.79	97.89	98.72	97.95	97.97
61	98.02	98.12	98.53	98.17	98.71	98.61	98.75	99.29	98.99	98.95	101.53	98.93	101.47	98.78	99.62	99.58	97.58	98.51	97.64	97.70
62	97.73	97.85	98.23	97.88	98.35	98.31	98.41	98.98	98.69	98.64	101.36	98.66	101.29	98.62	99.35	99.37	97.32	98.28	97.34	97.43
63	97.40	97.53	97.89	97.56	97.95	98.02	98.09	98.68	98.41	98.32	101.11	98.34	101.09	98.44	99.18	99.09	96.99	98.09	97.06	97.16
64	97.07	97.19	97.58	97.26	97.54	97.66	97.77	98.33	98.06	98.01	100.91	98.00	100.89	98.20	98.98	98.88	96.61	97.91	96.69	96.75
65	96.77	96.87	97.30	96.94	97.31	97.42	97.51	98.05	97.75	97.78	100.61	97.70	100.66	97.95	98.75	98.66	96.32	97.64	96.41	96.47
66	96.49	96.42	96.88	96.68	97.05	97.13	97.23	97.76	97.48	97.50	100.42	97.44	100.44	97.75	98.52	98.46	96.32	97.42	96.08	96.23
67	96.14	96.22	96.64	96.36	96.74	96.78	96.86	97.40	97.14	97.17	100.25	97.11	100.31	97.61	98.32	98.14	96.22	97.25	95.86	95.92
68	95.89	95.96	96.43	96.12	96.48	96.56	96.64	97.14	96.95	96.89	100.01	96.90	100.10	97.41	98.10	98.00	95.95	97.05	95.59	95.71
69	95.63	95.60	96.25	95.86	96.19	96.32	96.37	96.96	96.75	96.67	99.87	96.70	99.98	97.28	97.93	97.80	95.84	96.94	95.36	95.50
70	95.35	95.35	95.96	95.60	95.80	96.01	96.06	96.65	96.41	96.34	99.75	96.41	99.83	97.10	97.76	97.41	95.71	96.78	95.01	95.13
71	95.14	95.12	95.75	95.40	95.60	95.79	95.85	96.41	96.20	96.13	99.48	96.21	99.61	96.90	97.56	97.28	95.54	96.56	94.80	94.89
72	94.88	94.86	95.52	95.16	95.35	95.58	95.62	96.18	95.97	95.87	99.37	95.95	99.53	96.79	97.45	97.17	95.42	96.46	94.57	94.66
73	94.68	94.63	95.31	94.95	95.15	95.36	95.41	96.02	95.59	95.60	99.23	95.73	99.38	96.66	97.32	97.06	95.29	96.33	94.34	94.44
74	94.32	94.31	94.98	94.65	94.79	95.05	95.09	95.72	95.24	95.27	99.13	95.41	99.25	96.56	97.21	96.93	95.16	96.24	94.03	94.10
75	93.93	93.96	94.47	94.28	94.38	94.70	94.72	95.30	94.79	94.83	98.89	95.08	99.06	96.29	96.96	96.69	94.90	96.02	93.53	93.72
76	93.60	93.60	94.06	93.97	94.00	94.41	94.44	94.91	94.44	94.49	98.59	94.78	98.82	96.00	96.71	96.45	94.58	95.74	93.26	93.39
77	93.29	93.28	93.65	93.58	93.68	94.05	94.07	94.56	94.19	94.25	98.32	94.49	98.61	95.78	96.52	96.21	94.30	95.57	92.91	93.06
78	92.93	92.90	93.40	93.23	93.34	93.68	93.73	94.24	93.86	93.89	98.11	94.13	98.39	95.54	96.28	95.97	94.11	95.34	92.63	92.72
79	92.69	92.63	93.13	92.98	93.08	93.41	93.51	93.97	93.64	93.67	97.86	93.83	98.13	95.28	95.98	95.63	93.86	95.09	92.40	92.44
80	92.47	92.42	92.95	92.80	92.83	93.20	93.26	93.76	93.40	93.46	97.75	93.62	97.98	95.10	95.79	95.49	93.71	94.92	92.15	92.21
81	92.21	92.13	92.69	92.56	92.57	92.92	92.92	93.46	93.13	93.22	97.66	93.40	97.88	94.99	95.68	95.35	93.53	94.78	91.86	91.99
82	91.94	91.83	92.35	92.33	92.22	92.72	92.70	93.23	92.93	92.97	97.49	93.20	97.78	94.85	95.49	95.18	93.33	94.63	91.65	91.76
83	91.68	91.59	92.09	92.10	91.96	92.46	92.45	92.97	92.69	92.77	97.37	92.97	97.56	94.67	95.37	95.07	93.23	94.48	91.37	91.52
84	91.45	91.37	91.87	91.87	91.76	92.23	92.23	92.73	92.49	92.52	97.24	92.76	97.38	94.54	95.19	94.95	93.05	94.34	91.13	91.30
85	91.22	91.18	91.64	91.66	91.56	92.03	92.00	92.55	92.27	92.33	97.14	92.52	97.26	94.40	95.11	94.83	92.96	94.23	90.95	91.09
86	91.00	90.94	91.40	91.38	91.37	91.75	91.83	92.36	92.08	92.04	97.02	92.27	97.13	94.30	95.00	94.69	92.85	94.10	90.72	90.83
87	90.79	90.70	91.18	91.18	91.12	91.56	91.59	92.11	91.86	91.83	96.91	92.05	97.02	94.12	94.88	94.54	92.65	94.01	90.52	90.59
88	90.50	90.45	90.75	90.93	90.81	91.31	91.24	91.70	91.62	91.54	96.80	91.77	96.91	94.01	94.73	94.43	92.54	93.90	90.18	90.32
89	90.14	90.10	90.51	90.59	90.46	90.95	90.94	91.46	91.32	91.21	96.61	91.43	96.74	93.88	94.53	94.27	92.41	93.73	89.91	89.99
90	89.95	89.91	90.32	90.38	90.24	90.75	90.66	91.10	91.13	91.00	96.38	91.26	96.50	93.66	94.31	94.10	92.16	93.45	89.72	89.78
91	89.71	89.64	90.03	90.09	89.97	90.43	90.34	90.67	90.84	90.67	96.28	90.98	96.38	93.51	94.23	94.00	92.02	93.33	89.43	89.53
92	89.43	89.35	89.74	89.79	89.67	90.12	90.06	90.33	90.55	90.30	96.07	90.67	96.14	93.27	94.00	93.79	91.81	93.13	89.06	89.24
93	89.13	89.06	89.36	89.35	89.34	89.88	89.85	90.08	90.21	90.00	95.89	90.40	95.96	93.10	93.74	93.60	91.53	92.92	88.79	88.96
94	88.81	88.75	89.01	89.03	88.99	89.56	89.50	89.76	89.92	89.69	95.72	90.07	95.73	92.91	93.52	93.43	91.34	92.68	88.35	88.64
95	88.49	88.42	88.65	88.66	88.67	89.22	89.22	89.43	89.64	89.37	95.49	89.69	95.49	92.70	93.27	93.21	91.14	92.45	88.03	88.26
96	88.00	88.09	88.36	88.31	88.34	88.94	88.81	88.94	89.34	89.08	95.24	89.36	95.22	92.46	92.99	92.96	90.92	92.18	87.77	87.92
97	87.82	87.79	88.01	88.04	88.04	88.62	88.60	88.71	89.07	88.77	95.00	89.06	94.98	92.23	92.76	92.67	90.73	91.94	87.42	87.71
98	87.52	87.51	87.70	87.65	87.75	88.35	88.32	88.42	88.80	88.47	94.81	88.77	94.80	92.01	92.55	92.47	90.52	91.70	87.21	87.40
99	87.20	87.21	87.33	87.32	87.43	88.07	87.98	88.15	88.46	88.19	94.63	88.44	94.62	91.82	92.37	92.29	90.32	91.51	86.79	87.05
100	86.85	86.86	86.90	86.97	87.12	87.75	87.61	87.78	88.17	87.81	94.34	88.11	94.40	91.57	92.13	92.08	90.12	91.30	86.54	86.72
101	86.53	86.55	86.57	86.60	86.83	87.41	87.31	87.46	87.92	87.54	94.15	87.77	94.13	91.33	91.89	91.79	89.88	91.04	86.09	86.47
102	86.17	86.20	86.29	86.23	86.47	87.08	86.97	87.12	87.58	87.24	93.89	87.45	93.87	91.12	91.70	91.60	89.69	90.80	85.86	86.14
103	85.87	85.93	85.89	85.89	86.12	86.79	86.70	86.82	87.24	86.97	93.65	87.10	93.64	90.87	91.51	91.33	89.49	90.54	85.45	85.86
104	85.58	85.63	85.52	85.51	85.81	86.46	86.40	86.56	86.96	86.64	93.39	86.83	93.46	90.70	91.34	91.12	89.29	90.34	85.21	85.56
105	85.23	85.30	85.13	85.12	85.51	86.14	86.06	86.21	86.68	86.31	93.21	86.50	93.25	90.44	91.11	90.93	89.09	90.11	84.83	85.24
106	84.85	84.95	84.76	84.81	85.19	85.78	85.66	85.86	86.41	85.85	93.01	86.17	93.03	90.25	90.90	90.71	88.84	89.91	84.57	84.92
107	84.54	84.61	84.42	84.40	84.91	85.78	85.40	85.51	86.11	85.55	92.80	85.86	92.81	89.99	90.60	90.45	88.59	89.65	84.12	84.63
108	84.24	84.28	84.05	84.10	84.59	85.62	84.95	85.18	85.74	85.05	92.61	85.53	92.58	89.73	90.33	90.22	88.38	89.36	83.82	84.28
109	83.96	83.99	83.73	83.70	84.26	85.38	84.66	84.86	85.41	84.68	92.38	85.24	92.35	89.46	90.11	90.00	88.10	89.12	83.56	83.96
110	83.71	83.69	83.36	83.40	83.98	85.12	84.35	84.53	85.11	84.29	92.12	84.94	92.14	89.26	89.90	89.82	87.88	88.92	83.20	83.62
111	83.38	83.33	82.99	83.01	83.61	84.92	84.14	84.19	84.75	84.08	91.94	84.61	91.94	89.06	89.69	89.60	87.66	88.75	82.85	83.32
112	83.04	83.01	82.69	82.65	83.29	84.70	83.71	83.88	84.42	83.70	91.68	84.30	91.68	88.85	89.41	89.38	87.46	88.52	82.56	83.00
113	82.70	82.66	82.27	82.43	82.91	84.48	83.45	83.54	84.06	83.43	91.50	83.96	91.44	88.60	89.20	89.11	87.27	88.27	82.27	82.66
114	82.45	82.25	81.97	82.04	82.69	84.22	83.13	83.19	83.78	83.11	91.31	83.64	91.18	88.36	88.98	88.85	87.01	88.01	82.00	82.37
115	82.25	82.05	81.76	81.85	82.49	83.99	82.90	82.99	83.56	82.91	91.10	83.42	90.92	88.14	88.77	88.64	86.83	87.82	81.80	82.16
116	82.05	81.82	81.53	81.64	82.27	83.87	82.69	82.77	83.34	82.62	91.01	83.20	90.80	88.04	88.67	88.52	86.74	87.71	81.58	81.93
117	81.72	81.51	81.21	81.25	81.96	83.76	82.34	82.77	83.02	82.04	90.83	83.20	90.67	87.92	88.53	88.38	86.58	87.60	81.21	81.62
118	81.40	81.12	80.94	80.90	81.62	83.33	82.05	82.54	82.68	81.81	90.57	82.99	90.44	87.59	88.24	88.13	86.38	87.37	80.84	81.31
119	81.16	80.89	80.71	80.69	81.42	83.21	81.80	82.30	82.44	81.43	90.39	82.81	90.16	87.29	88.06	87.88	86.14	87.12	80.62	81.06
120	80.85	80.57	80.37	80.36	81.15	82.84	81.53	82.13	82.16	81.21	90.23	82.70	90.01	87.16	87.91	87.74	85.97	86.99	80.33	81.06
121	80.59	80.28	80.06	80.04	80.86	82.73	81.26	81.93	82.16	80.90	90.01	82.52	89.79	86.96	87.71	87.54	85.81	86.80	80.07	80.90
122	80.36	80.04	79.86	79.82	80.66	82.53	81.07	81.73	82.01	80.67	89.86	82.31	89.62	86.74	87.53	87.33	85.64	86.56	79.87	80.73
123	80.12	79.86	79.61	79.60	80.48	82.41	80.84	81.62	81.92	80.47	89.76	82.20	89.51	86.63	87.38	87.19	85.49	86.45	79.67	80.60
124	79.85	79.58	79.32	79.32	80.20	82.28	80.84	81.49	81.79	80.17	89.60	82.10	89.41	86.49	87.29	87.05	85.38	86.35	79.40	80.49
125	79.85	79.35	79.07	79.06	79.95	82.11	80.71	81.30	81.61	79.81	89.38	81.90	89.23	86.26	87.12	86.84	85.25	86.22	79.40	80.29
126	79.64	79.13	78.87	78.87	79.74	81.90	80.60	81.17	81.45	79.59	89.21	81.77	89.06	86.06	86.94	86.69	85.10	86.10	79.28	80.14
127	79.52	78.93	78.66	78.67	79.54	81.80	80.50	81.06	81.32	79.39	89.11	81.66	88.94	85.95	86.80	86.59	84.97	85.99	79.16	80.04
128	79.41	78.70	78.42	78.43	79.29	81.68	80.39	80.98	81.23	79.17	89.01	81.56	88.82	85.82	86.69	86.49	84.86	85.89	79.06	79.92
129	79.29	78.48	78.20	78.18	79.11	81.53	80.22	80.86	81.08	78.97	88.85	81.40	88.63	85.69	86.54	86.32	84.76	85.78	78.91	79.79
130	79.18	78.29	77.99	77.96	78.92	81.41	80.09	80.74	80.99	78.77	88.75	81.27	88.51	85.56	86.42	86.22	84.61	85.70	78.80	79.69
131	79.07	78.08	77.76	77.73	78.71	81.28	79.99	80.63	80.90	78.52	88.62	81.13	88.41	85.42	86.32	86.09	84.48	85.57	78.64	79.58
132	78.96	77.81	77.49	77.45	78.45	81.18	79.90	80.54	80.79	78.52	88.49	81.00	88.31	85.28	86.18	86.01	84.32	85.40	78.49	79.44
133	78.78	77.57	77.28	77.20	78.26	80.98	79.76	80.38	80.63	78.37	88.28	80.86	88.15	85.10	86.01	85.84	84.15	85.21	78.37	79.29
134	78.65	77.36	77.07	77.01	78.06	80.86	79.61	80.25	80.50	78.25	88.19	80.72	88.05	85.00	85.90	85.71	84.04	85.08	78.26	79.20
135	78.53	77.08	76.83	77.01	78.06	80.76	79.50	80.15	80.40	78.12	88.09	80.59	87.94	84.87	85.77	85.57	83.88	84.96	78.18	79.11
136	78.35	76.79	76.83	76.90	77.93	80.56	79.31	79.94	80.23	77.93	87.86	80.38	87.78	84.73	85.57	85.36	83.70	84.75	77.98	78.95
