92.26
92.04
91.83
91.62
91.39
91.18
90.86
90.52
90.20
89.90
89.62
89.26
88.89
88.54
88.21
87.88
87.59
87.38
87.07
86.79
86.50
86.17
85.86
85.49
85.19
84.90
84.62
84.34
84.04
83.73
83.42
83.07
82.73
82.42
82.08
81.71
81.38
81.15
80.90
80.52
80.25
79.96
79.66
79.33
79.01
78.78
78.57
78.35
78.16
77.96
77.74
77.50
77.27
77.04
76.83
76.60
76.42
76.14
75.91
75.72
75.49
75.28
74.98
74.70
74.50
74.15
73.94
73.72
73.51
73.29
73.06
72.85
72.66
72.39
72.11
71.81
71.54
71.33
71.10
70.91
70.51
70.18
69.84
69.63
69.42
69.22
69.01
68.80
68.51
68.24
68.06
68.06
67.94
67.71
67.49
67.24
67.06
66.86
66.68
66.49
66.37
66.26
66.16
65.99
65.80
65.69
65.59
65.42
65.26
65.08
64.89
64.71
64.48
64.35
64.23
64.11
63.98
63.90
63.77
63.65
63.50
63.38
63.24
63.03
62.91
62.81
62.70
62.57
62.47
62.33
62.14
62.03
61.92
61.79
61.67
61.54
61.42
61.30
61.22
61.11
61.01
60.91
60.78
60.67
60.55
60.40
60.28
60.14
60.02
59.91
59.80
59.68
59.58
59.48
59.34
59.20
59.07
58.96
58.84
58.70
58.58
