88.01
87.83
87.63
87.43
87.20
87.01
86.69
86.37
86.06
85.78
85.41
84.99
84.58
84.20
83.80
83.40
83.20
82.99
82.67
82.37
82.06
81.76
81.44
81.09
80.79
80.48
80.17
79.75
79.38
79.05
78.66
78.26
78.05
77.76
77.44
77.10
76.79
76.58
76.25
75.93
75.63
75.36
75.07
74.72
74.38
74.08
73.84
73.60
73.39
73.16
72.94
72.73
72.53
72.30
72.09
71.89
71.69
71.45
71.26
71.05
70.87
70.67
70.46
70.13
69.81
69.61
69.29
69.06
68.85
68.46
68.24
68.04
67.84
67.41
67.06
66.69
66.52
66.32
66.10
65.89
65.70
65.37
65.07
64.80
64.59
64.39
64.17
63.93
63.64
63.38
63.15
62.89
62.61
62.32
62.01
61.68
61.37
61.10
60.75
60.53
60.31
60.09
59.85
59.55
59.34
59.10
58.83
58.48
58.17
57.90
57.62
57.31
57.09
56.87
56.70
56.47
56.26
56.03
55.85
55.85
55.74
55.61
55.45
55.26
55.13
55.06
54.95
54.84
54.72
54.62
54.41
54.28
54.18
54.05
53.95
53.85
53.75
53.63
53.51
53.39
53.28
53.16
53.06
52.95
52.82
52.66
52.57
52.42
52.32
52.18
52.05
51.92
51.79
51.69
51.56
51.42
51.32
51.22
51.08
50.93
50.82
