85.70
85.49
85.31
85.13
84.95
84.73
84.39
84.09
83.80
83.46
83.18
82.80
82.46
82.11
81.79
81.48
81.18
80.96
80.62
80.27
79.99
79.65
79.35
79.05
78.74
78.39
78.11
77.77
77.53
77.23
76.79
76.44
76.05
75.67
75.28
74.93
74.70
74.48
74.19
73.86
73.52
73.24
72.93
72.61
72.32
72.01
71.78
71.57
71.36
71.16
70.96
70.71
70.52
70.29
70.07
69.84
69.65
69.65
69.56
69.44
69.33
69.18
69.08
68.97
68.78
68.57
68.45
68.21
68.09
67.97
67.88
67.70
67.59
67.49
67.35
67.14
66.91
66.70
66.64
66.56
66.46
66.37
66.19
65.97
65.73
65.65
65.56
65.42
65.30
65.12
64.97
64.85
64.69
64.50
64.27
64.07
63.87
63.67
63.44
63.21
63.08
62.98
62.86
62.73
62.59
62.49
62.38
62.17
61.91
61.71
61.52
61.39
61.17
61.04
60.93
60.81
60.68
60.59
60.47
60.37
60.20
60.11
59.95
59.76
59.62
59.50
59.38
59.26
59.17
59.03
58.85
58.72
58.60
58.47
58.35
58.23
58.10
58.01
57.93
57.84
57.73
57.62
57.51
57.40
57.27
57.17
57.02
56.89
56.78
56.65
56.56
56.47
56.36
56.24
56.12
55.99
55.88
55.79
55.67
55.53
55.41
