85.12
84.91
84.69
84.46
84.24
84.02
83.70
83.37
83.08
82.76
82.47
81.97
81.54
81.14
80.93
80.61
80.31
80.10
79.81
79.38
79.02
78.68
78.32
77.96
77.60
77.37
76.90
76.69
76.41
76.12
75.83
75.49
75.11
75.11
74.94
74.72
74.48
74.23
74.10
73.71
73.62
73.39
73.23
73.01
72.80
72.59
72.37
72.23
72.13
72.02
71.92
71.82
71.71
71.59
71.48
71.37
71.20
71.07
70.93
70.80
70.70
70.57
70.44
70.33
70.15
69.93
69.84
69.56
69.45
69.35
69.23
69.03
68.92
68.81
68.67
68.45
68.29
68.08
67.98
67.87
67.75
67.62
67.38
67.18
67.00
66.88
66.77
66.64
66.54
66.32
66.16
66.05
65.86
65.71
65.50
65.30
65.07
64.84
64.66
64.43
64.34
64.22
64.11
63.96
63.79
63.69
63.57
63.38
63.22
63.01
62.79
62.64
62.39
62.30
62.19
62.08
61.98
61.89
61.79
61.71
61.54
61.41
61.27
61.08
60.95
60.85
60.75
60.64
60.52
60.40
60.19
60.08
59.95
59.84
59.73
59.62
59.51
59.39
59.26
59.14
59.03
58.92
58.81
58.69
58.58
58.46
58.32
58.20
58.09
57.96
57.84
57.72
57.63
57.50
57.37
57.27
57.17
57.06
56.96
56.80
56.69
