87.72
87.51
87.28
87.07
86.83
86.63
86.32
86.01
85.67
85.36
85.06
84.70
84.33
83.99
83.64
83.28
82.97
82.77
82.42
82.17
81.76
81.39
81.03
80.83
80.52
80.18
79.88
79.60
79.31
79.02
78.73
78.40
78.07
77.72
77.43
77.09
76.74
76.52
76.18
75.86
75.54
75.27
74.94
74.57
74.25
73.94
73.69
73.47
73.27
73.05
72.85
72.62
72.41
72.20
71.99
71.76
71.53
71.25
71.07
70.88
70.68
70.48
70.25
69.92
69.58
69.38
69.09
68.88
68.70
68.49
68.16
67.93
67.71
67.42
67.10
66.76
66.46
66.27
66.08
65.89
65.68
65.35
65.07
64.80
64.58
64.36
64.16
63.94
63.65
63.40
63.19
62.92
62.61
62.25
61.96
61.67
61.36
61.09
60.82
60.62
60.40
60.18
59.92
59.92
59.80
59.69
59.35
59.03
58.72
58.39
58.31
57.93
57.84
57.73
57.60
57.49
57.37
57.26
57.15
57.03
56.84
56.74
56.58
56.41
56.27
56.19
56.07
55.97
55.87
55.76
55.57
55.41
55.31
55.20
55.09
54.96
54.84
54.75
54.64
54.55
54.45
54.33
54.23
54.11
54.01
53.89
53.77
53.65
53.56
53.43
53.31
53.22
53.13
53.03
52.91
52.79
52.68
52.57
52.48
52.33
