88.49
88.27
88.06
87.88
87.68
87.47
87.14
86.80
86.49
86.20
85.94
85.42
84.99
84.60
84.28
83.95
83.74
83.55
83.24
82.97
82.54
82.23
81.90
81.52
81.31
81.00
80.70
80.39
80.13
79.83
79.55
79.25
78.93
78.64
78.32
77.98
77.66
77.29
77.10
76.69
76.33
75.97
75.59
75.23
74.85
74.63
74.42
74.19
74.00
73.78
73.57
73.35
73.14
72.92
72.72
72.48
72.26
71.99
71.76
71.56
71.33
71.11
70.90
70.58
70.24
70.04
69.72
69.50
69.28
69.05
68.74
68.53
68.33
68.08
67.78
67.45
67.09
66.88
66.65
66.43
66.19
65.87
65.56
65.28
65.06
64.88
64.68
64.46
64.19
63.94
63.71
63.43
63.11
62.75
62.45
62.16
61.88
61.59
61.25
61.03
60.84
60.62
60.62
60.53
60.35
60.26
60.17
59.92
59.67
59.45
59.26
59.08
58.90
58.77
58.68
58.59
58.46
58.35
58.26
58.14
57.96
57.84
57.73
57.52
57.39
57.25
57.17
57.08
56.98
56.88
56.73
56.60
56.49
56.41
56.31
56.18
56.05
55.91
55.80
55.70
55.60
55.49
55.38
55.27
55.13
55.00
54.88
54.76
54.65
54.54
54.43
54.32
54.19
54.08
53.98
53.84
53.73
53.58
53.44
53.30
53.18
