87.99
87.78
87.57
87.37
87.16
86.80
86.43
86.04
85.81
85.50
85.22
84.88
84.51
84.13
83.85
83.49
83.21
82.99
82.70
82.45
82.13
81.80
81.45
81.11
80.81
80.47
80.19
79.92
79.63
79.31
79.02
78.73
78.41
78.12
77.77
77.43
77.12
76.76
76.55
76.06
75.84
75.55
75.20
74.92
74.61
74.24
74.05
73.84
73.63
73.41
73.19
72.95
72.72
72.55
72.35
72.09
71.87
71.61
71.40
71.21
71.02
70.81
70.60
70.15
69.93
69.73
69.40
69.20
69.00
68.79
68.52
68.31
68.12
67.83
67.51
67.20
66.87
66.67
66.45
66.23
66.01
65.70
65.40
65.14
64.93
64.73
64.51
64.27
63.99
63.72
63.50
63.23
62.86
62.41
62.02
61.68
61.34
60.96
60.75
60.56
60.35
60.14
59.88
59.57
59.35
58.91
58.56
58.22
57.87
57.65
57.25
57.02
56.79
56.56
56.38
56.16
55.97
55.76
55.56
55.30
55.05
54.83
54.83
54.71
54.59
54.46
54.35
54.24
54.13
54.04
53.87
53.73
53.62
53.52
53.40
53.29
53.18
53.06
52.97
52.85
52.76
52.66
52.54
52.44
52.31
52.19
52.03
51.89
51.77
51.63
51.55
51.46
51.33
51.22
51.09
50.96
50.84
50.74
50.65
50.52
50.44
