88.39
88.18
87.95
87.74
87.54
87.31
86.98
86.67
86.35
86.06
85.77
85.41
85.03
84.69
84.37
84.03
83.70
83.49
83.16
82.86
82.56
82.22
81.90
81.54
81.22
80.89
80.57
80.25
79.93
79.62
79.28
78.96
78.61
78.31
78.01
77.71
77.34
77.12
76.79
76.50
76.15
75.89
75.55
75.22
74.88
74.58
74.36
74.13
73.92
73.72
73.48
73.28
73.09
72.82
72.62
72.40
72.23
71.99
71.78
71.58
71.38
71.17
70.95
70.62
70.30
70.09
69.74
69.50
69.28
69.09
68.81
68.62
68.41
68.12
67.82
67.49
67.19
66.97
66.75
66.54
66.31
65.98
65.66
65.37
65.18
64.97
64.77
64.56
64.29
64.29
64.21
64.10
63.93
63.71
63.52
63.32
63.15
62.96
62.77
62.54
62.43
62.30
62.20
62.04
61.83
61.72
61.58
61.38
61.15
60.95
60.73
60.54
60.31
60.18
60.06
59.94
59.83
59.71
59.60
59.50
59.34
59.22
59.05
58.83
58.72
58.60
58.49
58.40
58.28
58.17
57.96
57.84
57.75
57.63
57.51
57.40
57.32
57.20
57.08
56.97
56.88
56.79
56.69
56.58
56.50
56.38
56.27
56.14
56.01
55.86
55.76
55.67
55.53
55.46
55.34
55.21
55.09
54.94
54.81
54.65
54.54
