90.92
90.71
90.49
90.26
90.03
89.70
89.39
89.06
88.75
88.47
88.16
87.77
87.35
87.11
86.82
86.51
86.23
86.03
85.72
85.46
85.16
84.82
84.51
84.17
83.85
83.53
83.26
82.97
82.66
82.34
82.02
81.68
81.35
81.02
80.73
80.43
80.09
79.90
79.58
79.32
79.00
78.74
78.38
78.08
77.75
77.42
77.21
76.98
76.76
76.56
76.36
76.15
75.95
75.73
75.52
75.26
75.02
74.74
74.53
74.34
74.14
73.93
73.72
73.41
73.07
72.89
72.53
72.33
72.14
71.95
71.65
71.43
71.23
70.95
70.63
70.27
69.92
69.72
69.51
69.30
69.10
68.79
68.48
68.20
67.97
67.77
67.56
67.32
67.00
66.73
66.52
66.24
65.93
65.64
65.38
65.06
64.76
64.45
64.09
63.88
63.69
63.49
63.23
62.97
62.76
62.53
62.25
61.92
61.59
61.27
61.27
61.15
60.91
60.79
60.68
60.57
60.45
60.34
60.25
60.12
59.93
59.80
59.64
59.44
59.31
59.22
59.10
59.00
58.90
58.79
58.63
58.50
58.41
58.30
58.21
58.07
57.95
57.85
57.74
57.65
57.55
57.44
57.33
57.21
57.09
56.93
56.82
56.69
56.55
56.44
56.34
56.26
56.14
56.02
55.89
55.78
55.64
55.51
55.37
55.21
55.09
