109.88
109.67
109.47
109.25
109.01
108.67
108.35
108.05
107.73
107.42
107.06
106.71
106.29
106.01
105.72
105.43
105.12
104.79
104.49
104.17
103.85
103.49
103.11
102.78
102.46
102.13
101.83
101.49
101.20
100.88
100.52
100.19
99.90
99.69
99.37
99.12
98.75
98.46
98.16
97.86
97.56
97.24
96.92
96.59
96.37
96.04
95.69
95.34
95.06
94.76
94.26
94.00
93.68
93.42
93.10
92.76
92.45
91.97
91.56
91.19
90.86
90.60
90.36
90.15
89.82
89.59
89.28
89.02
88.79
88.57
88.38
88.11
87.87
87.61
87.41
87.19
86.91
86.67
86.43
86.14
85.85
85.48
85.13
84.93
84.70
84.44
84.10
83.92
83.69
83.43
83.20
82.94
82.56
82.21
81.82
81.46
81.15
80.89
80.66
80.42
80.18
79.93
79.66
79.45
79.10
78.87
78.60
78.38
78.06
77.76
77.44
77.24
76.98
76.98
76.79
76.67
76.57
76.42
76.21
76.03
75.61
75.22
75.12
74.78
74.38
74.22
73.86
73.69
73.59
73.49
73.33
73.18
73.03
72.81
72.64
72.51
72.33
72.19
72.04
71.93
71.79
71.64
71.52
71.38
71.29
71.16
71.03
70.81
70.69
70.57
70.45
70.31
70.15
69.99
69.81
69.62
69.50
69.38
