110.37
110.14
109.88
109.63
109.24
109.05
108.65
108.30
108.05
107.76
107.40
107.05
106.66
106.38
106.05
105.75
105.47
105.21
104.95
104.63
104.31
103.95
103.60
103.21
102.91
102.62
102.35
102.05
101.63
101.30
101.03
100.71
100.40
100.17
99.85
99.53
99.27
98.99
98.70
98.35
98.01
97.69
97.37
97.00
96.77
96.49
96.08
95.77
95.46
95.15
94.81
94.45
94.18
93.84
93.51
93.17
92.82
92.48
92.12
91.78
91.49
91.19
90.92
90.73
90.40
90.12
89.81
89.58
89.34
89.09
88.84
88.56
88.35
88.08
87.84
87.62
87.34
87.10
86.76
86.50
86.23
85.85
85.52
85.31
85.09
84.87
84.57
84.39
84.18
84.18
84.08
83.94
83.54
83.44
83.05
82.70
82.61
82.40
82.28
82.17
82.05
81.94
81.79
81.63
81.32
81.19
80.88
80.73
80.42
80.06
79.75
79.63
79.52
79.35
79.15
79.01
78.88
78.76
78.56
78.35
78.15
77.89
77.66
77.50
77.29
77.01
76.88
76.69
76.53
76.37
76.17
76.01
75.86
75.67
75.50
75.33
75.18
75.07
74.91
74.76
74.63
74.49
74.36
74.16
74.07
73.94
73.79
73.62
73.43
73.33
73.23
73.11
72.97
72.72
72.57
72.47
72.35
72.24
