109.50
109.25
109.00
108.80
108.58
108.29
108.02
107.75
107.40
107.08
106.79
106.42
106.08
105.72
105.39
105.10
104.79
104.45
104.16
103.86
103.53
103.23
102.86
102.51
102.21
101.90
101.58
101.24
100.89
100.57
100.32
100.00
99.69
99.47
99.18
98.88
98.55
98.20
97.89
97.57
97.26
96.90
96.57
96.26
96.03
95.71
95.34
95.04
94.73
94.36
94.00
93.76
93.46
93.12
92.80
92.42
92.15
91.74
91.40
91.05
90.71
90.31
90.07
89.83
89.53
89.24
88.97
88.75
88.48
88.25
88.05
87.80
87.58
87.29
87.08
86.87
86.63
86.36
86.07
85.81
85.61
85.33
85.05
84.82
84.63
84.40
84.13
83.93
83.68
83.41
83.17
82.93
82.56
82.22
81.86
81.55
81.23
81.01
80.76
80.55
80.29
80.09
79.81
79.60
79.26
79.01
78.75
78.52
78.25
77.89
77.89
77.73
77.64
77.51
77.33
77.22
77.08
76.67
76.56
76.17
75.88
75.71
75.48
75.31
75.11
74.93
74.76
74.50
74.41
74.25
74.07
73.95
73.80
73.64
73.50
73.36
73.23
73.13
72.93
72.77
72.61
72.45
72.31
72.14
71.99
71.88
71.75
71.60
71.36
71.21
71.07
70.95
70.78
70.60
70.44
70.24
70.16
70.02
