108.40
108.19
107.97
107.78
107.53
107.19
106.88
106.58
106.21
105.86
105.55
105.17
104.84
104.51
104.18
103.97
103.65
103.29
103.29
103.14
102.97
102.79
102.53
102.22
102.00
101.82
101.62
101.39
101.18
100.98
100.73
100.52
100.27
100.06
99.95
99.71
99.53
99.32
99.12
98.92
98.67
98.48
98.27
98.02
97.83
97.71
97.50
97.22
96.99
96.78
96.56
96.38
96.18
95.95
95.75
95.54
95.28
95.00
94.78
94.56
94.28
94.06
93.87
93.72
93.56
93.35
93.22
93.04
92.90
92.76
92.62
92.50
92.36
92.21
92.05
91.95
91.82
91.65
91.47
91.28
91.19
91.08
90.86
90.64
90.48
90.38
90.27
90.06
89.94
89.85
89.69
89.56
89.45
89.20
88.97
88.74
88.52
88.35
88.26
88.18
88.08
87.95
87.80
87.63
87.51
87.28
87.11
86.86
86.75
86.51
86.27
86.05
85.95
85.77
85.54
85.43
85.31
85.24
85.06
84.85
84.62
84.44
84.20
84.06
83.85
83.64
83.51
83.30
83.15
82.99
82.82
82.72
82.59
82.46
82.29
82.18
82.02
81.89
81.67
81.56
81.41
81.22
81.08
80.90
80.77
80.64
80.53
80.41
80.21
80.10
79.96
79.84
79.67
79.40
79.25
79.05
78.94
