108.87
108.60
108.37
108.14
107.91
107.62
107.25
106.95
106.66
106.38
106.01
105.75
105.29
104.91
104.56
104.38
104.05
103.70
103.39
103.08
102.78
102.45
102.09
101.76
101.45
101.13
100.82
100.36
100.02
99.64
99.29
99.08
98.80
98.57
98.26
98.04
97.72
97.39
97.08
96.80
96.46
96.17
95.86
95.86
95.72
95.60
95.34
95.08
94.85
94.66
94.36
94.21
93.96
93.73
93.54
93.32
93.12
92.89
92.61
92.33
92.03
91.75
91.56
91.37
91.23
90.98
90.86
90.69
90.55
90.40
90.26
90.11
89.91
89.80
89.67
89.58
89.41
89.27
89.17
88.91
88.73
88.51
88.29
88.07
87.91
87.81
87.70
87.54
87.42
87.27
87.12
86.97
86.84
86.59
86.41
86.14
85.93
85.77
85.66
85.53
85.45
85.29
85.19
85.04
84.94
84.70
84.55
84.35
84.23
83.95
83.75
83.55
83.44
83.24
83.00
82.88
82.73
82.57
82.36
82.18
81.95
81.71
81.50
81.38
81.16
80.92
80.78
80.57
80.44
80.28
80.11
79.97
79.82
79.64
79.50
79.39
79.20
79.09
78.92
78.77
78.66
78.53
78.42
78.25
78.15
78.03
77.89
77.76
77.58
77.43
77.27
77.14
76.97
76.77
76.60
76.38
76.27
76.15
