109.19
108.97
108.74
108.54
108.29
107.98
107.70
107.37
107.04
106.72
106.29
105.96
105.65
105.32
104.99
104.71
104.39
104.06
103.77
103.45
103.13
102.64
102.31
101.98
101.66
101.38
100.97
100.69
100.36
100.02
99.62
99.42
99.10
98.87
98.61
98.30
98.02
97.75
97.44
97.04
96.70
96.36
96.07
95.74
95.53
95.22
94.85
94.51
94.22
93.86
93.60
93.32
93.02
92.61
92.61
92.42
92.20
91.99
91.78
91.56
91.33
91.14
90.93
90.78
90.59
90.41
90.25
90.08
89.93
89.80
89.67
89.57
89.39
89.28
89.10
88.99
88.83
88.70
88.51
88.32
88.16
88.01
87.81
87.58
87.46
87.38
87.26
87.05
86.94
86.82
86.66
86.52
86.41
86.15
85.93
85.68
85.43
85.25
85.11
84.99
84.87
84.69
84.54
84.33
84.22
83.99
83.84
83.65
83.51
83.27
83.03
82.77
82.66
82.53
82.37
82.24
82.12
82.01
81.82
81.60
81.37
81.12
80.91
80.75
80.57
80.33
80.20
80.00
79.90
79.78
79.58
79.46
79.33
79.10
78.90
78.82
78.68
78.56
78.42
78.30
78.14
77.99
77.89
77.76
77.61
77.49
77.36
77.24
77.10
76.99
76.88
76.75
76.55
76.29
76.10
75.90
75.78
75.66
