109.59
109.30
109.08
108.83
108.56
108.31
107.90
107.57
107.18
106.83
106.53
106.08
105.74
105.40
105.09
104.88
104.38
104.02
103.69
103.33
102.98
102.62
102.33
101.97
101.62
101.32
101.02
100.70
100.37
100.05
99.71
99.35
99.02
98.81
98.49
98.16
97.79
97.47
97.14
96.80
96.49
96.18
95.89
95.57
95.35
95.02
94.66
94.32
94.04
93.72
93.44
93.13
92.83
92.51
92.21
91.84
91.57
91.27
90.95
90.56
90.26
89.84
89.65
89.38
89.04
88.77
88.54
88.32
88.06
87.81
87.55
87.26
87.06
86.82
86.60
86.37
86.13
85.90
85.64
85.39
85.11
84.78
84.46
84.25
84.06
83.80
83.52
83.32
83.09
82.86
82.60
82.34
81.87
81.57
81.23
80.90
80.69
80.49
80.30
80.08
79.84
79.59
79.33
79.12
78.77
78.54
78.19
77.98
77.68
77.33
77.04
76.82
76.55
76.26
76.05
75.84
75.62
75.32
75.32
75.21
75.07
74.81
74.60
74.48
74.29
74.10
73.96
73.80
73.66
73.53
73.39
73.27
73.12
72.96
72.76
72.64
72.45
72.36
72.17
72.07
71.92
71.78
71.63
71.46
71.32
71.20
71.07
70.91
70.67
70.55
70.42
70.33
70.16
69.90
69.73
69.55
69.44
69.32
