110.81
110.52
110.30
110.08
109.87
109.59
109.34
109.03
108.72
108.41
108.08
107.75
107.35
107.03
106.72
106.46
106.16
105.82
105.54
105.25
104.95
104.61
104.26
103.91
103.61
103.31
103.05
102.70
102.36
102.04
101.71
101.37
101.03
100.80
100.54
100.25
99.91
99.61
99.23
98.82
98.48
98.17
97.81
97.50
97.26
96.98
96.59
96.26
95.88
95.52
95.05
94.80
94.48
94.19
93.75
93.51
92.93
92.75
92.40
92.07
91.76
91.46
91.17
90.81
90.61
90.33
90.07
89.82
89.56
89.33
89.12
88.81
88.60
88.40
88.18
87.94
87.69
87.44
87.12
86.82
86.58
86.26
85.89
85.70
85.50
85.28
85.01
84.81
84.54
84.24
84.00
83.76
83.39
83.11
82.79
82.44
82.15
81.94
81.73
81.50
81.23
80.96
80.67
80.26
80.06
79.69
79.48
79.10
78.73
78.26
78.04
77.81
77.55
77.24
77.02
76.81
76.56
76.21
75.92
75.92
75.75
75.51
75.28
75.12
74.90
74.67
74.53
74.35
74.26
74.14
73.95
73.83
73.69
73.57
73.42
73.28
73.09
72.97
72.80
72.67
72.50
72.39
72.27
72.10
71.97
71.85
71.74
71.61
71.36
71.26
71.14
71.02
70.82
70.65
70.50
70.33
70.22
70.07
