108.93
108.68
108.46
108.26
107.99
107.69
107.41
107.08
106.73
106.47
106.14
105.82
105.49
105.13
104.82
104.47
104.18
103.85
103.52
103.23
102.89
102.51
102.20
101.84
101.53
101.24
100.93
100.62
100.30
99.97
99.70
99.38
99.06
98.81
98.50
98.18
97.78
97.48
97.14
96.85
96.52
96.14
95.78
95.49
95.27
94.81
94.53
94.18
93.98
93.54
93.30
92.88
92.66
92.66
92.31
91.99
91.67
91.36
91.01
90.67
90.35
90.21
89.98
89.82
89.70
89.47
89.32
89.08
88.93
88.80
88.63
88.53
88.39
88.29
88.17
88.03
87.84
87.68
87.56
87.33
87.16
87.05
86.84
86.62
86.47
86.36
86.19
86.00
85.89
85.78
85.60
85.46
85.31
85.08
84.83
84.63
84.40
84.18
84.07
83.96
83.83
83.65
83.46
83.28
83.17
82.97
82.84
82.60
82.49
82.27
82.04
81.77
81.64
81.50
81.26
81.13
81.04
80.88
80.65
80.50
80.32
80.07
79.88
79.72
79.52
79.24
79.12
78.91
78.78
78.68
78.48
78.33
78.18
78.02
77.89
77.74
77.59
77.48
77.29
77.13
76.98
76.84
76.75
76.58
76.44
76.32
76.20
76.06
75.86
75.71
75.59
75.50
75.38
75.21
75.07
74.90
74.81
74.69
