110.04
109.78
109.55
109.36
109.17
108.74
108.39
108.02
107.64
107.26
106.77
106.52
105.96
105.73
105.43
105.11
104.81
104.50
104.22
103.88
103.60
103.23
102.70
102.34
102.09
101.78
101.32
100.94
100.50
100.14
99.69
99.50
99.23
99.01
98.59
98.35
97.92
97.69
97.23
96.91
96.58
96.35
95.94
95.64
95.41
95.10
94.78
94.45
94.10
93.75
93.44
93.09
92.75
92.40
92.08
91.73
91.40
91.09
90.73
90.33
89.94
89.65
89.36
89.10
88.79
88.54
88.32
88.07
87.80
87.57
87.33
87.03
86.79
86.56
86.32
86.08
85.80
85.56
85.27
85.02
84.62
84.31
84.10
83.83
83.64
83.37
83.11
82.91
82.70
82.44
82.21
81.97
81.61
81.27
80.93
80.63
80.37
80.16
79.95
79.73
79.54
79.31
79.03
78.83
78.45
78.23
77.91
77.68
77.34
77.02
76.72
76.51
76.26
75.93
75.70
75.51
75.16
74.96
74.50
74.09
73.89
73.55
73.29
72.96
72.66
72.42
72.08
71.87
71.67
71.35
71.14
70.90
70.65
70.39
70.18
69.89
69.67
69.43
69.15
68.89
68.60
68.39
68.39
68.27
68.15
68.06
67.95
67.83
67.61
67.48
67.35
67.23
67.03
66.78
66.59
66.37
66.26
66.15
