108.30
108.08
107.87
107.64
107.41
107.06
106.75
106.50
106.06
105.84
105.50
105.18
104.67
104.36
104.06
103.87
103.87
103.72
103.49
103.31
103.09
102.86
102.62
102.39
102.16
101.94
101.70
101.49
101.28
101.10
100.87
100.69
100.50
100.30
100.16
99.96
99.76
99.48
99.25
99.06
98.82
98.58
98.31
98.08
97.86
97.75
97.55
97.29
97.02
96.80
96.57
96.33
96.07
95.85
95.68
95.52
95.26
94.98
94.73
94.51
94.29
94.12
93.91
93.73
93.62
93.43
93.29
93.13
92.96
92.77
92.62
92.52
92.35
92.25
92.11
92.01
91.88
91.74
91.63
91.42
91.24
91.02
90.85
90.62
90.53
90.35
90.18
90.02
89.93
89.81
89.65
89.53
89.40
89.09
88.81
88.52
88.33
88.10
87.98
87.86
87.73
87.56
87.39
87.24
87.11
86.90
86.77
86.55
86.43
86.28
86.07
85.87
85.77
85.63
85.47
85.34
85.19
85.06
84.87
84.69
84.48
84.30
84.07
83.87
83.70
83.52
83.42
83.21
83.05
82.87
82.69
82.57
82.44
82.22
82.07
81.98
81.81
81.71
81.54
81.44
81.25
81.06
80.95
80.77
80.65
80.51
80.39
80.26
80.00
79.86
79.74
79.60
79.40
79.19
79.04
78.83
78.73
