110.59
110.35
110.10
109.88
109.65
109.36
109.12
108.78
108.44
108.15
107.78
107.42
107.04
106.74
106.39
106.08
105.78
105.26
104.90
104.54
104.32
103.82
103.61
103.30
102.96
102.59
102.26
101.94
101.67
101.36
101.09
100.76
100.45
100.22
99.92
99.63
99.27
98.99
98.47
98.27
97.81
97.59
97.20
96.96
96.60
96.38
95.88
95.67
95.27
94.90
94.52
94.13
93.77
93.51
93.15
92.88
92.53
92.22
91.87
91.53
91.26
90.94
90.68
90.44
90.14
89.91
89.64
89.42
89.19
88.96
88.77
88.52
88.29
88.05
87.84
87.60
87.35
87.13
86.82
86.57
86.32
86.04
85.73
85.54
85.35
85.08
84.85
84.67
84.47
84.19
83.97
83.72
83.34
83.06
82.73
82.42
82.10
81.90
81.70
81.49
81.26
81.01
80.73
80.53
80.16
79.91
79.59
79.38
79.09
79.09
78.93
78.71
78.60
78.45
78.20
78.10
77.98
77.88
77.71
77.53
77.31
77.01
76.78
76.60
76.41
76.17
76.05
75.84
75.76
75.61
75.46
75.33
75.18
75.00
74.82
74.70
74.48
74.37
74.20
74.06
73.91
73.77
73.66
73.49
73.37
73.26
73.13
72.97
72.72
72.60
72.47
72.35
72.10
71.87
71.71
71.50
71.40
71.30
