108.55
108.29
108.03
107.80
107.57
107.33
107.04
106.73
106.40
106.08
105.67
105.35
104.86
104.56
104.29
103.93
103.60
103.26
102.96
102.64
102.35
101.95
101.66
101.31
100.97
100.63
100.30
99.94
99.65
99.34
99.03
98.79
98.51
98.28
97.95
97.69
97.37
97.04
96.68
96.35
95.98
95.67
95.35
95.07
94.82
94.46
94.08
93.78
93.49
93.07
92.79
92.42
92.10
91.80
91.50
91.13
90.77
90.43
90.43
90.25
90.00
89.77
89.52
89.32
89.20
88.95
88.79
88.57
88.45
88.32
88.16
88.04
87.88
87.77
87.64
87.52
87.41
87.24
87.11
86.95
86.79
86.64
86.42
86.23
86.13
86.02
85.92
85.77
85.65
85.58
85.40
85.28
85.15
84.88
84.65
84.39
84.19
83.98
83.85
83.67
83.58
83.45
83.32
83.15
83.03
82.78
82.65
82.39
82.28
82.08
81.89
81.68
81.58
81.45
81.20
81.07
80.94
80.82
80.60
80.38
80.19
79.90
79.68
79.54
79.32
79.07
78.91
78.72
78.59
78.48
78.33
78.20
78.02
77.81
77.64
77.50
77.34
77.23
77.07
76.94
76.83
76.65
76.50
76.36
76.22
76.10
75.99
75.86
75.63
75.52
75.41
75.26
75.00
74.88
74.70
74.54
74.41
74.31
