110.73
110.51
110.31
110.08
109.86
109.53
109.29
108.97
108.46
108.06
107.69
107.44
106.96
106.63
106.41
105.94
105.71
105.39
105.11
104.81
104.53
104.24
103.86
103.50
103.15
102.87
102.54
102.21
101.85
101.55
101.27
100.83
100.61
100.26
100.04
99.62
99.39
98.93
98.50
98.10
97.90
97.54
97.23
96.87
96.64
96.17
95.88
95.41
95.21
94.75
94.45
94.06
93.85
93.34
92.92
92.62
92.28
91.98
91.68
91.29
91.02
90.80
90.51
90.27
89.93
89.67
89.43
89.17
88.92
88.63
88.40
88.14
87.94
87.74
87.53
87.30
87.03
86.73
86.45
86.22
85.98
85.70
85.42
85.21
84.96
84.75
84.47
84.26
84.03
83.76
83.53
83.31
82.94
82.60
82.30
81.97
81.70
81.49
81.27
81.04
80.80
80.53
80.24
80.03
79.66
79.44
79.15
78.90
78.63
78.34
78.03
77.81
77.57
77.23
77.02
76.84
76.60
76.31
76.05
75.79
75.46
75.46
75.33
75.17
74.96
74.72
74.59
74.39
74.29
74.17
74.03
73.90
73.77
73.63
73.44
73.29
73.12
72.98
72.78
72.65
72.50
72.35
72.26
72.07
71.92
71.80
71.68
71.55
71.29
71.17
71.04
70.90
70.70
70.50
70.35
70.18
70.06
69.94
