116.25
116.03
115.82
115.61
115.34
115.05
114.77
114.42
114.09
113.76
113.42
113.06
112.76
112.41
112.00
111.63
111.28
110.97
110.59
110.25
109.87
109.54
109.23
108.84
108.49
108.12
107.80
107.51
107.12
106.82
106.45
106.12
105.78
105.38
105.10
104.80
104.51
104.18
103.89
103.63
103.37
103.00
102.71
102.42
102.12
101.79
101.47
101.09
100.89
100.63
100.40
100.09
99.86
99.67
99.48
99.25
98.94
98.75
98.45
98.17
97.88
97.56
97.26
96.94
96.68
96.36
96.12
95.86
95.60
95.40
95.16
94.95
94.65
94.28
93.97
93.58
93.23
92.98
92.80
92.56
92.33
92.10
91.87
91.66
91.38
91.18
90.93
90.59
90.38
90.09
89.79
89.35
89.03
88.66
88.31
88.04
87.65
87.32
86.97
86.60
86.23
85.89
85.51
85.12
84.81
84.40
84.10
83.70
83.40
83.01
82.65
82.43
82.04
81.85
81.64
81.25
80.90
80.69
80.36
80.04
79.82
79.60
79.32
79.06
78.87
78.67
78.43
78.18
77.96
77.73
77.45
77.20
77.01
77.01
76.90
76.74
76.58
76.44
76.34
76.22
76.07
75.98
75.90
75.76
75.61
75.52
75.42
75.32
75.21
75.08
74.98
74.86
74.69
74.59
74.45
74.35
74.22
74.07
73.99
73.88
73.74
73.63
73.49
73.39
73.27
73.15
73.00
72.82
72.71
72.60
72.47
72.34
