115.63
115.43
115.21
115.00
114.76
114.51
114.20
113.86
113.51
113.16
112.74
112.40
112.00
111.66
111.27
110.93
110.60
110.32
109.93
109.43
108.99
108.76
108.44
107.99
107.57
107.17
106.84
106.63
106.17
105.90
105.39
104.96
104.73
104.44
104.22
103.88
103.58
103.27
102.99
102.71
102.36
102.09
101.80
101.49
101.19
100.88
100.57
100.22
100.01
100.01
99.89
99.74
99.52
99.39
99.28
99.19
99.07
98.82
98.72
98.51
98.28
98.09
97.91
97.64
97.42
97.25
97.05
96.94
96.78
96.56
96.46
96.33
96.24
96.02
95.74
95.57
95.34
95.09
94.92
94.78
94.63
94.48
94.34
94.23
94.10
94.01
93.90
93.73
93.45
93.33
93.13
92.92
92.68
92.45
92.18
91.94
91.70
91.51
91.30
91.04
90.80
90.54
90.34
90.11
89.91
89.65
89.36
89.12
88.92
88.75
88.52
88.27
88.01
87.82
87.71
87.60
87.37
87.12
86.99
86.80
86.56
86.45
86.35
86.22
86.10
85.99
85.89
85.78
85.70
85.57
85.40
85.21
85.08
84.96
84.75
84.59
84.44
84.34
84.18
84.06
83.94
83.83
83.68
83.57
83.43
83.30
83.20
83.08
82.98
82.86
82.74
82.59
82.43
82.34
82.21
82.07
81.97
81.82
81.71
81.59
81.50
81.40
81.27
81.17
81.08
80.92
80.78
80.65
80.53
80.41
80.29
80.14
