114.63
114.39
114.16
113.95
113.71
113.21
113.02
112.56
112.23
111.91
111.53
111.14
110.70
110.35
110.35
110.24
109.83
109.51
109.39
109.15
108.87
108.64
108.41
108.21
108.00
107.78
107.51
107.28
107.05
106.81
106.61
106.38
106.13
105.92
105.73
105.61
105.42
105.21
104.98
104.75
104.57
104.41
104.19
104.01
103.82
103.62
103.39
103.20
103.05
102.94
102.79
102.68
102.49
102.37
102.28
102.17
102.04
101.83
101.74
101.53
101.36
101.11
100.91
100.61
100.42
100.25
100.01
99.87
99.75
99.48
99.37
99.23
99.13
98.89
98.59
98.32
98.11
97.86
97.75
97.66
97.49
97.37
97.24
97.14
97.02
96.91
96.80
96.61
96.38
96.28
96.07
95.89
95.72
95.49
95.24
95.00
94.81
94.63
94.34
94.15
93.89
93.65
93.39
93.21
93.01
92.80
92.61
92.38
92.12
91.94
91.68
91.50
91.31
91.10
91.01
90.83
90.57
90.39
90.23
90.01
89.86
89.76
89.60
89.38
89.21
89.11
89.01
88.85
88.75
88.62
88.49
88.28
88.19
88.09
87.86
87.66
87.47
87.39
87.26
87.16
87.05
86.92
86.74
86.65
86.55
86.37
86.27
86.13
85.91
85.79
85.68
85.57
85.42
85.27
85.10
84.92
84.81
84.70
84.59
84.46
84.35
84.26
84.15
84.07
83.98
83.90
83.74
83.64
83.50
83.37
83.24
