115.31
115.09
114.86
114.62
114.37
114.09
113.59
113.38
112.88
112.67
112.15
111.91
111.55
111.29
110.88
110.58
110.29
109.95
109.60
109.26
108.95
108.65
108.34
108.06
107.69
107.33
107.00
106.68
106.35
106.02
105.69
105.35
104.97
104.72
104.51
104.21
103.91
103.58
103.30
103.00
102.72
102.40
102.12
101.70
101.70
101.55
101.37
101.14
100.97
100.87
100.72
100.59
100.45
100.35
100.27
100.18
100.07
99.92
99.83
99.62
99.35
99.18
98.98
98.75
98.52
98.32
98.10
97.93
97.76
97.56
97.45
97.32
97.21
96.96
96.71
96.52
96.28
95.98
95.79
95.68
95.49
95.37
95.19
95.11
95.00
94.88
94.73
94.53
94.31
94.23
94.00
93.74
93.52
93.27
92.99
92.76
92.55
92.37
92.13
91.89
91.70
91.51
91.34
91.11
90.90
90.60
90.33
90.11
89.90
89.69
89.41
89.20
88.98
88.77
88.67
88.53
88.24
88.06
87.91
87.71
87.53
87.38
87.29
87.12
86.94
86.80
86.69
86.54
86.42
86.32
86.18
86.01
85.90
85.77
85.57
85.41
85.24
85.11
85.00
84.88
84.73
84.60
84.50
84.42
84.26
84.16
83.99
83.88
83.77
83.59
83.49
83.36
83.22
83.11
83.00
82.91
82.80
82.67
82.53
82.43
82.30
82.18
82.05
81.94
81.83
81.72
81.60
81.47
81.33
81.17
81.06
80.89
