114.91
114.67
114.42
114.22
113.96
113.68
113.22
112.88
112.52
112.15
112.15
111.83
111.48
111.14
110.84
110.45
110.06
109.73
109.37
109.08
108.69
108.58
108.41
108.19
107.96
107.73
107.57
107.36
107.17
106.97
106.75
106.47
106.27
106.04
105.87
105.77
105.59
105.38
105.14
104.96
104.70
104.46
104.21
104.00
103.77
103.56
103.35
103.18
102.98
102.88
102.73
102.62
102.35
102.25
102.12
102.01
101.90
101.76
101.64
101.47
101.29
101.09
100.89
100.66
100.44
100.31
100.10
99.98
99.83
99.61
99.53
99.38
99.25
99.06
98.82
98.61
98.39
98.13
97.98
97.88
97.78
97.56
97.38
97.26
97.13
97.02
96.91
96.74
96.50
96.38
96.14
95.96
95.73
95.49
95.22
94.98
94.80
94.62
94.40
94.13
93.87
93.64
93.46
93.25
93.03
92.81
92.58
92.35
92.14
91.94
91.68
91.44
91.18
90.92
90.80
90.67
90.44
90.16
90.01
89.79
89.62
89.51
89.41
89.23
89.06
88.94
88.82
88.63
88.51
88.41
88.31
88.15
88.05
87.94
87.78
87.61
87.43
87.30
87.19
87.09
86.98
86.88
86.73
86.58
86.46
86.29
86.18
86.09
85.98
85.83
85.73
85.63
85.54
85.43
85.24
85.11
85.02
84.89
84.78
84.65
84.53
84.36
84.24
84.15
84.05
83.98
83.88
83.75
83.63
83.47
83.37
