115.35
115.12
114.91
114.69
114.42
114.15
113.85
113.55
113.19
112.88
112.51
112.22
111.85
111.46
111.08
110.76
110.44
110.12
109.73
109.41
109.03
108.72
108.42
108.05
107.70
107.44
107.14
106.79
106.42
106.10
105.79
105.46
105.12
104.79
104.59
104.31
104.00
103.60
103.29
102.97
102.63
102.30
102.30
102.18
101.96
101.69
101.47
101.28
101.03
100.93
100.73
100.62
100.38
100.30
100.20
100.09
99.97
99.89
99.79
99.58
99.37
99.09
98.88
98.66
98.46
98.14
98.00
97.80
97.41
97.28
97.17
97.06
96.93
96.69
96.45
96.21
95.97
95.63
95.49
95.35
95.18
95.07
94.95
94.83
94.69
94.54
94.43
94.27
94.10
94.00
93.79
93.60
93.43
93.21
92.96
92.67
92.47
92.29
92.08
91.79
91.60
91.33
91.12
90.93
90.71
90.45
90.22
90.00
89.82
89.60
89.38
89.11
88.85
88.64
88.52
88.38
88.13
87.88
87.74
87.54
87.33
87.19
87.05
86.84
86.69
86.59
86.49
86.32
86.22
86.09
86.01
85.84
85.71
85.57
85.36
85.18
84.99
84.86
84.75
84.65
84.51
84.41
84.34
84.25
84.13
83.98
83.86
83.74
83.61
83.48
83.39
83.28
83.12
82.96
82.77
82.64
82.52
82.41
82.25
82.13
82.01
81.88
81.77
81.66
81.55
81.44
81.29
81.09
80.96
80.86
80.74
80.62
