117.23
117.02
116.81
116.51
116.27
115.89
115.60
115.32
115.05
114.72
114.38
114.12
113.76
113.41
113.03
112.70
112.39
112.08
111.70
111.37
111.05
110.80
110.50
110.22
109.87
109.53
109.18
108.83
108.45
108.16
107.76
107.46
107.06
106.66
106.45
106.19
105.74
105.53
105.05
104.66
104.29
103.97
103.58
103.19
102.83
102.47
102.24
101.84
101.67
101.44
101.22
100.93
100.70
100.50
100.28
100.07
99.80
99.59
99.30
98.93
98.66
98.34
98.00
97.70
97.44
97.11
96.90
96.70
96.41
96.21
95.95
95.73
95.41
95.08
94.78
94.49
94.13
93.83
93.62
93.40
93.20
92.97
92.76
92.52
92.27
92.05
91.77
91.43
91.26
90.98
90.67
90.40
90.07
89.69
89.36
89.06
88.77
88.44
88.11
87.77
87.45
87.10
86.83
86.50
86.17
85.86
85.53
85.24
84.94
84.61
84.30
83.96
83.64
83.42
83.20
83.20
82.99
82.81
82.70
82.52
82.31
82.20
82.10
81.90
81.77
81.66
81.56
81.40
81.27
81.13
81.00
80.86
80.72
80.59
80.38
80.21
80.06
79.95
79.83
79.71
79.58
79.48
79.33
79.23
79.08
78.94
78.82
78.70
78.52
78.38
78.28
78.18
78.07
77.90
77.73
77.62
77.50
77.39
77.30
77.18
77.07
76.95
76.84
76.74
76.63
76.53
76.38
76.23
76.11
75.94
75.83
75.75
