116.76
116.57
116.35
116.13
115.91
115.63
115.33
115.02
114.68
114.33
113.95
113.57
113.18
112.85
112.49
112.08
111.75
111.42
111.05
110.72
110.43
110.16
109.81
109.52
109.21
108.83
108.54
108.21
107.85
107.54
107.16
106.85
106.54
106.28
105.90
105.52
105.18
104.83
104.46
104.18
103.88
103.57
103.30
102.94
102.60
102.29
101.93
101.72
101.50
101.24
101.01
100.74
100.54
100.34
100.13
99.88
99.58
99.37
99.09
98.75
98.41
98.09
97.77
97.51
97.23
96.86
96.64
96.37
96.06
95.85
95.62
95.41
95.09
94.72
94.44
94.07
93.73
93.51
93.26
92.92
92.70
92.45
92.23
92.00
91.83
91.59
91.24
90.94
90.66
90.34
90.06
89.85
89.50
89.22
88.81
88.60
88.32
87.98
87.61
87.31
86.97
86.70
86.40
86.06
85.66
85.40
84.95
84.66
84.35
84.14
83.71
83.45
83.13
82.90
82.69
82.34
82.05
81.80
81.53
81.26
81.07
80.84
80.84
80.71
80.60
80.50
80.39
80.22
80.09
79.99
79.90
79.76
79.61
79.50
79.31
79.14
78.95
78.83
78.67
78.59
78.49
78.40
78.27
78.16
77.92
77.80
77.68
77.57
77.46
77.35
77.25
77.14
77.02
76.94
76.77
76.67
76.56
76.42
76.34
76.23
76.13
76.05
75.94
75.82
75.72
75.62
75.45
75.31
75.17
75.06
74.93
74.80
