116.08
115.87
115.66
115.45
115.20
114.92
114.60
114.29
113.95
113.60
113.22
112.89
112.52
112.17
111.75
111.39
111.05
110.61
110.19
109.83
109.53
109.11
108.69
108.35
107.99
107.70
107.32
106.95
106.61
106.21
105.91
105.56
105.19
104.97
104.76
104.47
104.15
103.83
103.54
103.22
102.96
102.68
102.39
102.03
101.69
101.41
101.10
100.82
100.63
100.39
100.18
99.87
99.67
99.45
99.24
99.04
98.78
98.58
98.30
98.02
97.73
97.40
97.07
96.77
96.49
96.14
95.89
95.63
95.35
95.14
94.88
94.68
94.32
93.93
93.60
93.29
92.93
92.69
92.47
92.21
91.94
91.68
91.45
91.22
91.00
90.79
90.50
90.14
89.95
89.71
89.43
89.13
88.81
88.49
88.00
87.82
87.52
87.20
86.85
86.53
86.17
85.87
85.58
85.23
84.85
84.54
84.24
83.96
83.71
83.38
83.04
82.70
82.45
82.25
82.05
81.72
81.40
81.16
80.85
80.59
80.36
80.12
79.85
79.85
79.64
79.52
79.41
79.29
79.18
79.07
78.96
78.78
78.65
78.53
78.35
78.21
78.07
77.95
77.86
77.74
77.62
77.50
77.39
77.28
77.12
77.00
76.89
76.79
76.68
76.55
76.46
76.36
76.21
76.04
75.91
75.77
75.67
75.57
75.47
75.36
75.28
75.18
75.07
74.97
74.88
74.78
74.64
74.49
74.32
74.19
74.08
73.97
