116.54
116.31
116.08
115.81
115.58
115.34
115.04
114.72
114.42
114.09
113.76
113.39
113.07
112.67
112.26
111.95
111.62
111.36
111.01
110.69
110.29
110.01
109.70
109.43
109.11
108.76
108.49
108.19
107.85
107.48
107.14
106.81
106.49
106.20
105.97
105.68
105.38
105.04
104.68
104.38
104.06
103.76
103.48
103.09
102.77
102.46
102.13
101.86
101.64
101.38
101.16
100.86
100.67
100.44
100.26
100.07
99.72
99.38
99.03
98.71
98.35
97.95
97.54
97.31
97.05
96.74
96.48
96.19
95.80
95.60
95.35
95.15
94.79
94.38
94.00
93.68
93.34
93.08
92.83
92.57
92.22
91.96
91.76
91.56
91.37
91.12
90.81
90.46
90.24
89.97
89.67
89.34
88.99
88.67
88.34
88.04
87.75
87.43
87.12
86.83
86.47
86.12
85.81
85.51
85.19
84.91
84.59
84.26
83.98
83.61
83.29
82.91
82.69
82.49
82.27
81.96
81.62
81.42
81.15
80.86
80.66
80.48
80.20
79.95
79.74
79.54
79.29
79.11
78.92
78.71
78.45
78.26
78.06
78.06
77.93
77.78
77.63
77.51
77.42
77.31
77.18
77.08
76.99
76.88
76.75
76.62
76.52
76.41
76.30
76.16
76.07
75.97
75.82
75.71
75.61
75.52
75.43
75.28
75.12
74.97
74.85
74.73
74.59
74.48
74.40
74.31
74.16
74.04
73.93
73.83
73.73
73.63
