115.64
115.41
115.19
114.87
114.48
114.08
113.72
113.38
113.02
112.61
112.17
111.90
111.57
111.25
110.87
110.49
110.20
109.88
109.52
109.21
108.86
108.58
108.20
107.91
107.58
107.28
107.01
106.60
106.29
106.00
105.68
105.36
104.99
104.71
104.47
104.13
103.82
103.53
103.26
103.01
102.74
102.30
101.91
101.69
101.27
101.05
100.78
100.46
100.25
100.02
99.82
99.57
99.35
99.13
98.90
98.70
98.39
98.18
97.89
97.58
97.32
96.99
96.61
96.32
96.32
96.22
95.95
95.84
95.71
95.54
95.42
95.29
95.16
94.90
94.58
94.30
94.11
93.86
93.71
93.53
93.33
93.23
93.05
92.96
92.85
92.65
92.54
92.41
92.16
92.02
91.81
91.53
91.34
91.14
90.92
90.73
90.52
90.32
90.12
89.88
89.69
89.49
89.29
89.09
88.84
88.59
88.38
88.10
87.88
87.66
87.46
87.27
87.01
86.83
86.74
86.58
86.38
86.14
85.97
85.81
85.64
85.49
85.38
85.25
85.10
84.97
84.86
84.76
84.61
84.48
84.32
84.15
84.04
83.88
83.70
83.55
83.39
83.28
83.17
83.06
82.97
82.86
82.71
82.59
82.44
82.27
82.15
82.03
81.91
81.77
81.67
81.58
81.44
81.30
81.18
81.07
80.97
80.87
80.72
80.60
80.49
80.37
80.24
80.14
80.03
79.90
79.77
79.56
79.47
79.31
79.17
79.06
