1	1	1	1	1	1	1	1	1	1	1	1	1	1	1	1	1	1	1	1	1
2	2	2	2	2	2	2	2	2	2	2	2	2	2	2	2	2	2	2	2	2
3	3	3	3	3	3	3	3	3	3	3	3	3	3	3	3	3	3	3	3	3
4	4	4	4	4	4	4	4	4	4	4	4	4	4	4	4	4	4	4	4	4
5	5	5	5	5	5	4	5	5	5	5	5	5	5	5	5	5	5	5	5	5
6	5	6	6	6	6	5	6	6	6	6	6	5	6	6	6	6	6	6	6	6
7	6	7	7	7	7	6	7	7	7	7	7	5	7	7	7	7	7	7	7	7
8	6	8	8	8	8	7	8	8	8	8	7	5	8	8	8	8	8	7	8	8
9	6	9	9	9	9	8	9	9	9	9	7	5	9	9	9	9	9	8	9	9
10	6	10	10	10	10	9	10	10	10	10	7	6	10	10	10	10	10	8	10	10
11	6	11	11	11	11	10	11	11	11	11	7	7	11	11	11	11	11	8	11	11
12	6	12	12	12	11	11	12	12	12	12	7	8	12	12	12	12	12	9	12	12
13	6	13	13	13	11	12	13	13	13	13	7	9	13	13	13	13	13	9	13	13
14	7	14	14	14	11	13	14	14	14	14	7	10	14	14	14	14	14	10	14	14
15	7	14	15	15	12	14	15	15	14	15	7	11	15	15	15	15	15	10	15	15
16	7	15	16	16	13	15	16	16	14	16	7	12	16	16	16	16	16	11	16	16
17	7	16	17	17	14	16	17	17	15	17	7	13	17	17	17	17	17	11	17	17
18	7	17	18	18	15	17	18	18	16	18	7	14	18	18	18	18	18	12	18	18
19	8	18	19	19	16	18	19	19	17	19	7	15	19	19	19	19	19	12	19	19
20	9	19	20	20	17	19	20	20	18	20	7	16	20	20	20	20	20	12	20	20
21	10	20	21	21	18	20	21	21	19	21	7	17	21	21	21	21	21	13	21	21
22	11	21	22	22	19	21	22	22	20	22	7	18	22	22	22	22	22	13	22	22
23	12	22	23	23	20	22	23	23	21	23	7	19	23	23	23	23	23	13	23	23
24	13	23	24	24	21	23	24	24	22	24	7	20	24	24	24	24	24	13	24	24
25	14	24	25	25	22	24	25	25	23	25	7	21	25	25	25	25	25	13	25	25
26	15	25	26	26	23	25	26	25	24	26	7	22	25	26	26	26	26	13	26	26
27	16	26	27	27	24	26	27	25	25	27	7	23	26	27	27	27	27	13	27	27
28	17	27	28	28	25	27	28	25	26	28	7	24	26	28	28	28	28	14	28	28
29	18	28	29	29	26	28	29	26	27	29	7	25	26	29	29	29	29	14	29	29
30	19	29	30	30	27	29	30	27	28	30	7	26	26	30	30	30	30	15	30	30
31	20	30	31	31	28	30	31	28	29	31	7	27	26	31	31	31	31	16	31	31
32	21	31	32	32	29	31	32	29	30	32	7	28	26	32	32	32	32	17	32	32
33	22	32	33	33	30	32	33	30	30	33	7	29	26	33	33	33	33	18	33	33
34	23	33	34	34	31	33	34	31	30	34	7	30	26	34	34	34	34	19	33	34
35	24	34	34	35	32	34	35	32	30	35	7	31	26	35	35	35	35	20	34	35
36	25	35	35	36	33	35	36	33	31	36	7	32	26	36	36	36	36	21	34	36
37	26	36	36	37	34	36	37	34	31	37	7	33	26	37	37	37	37	22	34	37
38	26	37	36	38	35	37	38	35	31	37	7	34	26	38	38	38	38	23	35	38
39	27	38	37	39	36	38	39	36	31	37	7	35	26	39	39	39	39	24	35	39
40	27	39	38	40	37	39	40	37	31	37	7	36	26	40	40	40	40	25	36	40
41	28	40	39	41	38	40	41	38	31	37	7	37	26	41	41	41	41	26	37	41
42	29	41	40	42	39	41	42	39	31	37	7	38	26	42	42	42	42	27	38	42
43	30	42	41	43	40	42	43	40	31	37	7	39	26	43	43	42	43	28	39	43
44	31	43	42	44	41	43	44	41	32	38	7	40	26	44	43	42	44	29	40	44
45	32	44	43	45	42	44	45	42	32	39	7	41	26	45	43	42	45	30	41	45
46	33	45	44	46	43	45	46	43	33	40	7	42	26	46	43	42	46	31	42	46
47	34	46	45	47	44	46	47	44	33	41	7	43	26	47	43	42	47	32	43	47
48	35	47	46	48	45	47	48	45	33	41	7	44	26	48	43	42	48	33	44	48
49	36	48	47	49	46	48	49	46	33	41	7	45	26	49	43	42	49	34	45	49
50	37	49	48	50	47	49	50	47	34	42	7	46	26	50	43	42	50	35	46	50
51	38	50	49	51	48	50	51	48	35	42	7	46	26	51	43	42	51	36	47	51
52	39	51	50	52	49	51	52	49	36	42	7	47	26	52	43	42	52	37	48	52
53	40	52	51	53	50	52	53	50	37	42	7	48	26	53	43	42	53	38	49	53
54	41	53	52	54	51	53	54	51	38	42	7	49	26	54	43	42	54	39	50	54
55	42	54	53	55	52	54	55	52	39	42	7	50	26	55	43	42	55	40	51	55
56	43	55	54	56	53	55	56	53	40	42	7	51	26	56	43	42	56	41	52	56
57	44	56	55	57	54	56	57	54	41	42	7	52	26	57	43	42	57	42	53	57
58	45	57	56	58	55	57	58	55	42	43	7	52	26	58	43	42	58	43	54	58
59	46	58	57	59	55	58	59	56	43	44	7	53	26	59	43	42	59	44	55	59
60	47	59	58	60	56	59	60	57	44	45	7	53	26	60	43	42	60	45	56	60
61	48	60	59	61	56	60	61	58	45	46	7	54	26	61	43	42	61	46	57	61
62	49	61	60	62	57	61	62	59	46	47	7	54	26	62	43	42	62	47	58	62
63	50	62	61	63	58	62	63	60	47	48	7	55	26	63	43	42	63	48	59	63
64	51	63	62	64	59	63	64	61	48	49	7	56	26	64	43	42	64	49	60	64
65	52	64	63	65	60	64	65	62	49	50	7	57	26	65	43	42	65	50	61	65
66	53	65	64	66	61	65	66	63	50	51	7	58	26	66	43	42	66	51	62	66
68	54	66	65	67	62	66	67	64	51	52	7	59	26	66	43	42	67	52	63	67
69	55	67	66	68	63	67	68	65	52	53	7	60	26	66	43	42	67	53	64	68
70	56	68	67	69	64	68	69	66	53	54	7	61	26	66	43	42	67	54	65	69
71	57	69	68	70	65	69	70	67	54	55	7	62	26	66	43	42	67	55	66	70
72	58	70	69	71	66	70	71	68	55	56	7	63	26	66	43	42	67	56	67	71
73	59	71	70	72	67	71	72	69	56	57	7	64	26	66	43	42	67	57	68	72
74	60	72	71	73	68	72	73	70	57	58	7	65	26	66	43	42	67	58	69	73
75	61	73	72	74	69	73	74	71	58	59	7	66	26	66	43	42	67	59	70	74
76	62	74	73	75	70	74	75	72	59	60	7	67	26	66	43	42	67	60	71	75
77	63	75	74	76	71	75	76	73	60	61	7	68	26	66	43	42	67	61	72	76
78	64	76	75	77	72	76	77	74	61	62	7	69	26	66	43	42	67	62	73	77
79	65	77	76	78	73	77	78	75	62	63	7	70	26	66	43	42	67	63	74	78
80	66	78	77	79	74	78	79	76	63	64	7	71	26	66	43	42	67	64	75	79
81	67	79	78	80	75	79	79	77	64	65	7	72	26	66	43	42	67	64	76	80
82	68	80	79	81	76	80	80	78	65	66	7	73	26	66	43	42	67	64	77	81
83	68	81	80	82	77	81	80	79	66	67	7	74	26	66	43	42	67	65	78	82
84	69	82	81	83	78	82	81	80	67	67	7	75	26	66	43	42	67	66	79	83
85	70	83	82	84	79	83	82	81	68	67	7	76	26	66	43	42	67	67	80	84
86	71	84	83	85	80	84	83	81	69	67	7	77	26	66	43	42	67	68	81	85
87	72	85	84	86	81	85	84	82	69	68	7	78	26	66	43	42	67	69	82	86
88	73	86	85	87	82	86	85	83	70	69	7	79	26	66	43	42	67	70	83	87
89	74	87	86	88	83	87	86	84	71	70	7	80	26	66	43	42	67	71	84	88
90	75	88	87	89	84	88	87	85	72	71	7	81	26	66	43	42	67	72	85	89
91	76	89	88	90	85	89	88	86	73	71	7	82	26	66	43	42	67	73	86	90
92	77	90	89	91	86	89	89	87	74	72	7	83	26	66	43	42	67	74	87	90
93	78	91	90	92	87	89	90	88	75	73	7	83	26	66	43	42	67	75	88	90
94	79	92	91	93	88	89	91	89	76	74	7	83	26	66	43	42	67	76	89	91
95	80	93	92	94	89	89	92	90	77	75	7	84	26	66	43	42	67	77	90	92
96	81	94	93	95	90	89	93	91	78	76	7	85	26	66	43	42	67	78	91	93
97	82	95	94	96	90	89	94	92	79	77	7	86	26	66	43	42	67	79	92	94
98	83	96	95	97	91	89	95	92	80	78	7	87	26	66	43	42	67	80	93	95
99	84	97	96	98	92	89	96	92	81	79	7	88	26	66	43	42	67	81	94	96
100	85	98	97	99	93	89	97	93	82	80	7	89	26	66	43	42	67	82	95	97
101	86	99	98	100	94	89	98	94	83	81	7	90	26	66	43	42	67	83	96	98
102	87	100	99	101	95	89	99	95	84	82	7	91	26	66	43	42	67	84	97	99
103	88	101	100	102	96	89	100	96	85	83	7	92	26	66	43	42	67	85	98	100
104	89	102	101	103	96	89	100	97	86	84	7	93	26	66	43	42	67	86	99	101
105	90	103	102	104	96	89	100	98	87	85	7	94	26	66	43	42	67	87	100	102
106	91	104	103	105	96	89	100	99	88	86	7	95	26	66	43	42	67	88	101	103
107	92	105	103	106	96	89	100	100	89	87	7	96	26	66	43	42	67	89	102	104
108	93	106	104	107	96	89	100	100	90	88	7	96	26	66	43	42	67	90	103	105
109	94	107	105	108	96	89	100	100	91	89	7	96	26	66	43	42	67	91	104	106
110	95	108	106	109	96	89	100	100	92	90	7	97	26	66	43	42	67	92	105	107
111	96	109	107	110	96	89	100	101	93	91	7	98	26	66	43	42	67	93	105	108
112	97	110	108	111	96	89	100	102	94	92	7	99	26	66	43	42	67	94	105	109
113	98	111	109	112	96	89	100	103	95	93	7	100	26	66	43	42	67	95	105	110
114	99	112	110	113	96	89	100	104	96	94	7	101	26	66	43	42	67	96	105	111
115	100	113	111	114	96	89	100	105	97	95	7	102	26	66	43	42	67	97	105	112
116	101	114	112	115	96	89	100	106	98	96	7	103	26	66	43	42	67	97	105	112
117	102	115	113	116	96	89	100	107	99	97	7	104	26	66	43	42	67	97	106	112
118	103	116	114	117	96	89	100	108	100	98	7	105	26	66	43	42	67	97	107	112
119	104	117	115	118	96	89	100	109	101	99	7	106	26	66	43	42	67	97	107	112
120	105	118	116	119	96	89	100	110	102	100	7	107	26	66	43	42	67	97	107	112
121	106	119	117	120	96	89	100	111	103	101	7	108	26	66	43	42	67	97	107	112
122	107	120	118	121	96	89	100	112	104	102	7	109	26	66	43	42	67	97	107	112
123	108	121	119	122	96	89	100	112	105	103	7	110	26	66	43	42	67	97	107	112
124	109	122	120	123	96	89	100	112	106	104	7	111	26	66	43	42	67	97	107	112
125	110	123	121	124	96	89	100	112	107	105	7	112	26	66	43	42	67	97	107	112
126	111	124	121	125	96	89	100	112	108	106	7	113	26	66	43	42	67	97	107	112
127	112	125	121	125	96	89	100	112	109	107	7	114	26	66	43	42	67	97	107	112
128	113	126	121	125	96	89	100	112	110	108	7	115	26	66	43	42	67	97	107	112
129	114	127	121	125	96	89	100	112	111	109	7	116	26	66	43	42	67	97	107	112
130	114	128	121	125	96	89	100	112	112	110	7	117	26	66	43	42	67	97	107	112
131	114	128	121	125	96	89	100	112	113	111	7	118	26	66	43	42	67	97	107	112
132	114	128	121	125	96	89	100	112	114	112	7	118	26	66	43	42	67	97	107	112
133	114	128	121	125	96	89	100	112	115	113	7	118	26	66	43	42	67	97	107	112
134	114	128	121	125	96	89	100	112	115	114	7	118	26	66	43	42	67	97	107	112
135	114	128	121	125	96	89	100	112	115	115	7	118	26	66	43	42	67	97	107	112
136	114	128	121	125	96	89	100	112	115	116	7	118	26	66	43	42	67	97	107	112
137	114	128	121	125	96	89	100	112	115	117	7	118	26	66	43	42	67	97	107	112
138	114	128	121	125	96	89	100	112	115	118	7	118	26	66	43	42	67	97	107	112
139	114	128	121	125	96	89	100	112	115	119	7	118	26	66	43	42	67	97	107	112
140	114	128	121	125	96	89	100	112	115	120	7	118	26	66	43	42	67	97	107	112
141	114	128	121	125	96	89	100	112	115	121	7	118	26	66	43	42	67	97	107	112
142	114	128	121	125	96	89	100	112	115	122	7	118	26	66	43	42	67	97	107	112
143	114	128	121	125	96	89	100	112	115	123	7	118	26	66	43	42	67	97	107	112
144	114	128	121	125	96	89	100	112	115	124	7	118	26	66	43	42	67	97	107	112
145	114	128	121	125	96	89	100	112	115	124	7	118	26	66	43	42	67	97	107	112
146	114	128	121	125	96	89	100	112	115	124	7	118	26	66	43	42	67	97	107	112
147	114	128	121	125	96	89	100	112	115	124	7	118	26	66	43	42	67	97	107	112
148	114	128	121	125	96	89	100	112	115	124	7	118	26	66	43	42	67	97	107	112
149	114	128	121	125	96	89	100	112	115	124	7	118	26	66	43	42	67	97	107	112
150	114	128	121	125	96	89	100	112	115	124	7	118	26	66	43	42	67	97	107	112
151	114	128	121	125	96	89	100	112	115	124	7	118	26	66	43	42	67	97	107	112
152	114	128	121	125	96	89	100	112	115	124	7	118	26	66	43	42	67	97	107	112
153	114	128	121	125	96	89	100	112	115	124	7	118	26	66	43	42	67	97	107	112
154	114	128	121	125	96	89	100	112	115	124	7	118	26	66	43	42	67	97	107	112
155	114	128	121	125	96	89	100	112	115	124	7	118	26	66	43	42	67	97	107	112
156	114	128	121	125	96	89	100	112	115	124	7	118	26	66	43	42	67	97	107	112
157	114	128	121	125	96	89	100	112	115	124	7	118	26	66	43	42	67	97	107	112
158	114	128	121	125	96	89	100	112	115	124	7	118	26	66	43	42	67	97	107	112
159	114	128	121	125	96	89	100	112	115	124	7	118	26	66	43	42	67	97	107	112
160	114	128	121	125	96	89	100	112	115	124	7	118	26	66	43	42	67	97	107	112
