71.61
71.42
71.22
70.96
70.66
70.44
70.14
69.78
69.45
69.12
68.83
68.49
68.19
68.19
68.09
68.01
67.67
67.34
67.00
66.88
66.51
66.42
66.23
66.02
65.77
65.66
65.56
65.44
65.32
65.22
65.11
64.99
64.89
64.71
64.60
64.47
64.24
64.03
63.79
63.60
63.39
63.19
62.94
62.85
62.73
62.62
62.51
62.40
62.29
62.18
62.01
61.80
61.59
61.36
61.15
60.89
60.77
60.59
60.50
60.41
60.31
60.12
59.91
59.67
59.44
59.22
59.03
58.82
58.73
58.52
58.41
58.18
57.96
57.72
57.63
57.52
57.39
57.30
57.20
57.08
56.97
56.87
56.80
56.68
56.56
56.46
56.36
56.27
56.17
56.07
55.97
55.86
55.76
55.65
55.53
55.43
55.34
55.24
55.14
55.03
54.87
54.77
54.66
54.49
54.35
54.18
54.09
53.98
53.88
53.67
53.49
53.29
53.10
52.97
52.87
52.79
52.67
52.54
52.44
52.30
52.19
52.09
51.97
51.80
51.63
51.46
51.37
51.24
51.07
50.96
50.87
50.69
50.59
50.48
50.38
50.28
50.16
50.05
49.93
49.82
49.70
49.59
49.48
49.39
49.28
49.16
49.05
48.95
48.85
48.77
48.66
48.55
48.43
48.31
48.21
48.10
47.97
47.85
47.73
47.62
47.51
47.40
47.30
47.17
47.05
46.95
46.84
46.74
46.59
46.52
46.40
46.32
46.22
46.11
46.00
45.90
45.80
45.70
45.61
45.50
45.36
45.24
45.15
45.05
44.94
44.83
44.70
44.58
44.46
44.34
44.23
44.13
44.04
43.91
43.83
43.72
43.62
43.53
43.43
43.33
43.21
43.11
43.02
42.90
42.81
42.68
42.55
42.44
42.34
42.22
42.10
41.98
41.84
41.70
41.61
41.50
41.39
41.27
41.16
41.04
40.93
40.83
40.74
40.65
40.56
40.45
40.34
40.26
40.16
40.06
39.96
39.85
39.75
39.64
39.55
39.44
39.31
39.21
39.10
38.97
38.86
38.77
38.64
38.53
38.41
38.30
38.21
38.08
37.98
37.87
37.76
37.67
37.56
37.43
37.32
37.23
37.12
37.01
36.90
36.77
36.67
36.56
36.46
36.38
36.26
36.16
36.08
35.96
35.86
35.75
35.66
35.56
35.46
35.37
35.28
35.19
35.10
35.00
34.90
34.81
34.69
34.58
34.48
34.37
34.28
34.18
34.07
33.95
33.83
33.71
33.60
33.50
33.37
33.27
33.16
33.05
32.90
32.81
32.69
32.54
32.42
32.32
32.22
32.09
31.99
31.87
31.75
31.66
31.57
31.47
31.34
31.25
31.15
31.02
30.91
30.78
30.63
