72.59
72.38
72.17
71.89
71.89
71.79
71.69
71.27
70.91
70.59
70.27
69.93
69.59
69.48
69.32
69.23
69.14
68.93
68.70
68.52
68.42
68.22
68.00
67.77
67.56
67.47
67.39
67.27
67.15
67.00
66.90
66.80
66.70
66.51
66.40
66.25
66.00
65.77
65.57
65.39
65.19
64.98
64.76
64.63
64.52
64.42
64.31
64.21
64.10
63.99
63.77
63.54
63.31
63.14
62.95
62.70
62.57
62.38
62.29
62.19
62.10
61.89
61.66
61.43
61.22
61.00
60.76
60.51
60.41
60.20
60.09
59.92
59.71
59.47
59.37
59.25
59.16
59.05
58.94
58.84
58.72
58.59
58.51
58.39
58.31
58.19
58.07
57.97
57.88
57.80
57.69
57.59
57.50
57.38
57.27
57.13
57.01
56.91
56.81
56.71
56.56
56.48
56.36
56.21
56.06
55.98
55.86
55.75
55.64
55.41
55.27
55.11
54.90
54.79
54.70
54.60
54.49
54.35
54.26
54.10
53.98
53.87
53.74
53.57
53.38
53.21
53.08
52.97
52.82
52.73
52.65
52.47
52.37
52.27
52.17
52.07
51.96
51.86
51.73
51.62
51.50
51.40
51.29
51.17
51.04
50.96
50.86
50.76
50.67
50.56
50.48
50.37
50.27
50.17
50.07
49.96
49.85
49.77
49.68
49.57
49.45
49.34
49.23
49.10
48.99
48.88
48.79
48.69
48.57
48.46
48.34
48.24
48.13
48.04
47.91
47.82
47.70
47.60
47.48
47.38
47.28
47.17
47.07
46.96
46.83
46.73
46.59
46.48
46.37
46.25
46.14
46.05
45.93
45.83
45.72
45.62
45.51
45.40
45.29
45.20
45.10
45.00
44.88
44.79
44.67
44.54
44.44
44.33
44.23
44.13
44.01
43.91
43.78
43.66
43.56
43.46
43.37
43.23
43.11
42.99
42.90
42.80
42.70
42.59
42.49
42.38
42.28
42.19
42.11
42.01
41.89
41.78
41.67
41.57
41.46
41.36
41.26
41.16
41.04
40.93
40.85
40.76
40.63
40.51
40.41
40.32
40.21
40.12
40.00
39.91
39.80
39.68
39.57
39.46
39.33
39.21
39.10
38.98
38.87
38.77
38.68
38.57
38.47
38.37
38.27
38.16
38.06
37.97
37.86
37.77
37.64
37.56
37.48
37.39
37.24
37.14
37.03
36.93
36.82
36.71
36.57
36.50
36.39
36.28
36.17
36.06
35.96
35.84
35.72
35.63
35.51
35.39
35.28
35.17
35.06
34.95
34.81
34.71
34.62
34.47
34.35
34.25
34.14
34.04
33.95
33.83
33.74
33.66
33.57
33.47
33.36
33.25
33.14
33.04
32.95
32.86
32.75
