101.01
100.81
100.60
100.33
100.08
99.89
99.42
99.02
98.67
98.30
97.87
97.51
97.28
97.00
96.82
96.63
96.33
95.99
95.67
95.46
95.13
94.80
94.47
94.18
93.98
93.76
93.53
93.29
93.06
92.86
92.64
92.45
92.19
91.99
91.72
91.35
91.00
90.67
90.38
90.08
89.77
89.46
89.26
89.05
88.84
88.62
88.43
88.22
88.03
87.71
87.40
87.10
86.82
86.53
86.17
85.86
85.65
85.42
85.21
84.92
84.65
84.30
84.00
83.65
83.35
83.15
82.84
82.52
82.31
81.99
81.68
81.40
81.19
80.99
80.77
80.56
80.36
80.17
79.98
79.79
79.60
79.40
79.18
78.95
78.73
78.53
78.33
78.13
77.92
77.71
77.48
77.29
77.06
76.85
76.66
76.45
76.25
76.05
75.86
75.58
75.37
75.18
74.91
74.64
74.44
74.23
74.05
73.82
73.53
73.23
72.92
72.63
72.44
72.23
72.01
71.79
71.58
71.38
71.14
70.94
70.75
70.55
70.28
69.98
69.71
69.52
69.34
69.34
69.26
69.14
69.05
68.87
68.76
68.66
68.56
68.46
68.37
68.25
68.16
68.05
67.92
67.83
67.72
67.61
67.49
67.41
67.30
67.22
67.14
67.04
66.93
66.84
66.73
66.64
66.53
66.42
66.29
66.17
66.06
65.94
65.80
65.67
65.56
65.45
65.34
65.23
65.13
65.02
64.95
64.82
64.70
64.60
64.48
64.37
64.26
64.18
64.05
63.93
63.84
63.73
63.61
63.49
63.39
63.28
63.16
63.05
62.95
62.83
62.73
62.63
62.50
62.39
62.28
62.18
62.03
61.94
61.84
61.75
61.66
61.58
61.47
61.36
61.25
61.13
61.02
60.90
60.78
60.69
60.59
60.47
60.37
60.27
60.16
60.05
59.95
59.83
59.74
59.62
59.50
59.39
59.28
59.19
59.07
58.96
58.86
58.76
58.67
58.55
58.46
58.36
58.26
58.14
58.04
57.95
57.82
57.71
57.63
57.53
57.43
57.34
57.25
57.15
57.02
56.91
56.79
56.66
56.54
56.43
56.33
56.23
56.13
56.02
55.90
55.81
55.69
55.62
55.52
55.44
55.34
55.23
55.15
55.06
54.95
54.86
54.74
54.62
54.54
54.43
54.32
54.21
54.12
54.00
53.91
53.76
53.63
53.55
53.45
53.33
53.22
53.12
52.99
52.91
52.81
52.70
52.62
52.53
52.41
52.31
52.19
52.08
51.99
51.87
51.76
51.66
51.55
51.45
51.35
51.25
51.16
51.04
50.92
50.82
50.75
50.63
50.54
50.42
50.29
50.20
50.09
49.98
49.88
49.78
49.68
49.57
49.46
49.38
49.27
