78.07
77.86
77.66
77.40
77.10
76.70
76.34
75.95
75.58
75.39
75.08
74.73
74.45
74.20
74.01
73.79
73.44
73.09
72.76
72.54
72.17
71.84
71.52
71.21
71.01
70.81
70.60
70.38
70.19
69.98
69.78
69.55
69.30
69.08
68.88
68.58
68.28
67.93
67.62
67.29
66.95
66.60
66.39
66.21
66.00
65.79
65.59
65.39
65.18
64.81
64.48
64.15
63.82
63.82
63.65
63.44
63.33
63.14
63.06
62.96
62.86
62.64
62.44
62.26
62.08
61.87
61.62
61.40
61.29
61.07
60.96
60.78
60.58
60.37
60.25
60.13
60.04
59.93
59.83
59.74
59.64
59.55
59.43
59.31
59.20
59.08
58.96
58.86
58.76
58.66
58.52
58.40
58.29
58.19
58.09
57.98
57.89
57.80
57.69
57.60
57.41
57.32
57.24
57.11
56.94
56.81
56.71
56.62
56.52
56.28
56.13
55.97
55.76
55.65
55.55
55.44
55.33
55.21
55.11
54.96
54.84
54.76
54.65
54.48
54.33
54.13
54.02
53.91
53.77
53.65
53.53
53.37
53.26
53.17
53.06
52.94
52.82
52.73
52.63
52.54
52.40
52.30
52.20
52.09
51.96
51.86
51.75
51.67
51.59
51.50
51.39
51.27
51.16
51.05
50.96
50.86
50.76
50.68
50.59
50.48
50.36
50.25
50.14
49.98
49.88
49.76
49.65
49.54
49.42
49.30
49.19
49.08
48.98
48.88
48.77
48.68
48.57
48.48
48.37
48.25
48.18
48.08
47.99
47.88
47.76
47.66
47.54
47.43
47.32
47.20
47.08
46.95
46.84
46.75
46.60
46.50
46.41
46.32
46.20
46.10
46.01
45.89
45.77
45.64
45.54
45.42
45.34
45.26
45.16
45.06
44.95
44.85
44.74
44.62
44.54
44.45
44.34
44.21
44.13
44.01
43.91
43.81
43.73
43.61
43.50
43.41
43.31
43.20
43.10
42.97
42.85
42.74
42.67
42.55
42.44
42.33
42.22
42.13
42.01
41.88
41.79
41.70
41.60
41.51
41.41
41.32
41.18
41.06
40.96
40.85
40.71
40.63
40.52
40.42
40.31
40.21
40.11
40.01
39.89
39.79
39.69
39.57
39.44
39.31
39.22
39.12
39.02
38.93
38.84
38.75
38.65
38.55
38.41
38.30
38.20
38.11
38.03
37.91
37.82
37.72
37.60
37.47
37.36
37.24
37.14
37.04
36.93
36.83
36.74
36.66
36.58
36.44
36.30
36.20
36.10
35.99
35.87
35.76
35.66
35.54
35.44
35.30
35.20
35.08
35.00
34.90
34.78
34.67
34.55
34.46
34.34
34.23
34.12
34.02
33.89
33.77
33.62
