87.34
87.12
86.93
86.68
86.40
86.20
85.90
85.61
85.26
84.97
84.69
84.35
84.05
83.75
83.57
83.36
83.04
82.70
82.38
82.16
81.84
81.52
81.22
80.88
80.67
80.45
80.25
80.02
79.83
79.62
79.40
79.20
78.94
78.72
78.50
78.21
77.90
77.57
77.25
76.95
76.61
76.28
76.07
75.87
75.67
75.47
75.26
75.06
74.84
74.56
74.26
73.95
73.62
73.35
73.07
72.85
72.56
72.34
72.14
71.95
71.68
71.39
71.08
70.79
70.49
70.20
69.91
69.70
69.41
69.22
68.89
68.62
68.28
68.10
67.87
67.65
67.46
67.24
67.02
66.83
66.64
66.43
66.21
66.00
65.79
65.59
65.39
65.21
64.99
64.76
64.56
64.36
64.15
63.94
63.70
63.48
63.26
63.04
62.83
62.56
62.37
62.17
61.96
61.73
61.49
61.28
61.06
60.86
60.59
60.32
60.03
59.72
59.51
59.33
59.14
58.95
58.71
58.51
58.28
58.08
57.88
57.67
57.67
57.57
57.40
57.26
57.17
57.07
56.94
56.83
56.73
56.56
56.48
56.38
56.29
56.19
56.11
55.98
55.88
55.78
55.67
55.57
55.47
55.36
55.26
55.15
55.03
54.94
54.85
54.75
54.66
54.56
54.46
54.35
54.26
54.16
54.07
53.95
53.83
53.71
53.55
53.42
53.31
53.17
53.06
52.94
52.83
52.75
52.60
52.49
52.35
52.26
52.17
52.06
51.95
51.83
51.72
51.61
51.54
51.41
51.29
51.16
51.05
50.95
50.84
50.75
50.66
50.52
50.40
50.29
50.19
50.10
49.98
49.88
49.76
49.67
49.56
49.45
49.35
49.25
49.16
49.08
48.99
48.90
48.79
48.69
48.56
48.45
48.36
48.25
48.16
48.06
47.96
47.85
47.75
47.63
47.52
47.41
47.30
47.19
47.08
46.98
46.88
46.78
46.69
46.60
46.51
46.42
46.32
46.21
46.09
45.97
45.88
45.77
45.66
45.53
45.45
45.33
45.22
45.11
45.00
44.92
44.82
44.71
44.60
44.51
44.37
44.24
44.13
44.01
43.90
43.79
43.70
43.61
43.49
43.41
43.31
43.21
43.11
43.02
42.92
42.82
42.71
42.62
42.47
42.38
42.26
42.15
42.07
41.97
41.87
41.77
41.65
41.54
41.41
41.28
41.19
41.06
40.97
40.87
40.77
40.66
40.54
40.43
40.34
40.23
40.14
40.03
39.90
39.79
39.71
39.62
39.51
39.38
39.30
39.17
39.07
38.95
38.87
38.78
38.64
38.53
38.41
38.28
38.18
38.05
37.90
37.79
37.67
37.56
37.48
37.37
37.25
37.15
37.05
36.93
36.82
