84.84
84.62
84.41
84.13
83.89
83.66
83.35
83.00
82.67
82.37
82.08
81.74
81.43
81.16
80.96
80.76
80.43
80.09
79.75
79.52
79.17
78.88
78.56
78.24
78.01
77.79
77.57
77.37
77.17
76.96
76.75
76.55
76.28
76.09
75.89
75.60
75.27
74.95
74.67
74.35
74.05
73.69
73.49
73.26
73.05
72.84
72.63
72.43
72.21
71.88
71.59
71.27
70.96
70.64
70.33
70.14
69.87
69.68
69.47
69.25
68.99
68.67
68.41
68.11
67.80
67.48
67.14
66.92
66.61
66.41
66.10
65.77
65.43
65.22
65.00
64.79
64.57
64.38
64.19
63.99
63.76
63.55
63.33
63.11
62.89
62.65
62.45
62.26
62.08
61.89
61.70
61.50
61.29
61.09
60.86
60.64
60.43
60.21
59.99
59.71
59.51
59.30
59.05
58.79
58.57
58.39
58.19
57.78
57.44
57.07
56.70
56.48
56.28
56.10
55.90
55.69
55.48
55.28
55.01
54.80
54.58
54.35
54.08
53.83
53.83
53.73
53.64
53.53
53.39
53.30
53.22
53.08
52.98
52.87
52.78
52.67
52.57
52.47
52.35
52.25
52.13
52.04
51.94
51.85
51.72
51.62
51.50
51.39
51.29
51.18
51.07
50.96
50.85
50.76
50.65
50.54
50.44
50.30
50.20
50.11
49.97
49.85
49.74
49.59
49.47
49.38
49.26
49.15
49.03
48.95
48.87
48.75
48.66
48.54
48.43
48.35
48.27
48.16
48.07
47.99
47.88
47.78
47.65
47.55
47.43
47.30
47.17
47.07
46.98
46.86
46.76
46.63
46.54
46.45
46.33
46.22
46.14
46.02
45.93
45.83
45.75
45.65
45.52
45.43
45.32
45.21
45.09
45.00
44.90
44.79
44.68
44.58
44.48
44.37
44.27
44.17
44.05
43.97
43.87
43.76
43.66
43.57
43.47
43.36
43.24
43.13
43.01
42.92
42.83
42.72
42.63
42.51
42.40
42.30
42.18
42.06
41.95
41.85
41.73
41.62
41.52
41.41
41.30
41.18
41.07
40.98
40.89
40.79
40.67
40.58
40.48
40.38
40.30
40.17
40.06
39.96
39.87
39.79
39.69
39.58
39.48
39.39
39.29
39.18
39.06
38.93
38.83
38.72
38.60
38.49
38.37
38.30
38.20
38.08
37.95
37.85
37.73
37.59
37.49
37.39
37.28
37.16
37.07
36.98
36.89
36.80
36.71
36.59
36.46
36.38
36.29
36.19
36.09
35.98
35.88
35.76
35.67
35.53
35.43
35.31
35.23
35.13
35.02
34.92
34.81
34.69
34.55
34.43
34.34
34.24
34.13
34.02
33.91
33.81
33.69
33.58
33.46
