78.31
78.10
77.91
77.66
77.40
77.20
76.91
76.55
76.24
75.90
75.61
75.26
74.96
74.69
74.49
74.27
73.98
73.69
73.37
73.16
72.84
72.51
72.17
71.89
71.67
71.48
71.26
71.07
70.84
70.65
70.44
70.25
70.25
70.15
70.02
69.91
69.70
69.49
69.28
69.11
68.90
68.68
68.45
68.36
68.28
68.19
68.09
67.99
67.89
67.78
67.57
67.37
67.15
66.96
66.71
66.49
66.38
66.18
66.05
65.94
65.85
65.66
65.43
65.21
64.99
64.77
64.55
64.30
64.18
63.97
63.87
63.63
63.45
63.22
63.13
63.02
62.92
62.83
62.72
62.61
62.52
62.44
62.36
62.25
62.14
62.05
61.95
61.86
61.76
61.66
61.57
61.47
61.38
61.27
61.16
61.05
60.93
60.84
60.73
60.63
60.44
60.33
60.22
60.11
59.97
59.80
59.71
59.59
59.51
59.30
59.09
58.92
58.70
58.62
58.53
58.43
58.32
58.20
58.11
57.94
57.85
57.74
57.61
57.47
57.24
57.07
56.96
56.86
56.72
56.62
56.54
56.36
56.26
56.16
56.07
55.96
55.86
55.75
55.63
55.52
55.38
55.28
55.17
55.06
54.96
54.87
54.76
54.66
54.54
54.44
54.35
54.24
54.14
54.06
53.96
53.85
53.75
53.64
53.52
53.43
53.30
53.19
53.07
52.94
52.84
52.75
52.65
52.54
52.45
52.33
52.21
52.12
52.03
51.93
51.84
51.73
51.63
51.52
51.41
51.28
51.15
51.03
50.95
50.85
50.73
50.61
50.47
50.36
50.26
50.15
50.08
49.99
49.87
49.77
49.65
49.55
49.46
49.37
49.27
49.18
49.08
48.98
48.89
48.79
48.70
48.60
48.51
48.41
48.31
48.20
48.11
48.00
47.91
47.81
47.72
47.60
47.51
47.39
47.29
47.19
47.09
46.98
46.89
46.79
46.69
46.58
46.45
46.33
46.24
46.11
46.01
45.91
45.82
45.72
45.61
45.51
45.40
45.29
45.16
45.05
44.94
44.83
44.73
44.65
44.55
44.43
44.31
44.22
44.11
43.99
43.88
43.76
43.64
43.52
43.40
43.29
43.19
43.08
42.98
42.86
42.74
42.64
42.52
42.43
42.32
42.20
42.09
42.01
41.93
41.80
41.69
41.58
41.49
41.38
41.30
41.16
41.05
40.94
40.83
40.74
40.64
40.54
40.44
40.32
40.21
40.12
40.01
39.91
39.79
39.68
39.57
39.44
39.30
39.17
39.06
38.96
38.83
38.74
38.65
38.54
38.42
38.31
38.19
38.09
37.97
37.83
37.70
37.60
37.47
37.36
37.23
37.13
37.03
36.91
36.80
36.70
36.58
