83.12
82.91
82.72
82.50
82.25
81.96
81.68
81.37
81.01
80.81
80.51
80.17
79.92
79.65
79.47
79.27
78.94
78.67
78.38
78.16
77.87
77.51
77.21
76.86
76.64
76.45
76.24
76.01
75.81
75.59
75.38
75.16
74.88
74.67
74.29
73.90
73.52
73.14
72.82
72.47
72.08
71.85
71.67
71.46
71.25
71.04
70.84
70.63
70.43
70.14
69.83
69.50
69.20
68.89
68.53
68.34
68.07
67.85
67.63
67.44
67.17
66.86
66.57
66.29
65.98
65.65
65.32
65.10
64.80
64.61
64.29
63.97
63.65
63.44
63.25
63.03
62.83
62.63
62.46
62.26
62.03
61.84
61.63
61.43
61.24
61.03
60.84
60.64
60.44
60.25
60.03
59.82
59.62
59.41
59.21
59.01
58.83
58.63
58.41
58.14
57.95
57.74
57.49
57.23
57.01
56.81
56.58
56.37
56.06
55.83
55.55
55.25
55.05
54.87
54.68
54.47
54.28
54.06
53.83
53.63
53.41
53.17
52.93
52.93
52.82
52.65
52.53
52.44
52.32
52.22
52.10
51.95
51.84
51.72
51.60
51.51
51.40
51.30
51.19
51.09
50.96
50.87
50.76
50.67
50.54
50.44
50.32
50.21
50.09
49.99
49.91
49.80
49.70
49.61
49.49
49.39
49.30
49.18
49.09
48.99
48.88
48.76
48.66
48.55
48.45
48.35
48.24
48.14
48.00
47.88
47.78
47.68
47.57
47.47
47.35
47.25
47.16
47.03
46.93
46.82
46.71
46.55
46.46
46.36
46.25
46.15
46.01
45.91
45.80
45.69
45.59
45.51
45.41
45.31
45.19
45.09
44.98
44.88
44.80
44.69
44.59
44.47
44.39
44.29
44.17
44.06
43.96
43.84
43.74
43.63
43.52
43.42
43.29
43.18
43.08
42.99
42.89
42.77
42.66
42.57
42.47
42.38
42.27
42.15
42.06
41.96
41.86
41.75
41.64
41.55
41.47
41.36
41.26
41.16
41.04
40.93
40.83
40.73
40.63
40.52
40.43
40.32
40.20
40.11
40.00
39.86
39.75
39.67
39.52
39.41
39.30
39.19
39.07
38.99
38.87
38.77
38.68
38.58
38.49
38.41
38.31
38.23
38.13
38.04
37.91
37.80
37.68
37.55
37.44
37.33
37.21
37.08
36.98
36.88
36.76
36.67
36.58
36.44
36.34
36.22
36.11
36.02
35.92
35.83
35.73
35.63
35.52
35.40
35.29
35.18
35.08
34.97
34.84
34.70
34.62
34.49
34.40
34.26
34.16
34.04
33.92
33.80
33.70
33.60
33.49
33.39
33.30
33.20
33.12
33.01
32.91
32.81
32.70
32.59
32.49
32.39
32.28
