83.18
82.97
82.76
82.53
82.25
82.06
81.74
81.38
81.02
80.72
80.43
80.09
79.81
79.50
79.30
79.12
78.81
78.52
78.23
77.98
77.64
77.34
77.02
76.68
76.47
76.28
76.09
75.87
75.69
75.51
75.33
75.12
74.86
74.67
74.44
74.11
73.84
73.53
73.25
72.92
72.60
72.28
72.10
71.91
71.71
71.50
71.29
71.08
70.87
70.51
70.19
69.86
69.55
69.27
68.95
68.75
68.45
68.22
68.03
67.83
67.36
67.02
66.64
66.28
65.90
65.52
65.31
65.12
64.82
64.61
64.35
64.04
63.73
63.53
63.31
63.09
62.90
62.70
62.51
62.31
62.11
61.88
61.68
61.46
61.26
61.06
60.88
60.68
60.47
60.25
60.06
59.88
59.68
59.47
59.23
59.02
58.82
58.59
58.39
58.12
57.91
57.73
57.50
57.21
56.93
56.71
56.51
56.30
56.00
55.76
55.48
55.19
55.00
54.80
54.60
54.41
54.19
53.98
53.74
53.52
53.31
53.11
52.87
52.61
52.34
52.14
51.92
51.65
51.46
51.27
51.27
51.18
51.06
50.97
50.85
50.78
50.65
50.54
50.40
50.29
50.20
50.09
50.01
49.90
49.78
49.68
49.60
49.50
49.42
49.34
49.26
49.15
49.05
48.94
48.85
48.75
48.65
48.56
48.46
48.36
48.23
48.10
48.01
47.89
47.80
47.71
47.60
47.45
47.34
47.23
47.11
47.01
46.91
46.80
46.68
46.59
46.47
46.37
46.25
46.13
46.01
45.92
45.81
45.70
45.57
45.48
45.38
45.28
45.17
45.06
44.95
44.83
44.74
44.64
44.52
44.40
44.30
44.19
44.08
43.97
43.88
43.78
43.67
43.56
43.43
43.30
43.18
43.08
42.98
42.87
42.76
42.65
42.55
42.43
42.35
42.23
42.13
42.02
41.89
41.79
41.69
41.57
41.44
41.31
41.21
41.10
41.00
40.88
40.78
40.67
40.56
40.44
40.34
40.24
40.11
40.01
39.87
39.75
39.65
39.56
39.48
39.38
39.23
39.13
39.04
38.91
38.80
38.70
38.59
38.48
38.34
38.23
38.13
38.01
37.91
37.83
37.73
37.62
37.51
37.42
37.31
37.21
37.11
37.00
36.85
36.75
36.63
36.54
36.43
36.30
36.18
36.04
35.94
35.86
35.74
35.63
35.53
35.40
35.30
35.19
35.07
34.98
34.87
34.76
34.67
34.55
34.44
34.33
34.24
34.15
34.05
33.94
33.80
33.71
33.59
33.49
33.40
33.30
33.18
33.06
32.96
32.82
32.73
32.59
32.49
32.38
32.26
32.13
32.02
31.91
31.80
31.70
31.60
31.48
31.37
31.28
