75.66
75.46
75.27
75.04
74.77
74.57
74.27
73.92
73.57
73.28
73.00
72.65
72.35
72.10
71.90
71.53
71.15
70.77
70.57
70.17
69.81
69.39
69.00
68.80
68.60
68.42
68.22
68.00
67.76
67.53
67.32
67.15
66.91
66.70
66.48
66.20
65.88
65.58
65.29
65.00
65.00
64.84
64.62
64.52
64.43
64.34
64.22
64.09
64.01
63.70
63.33
63.00
62.68
62.36
61.99
61.92
61.75
61.58
61.46
61.36
61.26
61.08
60.85
60.62
60.41
60.19
59.98
59.74
59.63
59.44
59.32
59.16
58.92
58.70
58.59
58.49
58.38
58.28
58.18
58.08
57.98
57.89
57.77
57.66
57.57
57.46
57.34
57.24
57.13
57.03
56.91
56.81
56.70
56.59
56.48
56.37
56.26
56.17
56.08
55.99
55.81
55.71
55.59
55.43
55.27
55.15
55.07
54.93
54.84
54.63
54.43
54.24
54.04
53.94
53.83
53.75
53.65
53.51
53.42
53.24
53.13
53.03
52.90
52.73
52.56
52.41
52.29
52.18
51.99
51.90
51.81
51.63
51.53
51.44
51.34
51.25
51.17
51.04
50.94
50.85
50.76
50.66
50.55
50.46
50.34
50.25
50.12
50.01
49.89
49.79
49.69
49.57
49.45
49.34
49.23
49.13
49.01
48.90
48.79
48.69
48.59
48.48
48.36
48.23
48.13
48.01
47.91
47.82
47.68
47.58
47.48
47.39
47.29
47.19
47.08
46.96
46.85
46.74
46.65
46.57
46.48
46.38
46.28
46.16
46.04
45.93
45.80
45.65
45.54
45.44
45.34
45.24
45.14
45.04
44.95
44.81
44.70
44.60
44.49
44.38
44.27
44.16
44.03
43.93
43.83
43.70
43.57
43.45
43.35
43.25
43.15
43.04
42.92
42.81
42.71
42.60
42.48
42.37
42.28
42.17
42.07
41.96
41.88
41.77
41.67
41.56
41.46
41.36
41.26
41.15
41.03
40.92
40.83
40.73
40.64
40.53
40.40
40.28
40.18
40.06
39.96
39.86
39.74
39.65
39.53
39.38
39.27
39.16
39.03
38.94
38.84
38.72
38.59
38.50
38.39
38.29
38.18
38.09
37.99
37.89
37.79
37.69
37.60
37.50
37.38
37.27
37.15
37.05
36.92
36.80
36.68
36.58
36.49
36.37
36.25
36.16
36.04
35.94
35.86
35.75
35.64
35.54
35.46
35.36
35.25
35.13
35.01
34.90
34.78
34.67
34.58
34.47
34.35
34.22
34.13
34.02
33.93
33.84
33.73
33.62
33.51
33.40
33.30
33.20
33.09
32.97
32.85
32.75
32.65
32.55
32.43
32.31
32.21
32.10
32.00
31.86
31.72
