81.87
81.65
81.46
81.22
80.98
80.76
80.44
80.11
79.77
79.45
79.16
78.84
78.56
78.27
78.07
77.89
77.54
77.21
76.88
76.66
76.32
75.98
75.64
75.31
75.10
74.89
74.69
74.49
74.31
74.10
73.87
73.67
73.39
73.18
72.98
72.65
72.34
72.01
71.70
71.36
71.05
70.73
70.54
70.33
70.13
69.94
69.74
69.53
69.32
68.95
68.63
68.32
67.98
67.67
67.36
67.15
66.88
66.69
66.50
66.27
65.99
65.67
65.35
65.01
64.70
64.38
64.03
63.84
63.52
63.34
63.01
62.70
62.37
62.15
61.95
61.78
61.56
61.35
61.14
60.95
60.74
60.52
60.32
60.11
59.91
59.72
59.53
59.32
59.12
58.91
58.69
58.50
58.29
58.10
57.88
57.68
57.48
57.28
57.04
56.76
56.55
56.34
56.13
56.13
56.03
55.91
55.82
55.73
55.38
55.09
54.76
54.41
54.31
54.20
54.12
54.01
53.89
53.76
53.67
53.50
53.40
53.29
53.18
53.00
52.80
52.65
52.54
52.44
52.29
52.17
52.08
51.92
51.81
51.73
51.63
51.51
51.43
51.33
51.19
51.08
50.96
50.86
50.75
50.62
50.49
50.40
50.30
50.20
50.12
50.01
49.91
49.81
49.71
49.60
49.49
49.40
49.32
49.21
49.11
49.03
48.93
48.82
48.74
48.62
48.49
48.40
48.30
48.19
48.06
47.94
47.82
47.74
47.63
47.51
47.39
47.28
47.20
47.09
46.99
46.90
46.79
46.67
46.56
46.43
46.30
46.20
46.08
45.94
45.82
45.71
45.61
45.52
45.43
45.31
45.19
45.08
45.00
44.89
44.78
44.67
44.57
44.46
44.36
44.24
44.14
44.06
43.98
43.88
43.78
43.68
43.59
43.49
43.38
43.29
43.19
43.07
42.96
42.84
42.74
42.63
42.52
42.42
42.33
42.22
42.10
42.00
41.90
41.81
41.72
41.64
41.54
41.44
41.32
41.21
41.10
41.00
40.90
40.77
40.64
40.55
40.45
40.35
40.25
40.16
40.06
39.93
39.83
39.75
39.63
39.51
39.38
39.29
39.17
39.03
38.90
38.79
38.72
38.58
38.48
38.36
38.25
38.16
38.06
37.99
37.88
37.77
37.66
37.57
37.45
37.33
37.20
37.10
37.02
36.91
36.79
36.69
36.58
36.45
36.35
36.23
36.11
36.00
35.91
35.79
35.69
35.59
35.48
35.37
35.25
35.14
35.05
34.96
34.82
34.67
34.55
34.44
34.33
34.23
34.13
34.03
33.93
33.82
33.71
33.60
33.49
33.37
33.29
33.19
33.09
32.98
32.88
32.78
32.67
32.56
32.45
32.33
32.19
