95.36
95.17
94.97
94.79
94.58
94.37
94.17
93.85
93.56
93.26
92.95
92.74
92.47
92.27
92.04
91.79
91.58
91.38
91.16
90.93
90.73
90.51
90.29
90.08
89.88
89.66
89.44
89.24
89.01
88.81
88.60
88.38
88.18
87.96
87.76
87.53
87.26
87.04
86.71
86.37
86.02
85.74
85.53
85.32
85.13
84.93
84.71
84.49
84.26
84.05
83.87
83.65
83.44
83.24
82.97
82.76
82.54
82.33
82.14
81.95
81.73
81.53
81.35
81.14
80.94
80.68
80.47
80.28
80.09
79.90
79.69
79.49
79.29
79.09
78.91
78.67
78.46
78.13
77.94
77.61
77.29
76.99
76.79
76.59
76.38
76.19
76.00
75.82
75.63
75.43
75.23
75.02
74.84
74.63
74.42
74.20
74.00
73.73
73.54
73.32
73.10
72.79
72.36
71.99
71.77
71.46
71.08
70.76
70.41
70.10
69.91
69.72
69.52
69.26
69.06
68.85
68.60
68.40
68.17
67.96
67.96
67.87
67.77
67.69
67.60
67.48
67.38
67.27
67.15
67.04
66.94
66.84
66.74
66.63
66.54
66.46
66.36
66.27
66.17
66.03
65.93
65.83
65.70
65.59
65.49
65.41
65.30
65.18
65.07
64.97
64.85
64.75
64.63
64.54
64.44
64.36
64.27
64.17
64.08
64.00
63.85
63.74
63.65
63.54
63.42
63.31
63.14
63.06
62.95
62.84
62.73
62.61
62.52
62.40
62.28
62.19
62.08
61.99
61.88
61.78
61.68
61.57
61.47
61.38
61.29
61.21
61.10
61.00
60.91
60.80
60.68
