91.30
91.10
90.85
90.63
90.41
90.20
90.01
89.80
89.45
89.07
88.73
88.44
88.17
87.98
87.77
87.55
87.37
87.16
86.94
86.74
86.52
86.32
86.13
85.93
85.73
85.51
85.31
85.11
84.89
84.70
84.48
84.23
84.03
83.84
83.65
83.41
83.15
82.94
82.62
82.27
81.93
81.60
81.40
81.20
80.99
80.82
80.60
80.37
80.17
79.97
79.78
79.60
79.40
79.20
78.92
78.72
78.51
78.29
78.07
77.88
77.67
77.47
77.27
77.06
76.86
76.58
76.35
76.11
75.92
75.70
75.49
75.30
75.09
74.89
74.69
74.49
74.31
74.12
73.77
73.58
73.26
72.94
72.62
72.43
72.24
72.02
71.81
71.59
71.36
71.13
70.92
70.71
70.49
70.30
70.09
69.90
69.69
69.69
69.57
69.46
69.36
69.02
68.70
68.36
68.00
67.65
67.23
66.86
66.49
66.10
66.00
65.91
65.82
65.75
65.57
65.44
65.34
65.18
65.07
64.96
64.86
64.66
64.57
64.46
64.35
64.22
64.12
64.00
63.87
63.76
63.65
63.56
63.46
63.33
63.24
63.13
63.03
62.95
62.82
62.70
62.58
62.48
62.35
62.26
62.15
62.06
61.97
61.88
61.74
61.65
61.53
61.41
61.29
61.18
61.07
60.96
60.83
60.74
60.62
60.54
60.42
60.32
60.21
60.11
59.99
59.89
59.78
59.69
59.57
59.42
59.33
59.22
59.14
59.02
58.91
58.78
58.69
58.60
58.50
58.38
58.23
58.10
58.02
57.92
57.82
57.71
57.62
57.52
57.39
57.28
57.19
