87.15
86.94
86.73
86.53
86.32
86.13
85.93
85.56
85.12
84.80
84.42
84.24
83.95
83.75
83.56
83.33
83.11
82.89
82.66
82.44
82.25
82.03
81.82
81.60
81.39
81.18
80.99
80.78
80.59
80.38
80.21
79.92
79.73
79.52
79.31
79.09
78.80
78.60
78.26
77.94
77.63
77.27
77.08
76.88
76.67
76.46
76.27
76.03
75.83
75.63
75.42
75.22
74.98
74.76
74.50
74.31
74.09
73.90
73.72
73.51
73.29
73.07
72.86
72.67
72.46
72.46
72.37
72.26
72.17
72.07
71.96
71.87
71.77
71.67
71.54
71.44
71.33
71.25
71.14
70.90
70.80
70.61
70.39
70.19
70.11
69.97
69.85
69.75
69.66
69.57
69.48
69.38
69.29
69.20
69.09
68.98
68.88
68.79
68.62
68.52
68.39
68.27
68.07
67.82
67.59
67.29
67.03
66.76
66.49
66.26
66.03
65.91
65.82
65.74
65.56
65.47
65.38
65.18
65.08
64.97
64.88
64.69
64.59
64.50
64.40
64.24
64.11
64.01
63.91
63.83
63.71
63.58
63.47
63.38
63.28
63.16
63.05
62.96
62.84
62.74
62.64
62.56
62.45
62.36
62.26
62.15
62.04
61.91
61.78
61.69
61.57
61.48
61.35
61.25
61.16
61.04
60.92
60.81
60.70
60.61
60.47
60.36
60.26
60.16
60.03
59.92
59.79
59.68
59.57
59.44
59.34
59.26
59.16
59.06
58.94
58.85
58.74
58.64
58.55
58.44
58.34
58.22
58.11
58.00
57.90
57.77
57.68
57.57
57.47
57.38
