94.24
94.05
93.84
93.62
93.42
93.21
92.99
92.69
92.34
91.96
91.76
91.42
91.13
90.94
90.69
90.47
90.28
90.08
89.89
89.66
89.45
89.26
89.06
88.85
88.62
88.42
88.21
88.01
87.79
87.60
87.40
87.12
86.90
86.67
86.48
86.29
86.00
85.58
85.20
84.79
84.41
84.21
84.01
83.81
83.59
83.40
83.20
83.00
82.77
82.57
82.38
82.16
81.92
81.71
81.45
81.25
81.04
80.82
80.61
80.41
80.20
80.00
79.79
79.58
79.39
79.15
78.93
78.70
78.52
78.33
78.12
77.94
77.75
77.55
77.35
77.15
76.97
76.59
76.40
76.04
75.64
75.27
75.08
74.87
74.64
74.43
74.23
74.01
73.80
73.57
73.38
73.18
72.96
72.76
72.58
72.36
72.17
71.91
71.72
71.50
71.12
70.73
70.32
69.91
69.47
69.04
68.67
68.25
67.85
67.65
67.44
67.25
67.05
67.05
66.94
66.84
66.72
66.55
66.44
66.34
66.25
66.11
65.99
65.90
65.82
65.67
65.56
65.48
65.37
65.27
65.17
65.06
64.94
64.82
64.69
64.60
64.52
64.42
64.32
64.23
64.14
64.05
63.92
63.82
63.73
63.64
63.54
63.42
63.30
63.19
63.08
62.97
62.88
62.75
62.65
62.58
62.49
62.38
62.25
62.14
62.01
61.89
61.79
61.69
61.58
61.47
61.37
61.28
61.16
61.03
60.93
60.84
60.73
60.63
60.53
60.45
60.35
60.25
60.13
60.03
59.92
59.82
59.70
59.61
59.49
59.39
59.28
59.16
59.07
58.97
58.86
