102.78
102.52
102.30
102.03
101.81
101.51
101.23
100.89
100.60
100.33
100.07
99.76
99.44
99.00
98.58
98.24
97.92
97.63
97.29
97.05
96.79
96.48
96.18
95.82
95.49
95.19
94.88
94.62
94.31
93.88
93.58
93.30
92.98
92.68
92.39
92.08
91.79
91.53
91.27
91.00
90.73
90.37
90.09
89.79
89.43
89.14
88.81
88.48
88.23
87.88
87.54
87.22
86.89
86.51
86.20
85.86
85.54
85.20
84.82
84.49
84.17
83.73
83.44
83.11
82.77
82.43
82.17
81.91
81.60
81.34
81.12
80.90
80.68
80.42
80.19
79.97
79.64
79.44
79.04
78.77
78.46
78.19
77.92
77.61
77.31
77.09
76.86
76.62
76.40
76.10
75.88
75.63
75.34
74.99
74.73
74.34
74.04
73.71
73.43
73.16
72.88
72.66
72.46
72.17
71.86
71.53
71.22
71.01
70.64
70.64
70.39
70.15
70.00
69.84
69.69
69.47
69.34
69.24
69.12
69.02
68.79
68.61
68.50
68.26
68.10
67.95
67.74
67.54
67.32
67.15
67.03
66.86
66.73
66.65
66.55
66.39
66.28
66.17
66.06
65.92
65.75
65.56
65.42
65.19
65.01
64.88
64.78
64.59
64.34
64.16
64.05
63.95
63.84
63.70
63.57
