102.09
101.85
101.66
101.44
101.20
100.84
100.56
100.26
100.01
99.53
99.20
98.85
98.58
98.21
97.79
97.48
97.13
96.93
96.58
96.27
95.94
95.58
95.36
95.02
94.67
94.37
94.01
93.68
93.38
93.03
92.71
92.42
92.11
91.86
91.53
91.18
90.86
90.51
90.29
90.00
89.77
89.44
89.13
88.85
88.50
88.50
88.34
88.12
87.94
87.80
87.57
87.34
87.11
86.89
86.63
86.45
86.20
85.93
85.63
85.37
85.13
84.87
84.58
84.30
84.07
83.84
83.60
83.37
83.21
83.05
82.93
82.81
82.68
82.55
82.42
82.31
82.19
81.90
81.77
81.59
81.43
81.24
81.02
80.80
80.63
80.41
80.24
80.11
80.00
79.89
79.71
79.57
79.45
79.26
79.04
78.84
78.62
78.39
78.18
78.02
77.90
77.76
77.64
77.54
77.36
77.16
76.97
76.77
76.66
76.48
76.22
76.00
75.86
75.73
75.55
75.32
75.22
75.10
74.89
74.76
74.59
74.39
74.26
74.10
73.91
73.74
73.53
73.38
73.21
73.04
72.92
72.80
72.69
72.55
72.41
72.25
72.13
71.99
71.89
71.74
71.62
71.42
71.31
71.16
71.08
70.96
70.86
70.74
70.50
70.36
70.28
70.15
70.05
69.96
69.85
