102.36
102.11
101.90
101.58
101.27
100.99
100.59
100.28
99.94
99.65
99.34
99.11
98.64
98.36
97.97
97.60
97.31
97.11
96.80
96.54
96.25
95.91
95.67
95.29
94.94
94.62
94.26
93.96
93.67
93.35
93.03
92.70
92.37
92.15
91.83
91.56
91.26
90.98
90.73
90.39
90.16
89.79
89.47
89.11
88.72
88.40
88.09
87.74
87.52
87.15
86.81
86.52
86.18
85.88
85.58
85.23
84.90
84.56
84.23
83.89
83.52
83.08
82.73
82.49
82.14
81.77
81.52
81.26
81.26
81.11
80.97
80.84
80.69
80.58
80.46
80.34
80.23
79.89
79.77
79.50
79.37
79.20
78.95
78.77
78.59
78.39
78.23
78.09
78.01
77.85
77.64
77.51
77.29
77.07
76.92
76.73
76.53
76.33
76.14
75.97
75.82
75.67
75.56
75.44
75.26
75.09
74.88
74.68
74.57
74.35
74.12
73.88
73.76
73.63
73.51
73.32
73.24
73.10
72.92
72.78
72.56
72.41
72.33
72.01
71.86
71.74
71.55
71.37
71.17
70.99
70.86
70.71
70.57
70.42
70.28
70.15
70.05
69.93
69.79
69.68
69.54
69.40
69.29
69.12
69.01
68.90
68.79
68.62
68.49
68.33
68.25
68.16
68.05
67.92
67.80
