103.23
103.00
102.80
102.51
102.15
101.78
101.59
101.14
100.93
100.60
100.33
100.01
99.65
99.30
98.92
98.58
98.27
98.02
97.62
97.33
97.02
96.70
96.31
95.84
95.59
95.22
94.82
94.53
94.26
93.91
93.49
93.23
92.92
92.61
92.37
92.00
91.72
91.42
91.19
90.90
90.63
90.29
89.98
89.67
89.33
89.06
88.74
88.44
88.21
87.86
87.53
87.20
86.88
86.55
86.08
85.72
85.37
85.08
84.78
84.39
84.01
83.59
83.25
82.92
82.62
82.32
82.02
81.75
81.45
81.23
81.03
80.73
80.51
80.27
80.04
79.77
79.36
79.14
78.85
78.61
78.32
78.03
77.76
77.44
77.15
76.92
76.59
76.38
76.20
75.89
75.62
75.33
74.98
74.70
74.40
74.11
73.76
73.50
73.16
72.90
72.67
72.42
72.20
71.94
71.64
71.35
71.06
70.86
70.57
70.24
69.93
69.68
69.47
69.26
68.98
68.74
68.53
68.27
68.04
67.76
67.47
67.26
66.97
66.74
66.51
66.17
65.90
65.90
65.75
65.59
65.45
65.26
65.14
65.01
64.88
64.74
64.62
64.48
64.38
64.25
64.12
63.88
63.75
63.53
63.40
63.30
63.19
63.04
62.87
62.72
62.64
62.52
62.42
62.26
62.16
