104.10
103.86
103.64
103.42
103.17
102.82
102.53
102.25
101.94
101.64
101.31
101.02
100.70
100.36
100.01
99.68
99.37
99.14
98.76
98.47
98.15
97.86
97.63
97.31
97.02
96.72
96.40
96.10
95.81
95.49
95.14
94.85
94.59
94.38
94.04
93.74
93.43
93.08
92.84
92.55
92.26
91.93
91.61
91.33
90.95
90.63
90.35
90.02
89.78
89.43
89.08
88.75
88.43
88.15
87.71
87.49
86.99
86.74
86.44
86.11
85.71
85.28
84.91
84.63
84.35
84.01
83.71
83.45
83.14
82.89
82.65
82.43
82.21
81.96
81.75
81.54
81.11
80.87
80.57
80.32
80.01
79.73
79.45
79.16
78.86
78.63
78.43
78.19
77.99
77.66
77.39
77.16
76.82
76.49
76.18
75.87
75.53
75.22
74.90
74.62
74.36
74.12
73.91
73.48
73.26
72.79
72.57
72.20
71.81
71.42
71.20
70.93
70.70
70.46
70.15
69.95
69.73
69.48
69.23
69.23
69.13
68.97
68.84
68.67
68.51
68.36
68.17
67.98
67.84
67.67
67.53
67.35
67.23
67.09
66.95
66.80
66.70
66.59
66.46
66.35
66.20
66.05
65.92
65.67
65.54
65.42
65.30
65.14
65.02
64.87
64.78
64.68
64.59
64.50
64.37
