101.91
101.68
101.48
101.25
101.01
100.74
100.47
100.14
99.86
99.54
99.22
98.86
98.48
98.05
97.75
97.40
97.06
96.67
96.27
96.02
95.75
95.52
95.28
94.97
94.64
94.32
94.02
93.76
93.45
93.17
92.85
92.53
92.19
91.97
91.65
91.41
91.06
90.69
90.45
90.16
89.94
89.54
89.23
88.95
88.60
88.33
87.99
87.65
87.42
87.12
86.77
86.47
86.47
86.34
86.09
85.86
85.60
85.44
85.17
84.96
84.68
84.42
84.10
83.90
83.69
83.51
83.27
83.14
83.00
82.80
82.65
82.52
82.38
82.28
82.16
82.02
81.88
81.55
81.37
81.21
81.04
80.87
80.66
80.46
80.26
80.05
79.85
79.73
79.62
79.49
79.30
79.15
79.02
78.79
78.56
78.33
78.11
77.87
77.69
77.50
77.36
77.20
77.06
76.96
76.77
76.61
76.39
76.17
76.06
75.82
75.55
75.31
75.15
75.04
74.93
74.73
74.50
74.37
74.24
74.09
73.95
73.76
73.63
73.46
73.31
73.18
72.98
72.77
72.60
72.42
72.25
72.11
71.96
71.81
71.72
71.57
71.43
71.28
71.18
71.05
70.90
70.72
70.61
70.49
70.39
70.24
70.13
69.99
69.83
69.72
69.63
69.53
69.43
69.32
69.19
