103.03
102.79
102.56
102.25
102.00
101.64
101.36
101.03
100.71
100.39
100.10
99.80
99.50
99.04
98.69
98.38
98.05
97.83
97.51
97.23
96.97
96.69
96.30
96.09
95.66
95.20
94.89
94.58
94.29
93.92
93.71
93.40
93.08
92.86
92.58
92.10
91.75
91.51
91.26
90.97
90.65
90.29
90.05
89.71
89.27
88.98
88.57
88.34
87.94
87.58
87.27
86.89
86.58
86.15
85.85
85.54
85.24
84.85
84.51
84.15
83.81
83.41
83.09
82.79
82.44
82.22
81.98
81.73
81.46
81.25
81.03
80.78
80.54
80.35
80.08
79.86
79.45
79.20
78.82
78.53
78.30
77.96
77.59
77.29
76.97
76.76
76.54
76.32
76.11
75.79
75.54
75.27
74.96
74.62
74.31
73.99
73.67
73.38
73.09
72.88
72.67
72.44
72.22
71.99
71.67
71.39
71.09
70.89
70.58
70.21
69.89
69.63
69.37
69.18
68.92
68.69
68.49
68.25
68.01
67.76
67.47
67.23
66.90
66.65
66.42
66.14
65.92
65.67
65.67
65.56
65.41
65.26
65.15
65.01
64.87
64.71
64.59
64.46
64.34
64.22
64.08
63.96
63.84
63.62
63.47
63.35
63.24
63.13
63.01
62.81
62.72
62.59
62.50
62.34
62.23
