103.73
103.51
103.27
103.03
102.78
102.47
102.14
101.82
101.52
101.20
100.86
100.59
100.31
99.92
99.51
99.19
98.87
98.67
98.30
98.02
97.66
97.30
96.88
96.64
96.17
95.88
95.41
95.06
94.65
94.30
93.93
93.50
93.29
92.94
92.73
92.42
92.13
91.80
91.47
91.25
90.99
90.74
90.45
90.18
89.79
89.50
89.21
88.90
88.66
88.33
87.96
87.63
87.34
87.02
86.67
86.39
86.09
85.69
85.40
85.06
84.64
84.25
83.89
83.60
83.25
82.89
82.58
82.32
82.03
81.83
81.64
81.41
81.21
80.98
80.77
80.52
80.13
79.88
79.55
79.20
78.94
78.59
78.27
77.94
77.74
77.50
77.25
77.05
76.81
76.53
76.25
75.99
75.67
75.36
75.05
74.74
74.41
74.11
73.79
73.49
73.27
73.08
72.83
72.57
72.24
71.96
71.62
71.42
71.12
71.12
70.95
70.73
70.54
70.41
70.28
70.09
69.95
69.79
69.64
69.54
69.40
69.22
69.10
68.90
68.73
68.55
68.38
68.20
67.99
67.80
67.67
67.51
67.40
67.22
67.13
66.95
66.80
66.71
66.60
66.47
66.32
66.10
65.97
65.82
65.69
65.54
65.44
65.31
65.11
64.95
64.85
64.75
64.64
64.53
64.35
