103.59
103.33
103.11
102.84
102.62
102.29
102.02
101.67
101.34
101.02
100.74
100.46
100.16
99.79
99.36
99.05
98.73
98.50
98.14
97.83
97.53
97.20
96.97
96.62
96.29
95.97
95.62
95.32
95.05
94.71
94.36
94.08
93.78
93.56
93.23
92.91
92.63
92.33
91.92
91.66
91.30
91.08
90.78
90.46
90.13
89.85
89.53
89.22
88.96
88.64
88.30
87.96
87.63
87.28
86.97
86.65
86.30
85.96
85.62
85.30
84.88
84.44
84.10
83.74
83.40
83.05
82.83
82.58
82.30
82.06
81.83
81.55
81.34
81.12
80.89
80.73
80.33
80.14
79.80
79.53
79.27
78.97
78.70
78.36
78.05
77.84
77.60
77.37
77.16
76.85
76.62
76.38
76.07
75.78
75.51
75.18
74.84
74.54
74.23
73.93
73.67
73.43
73.25
72.86
72.44
72.04
71.86
71.65
71.34
71.01
70.67
70.48
70.25
70.02
69.72
69.52
69.31
69.12
68.94
68.65
68.36
68.16
67.84
67.56
67.30
67.30
67.13
66.95
66.72
66.55
66.40
66.27
66.13
65.92
65.80
65.61
65.50
65.35
65.27
65.18
65.02
64.82
64.70
64.52
64.40
64.24
64.11
63.97
63.75
63.63
63.53
63.43
63.35
63.20
63.07
