104.15
103.95
103.74
103.49
103.23
102.88
102.45
102.25
101.79
101.41
101.07
100.85
100.38
100.11
99.71
99.39
99.09
98.87
98.49
98.19
97.91
97.67
97.45
97.11
96.74
96.40
96.09
95.77
95.47
95.14
94.83
94.56
94.25
94.05
93.69
93.43
93.13
92.77
92.55
92.26
91.78
91.39
91.03
90.82
90.44
90.11
89.83
89.48
89.25
88.89
88.59
88.33
88.03
87.68
87.40
87.12
86.66
86.32
86.01
85.66
85.25
84.80
84.49
84.19
83.92
83.52
83.27
83.01
82.76
82.53
82.31
82.06
81.87
81.65
81.40
81.15
80.77
80.55
80.23
79.97
79.64
79.36
79.00
78.71
78.40
78.13
77.93
77.68
77.48
77.20
76.94
76.56
76.31
75.83
75.41
75.19
74.83
74.50
74.18
73.94
73.70
73.50
73.27
73.04
72.70
72.41
72.05
71.84
71.56
71.22
70.91
70.67
70.67
70.52
70.40
70.13
69.97
69.86
69.74
69.62
69.47
69.31
69.19
68.97
68.82
68.63
68.41
68.23
68.06
67.88
67.71
67.55
67.47
67.29
67.13
66.96
66.84
66.72
66.59
66.45
66.31
66.14
66.01
65.89
65.74
65.61
65.51
65.40
65.20
65.07
64.96
64.84
64.73
64.62
64.50
