84.36
84.16
83.96
83.76
83.53
83.30
82.93
82.54
82.18
81.78
81.44
81.20
80.83
80.46
80.07
79.71
79.38
79.08
78.91
78.69
78.50
78.20
77.85
77.56
77.27
76.93
76.61
76.26
76.00
75.79
75.51
75.31
75.12
74.91
74.65
74.44
74.25
74.04
73.72
73.52
73.23
72.94
72.71
72.52
72.22
72.00
71.66
71.31
71.00
70.80
70.59
70.39
70.20
69.99
69.77
69.56
69.34
68.83
68.40
68.02
67.62
67.62
67.54
67.09
66.77
66.43
66.09
65.72
65.34
64.96
64.60
64.28
63.95
63.61
63.26
62.94
62.58
62.48
62.37
62.25
62.17
62.06
61.93
61.82
61.71
61.59
61.48
61.39
61.29
61.19
61.10
61.00
60.88
60.78
60.69
60.58
60.46
60.36
60.26
60.17
60.06
59.95
59.86
59.70
59.58
59.48
59.37
59.18
59.08
59.00
58.86
58.73
58.62
58.51
58.38
58.25
58.15
58.03
57.93
57.84
57.76
57.64
57.54
57.43
57.33
57.23
57.12
56.94
56.83
56.74
56.64
56.53
56.44
56.34
56.24
56.11
55.93
55.80
55.72
55.62
55.48
55.36
55.24
55.13
54.98
54.88
54.78
54.67
54.58
54.48
54.35
54.23
54.12
53.99
53.87
53.77
53.67
53.57
53.43
53.29
53.18
53.08
52.99
52.88
52.77
52.66
52.55
52.46
52.36
52.25
52.16
52.06
51.93
51.84
51.75
51.63
51.50
51.38
51.29
51.18
51.06
50.95
50.85
50.73
50.63
50.52
50.42
50.31
50.18
50.08
49.94
49.86
49.75
49.66
49.53
49.43
49.31
49.20
49.09
48.99
48.86
48.76
48.66
48.58
48.49
48.40
