93.32
93.11
92.91
92.71
92.49
92.30
92.08
91.77
91.50
91.19
90.91
90.56
90.19
89.84
89.45
89.14
88.84
88.48
88.27
88.06
87.86
87.56
87.21
86.89
86.56
86.18
85.82
85.49
85.17
84.97
84.68
84.49
84.28
84.08
83.80
83.61
83.39
83.21
82.88
82.66
82.39
82.09
81.88
81.68
81.32
81.09
80.78
80.45
80.14
79.94
79.75
79.54
79.34
79.12
78.92
78.72
78.53
78.18
77.86
77.49
77.17
76.78
76.49
76.15
75.85
75.50
75.13
74.78
74.43
74.11
73.77
73.42
73.04
72.73
72.40
72.04
71.72
71.51
71.30
71.10
70.88
70.70
70.49
70.27
70.07
69.87
69.69
69.48
69.28
69.08
68.89
68.69
68.50
68.29
68.06
67.84
67.64
67.43
67.25
67.06
66.85
66.65
66.39
66.18
65.98
65.78
65.78
65.69
65.59
65.47
65.33
65.15
65.06
64.95
64.86
64.72
64.62
64.49
64.39
64.28
64.17
64.05
63.97
63.88
63.76
63.66
63.58
63.43
63.32
63.23
63.15
63.03
62.94
62.85
62.75
62.66
62.50
62.38
62.27
62.14
62.03
61.92
61.83
61.70
61.58
61.48
61.39
61.28
61.19
61.08
60.95
60.83
60.72
60.61
60.53
60.41
60.33
60.20
60.08
59.97
59.88
59.79
59.65
59.52
59.42
59.32
59.21
59.13
59.03
58.94
58.81
58.71
58.58
58.47
58.36
58.23
58.15
58.03
57.91
57.79
57.65
57.55
57.44
57.33
57.22
57.12
57.03
56.90
56.80
56.71
56.64
56.54
56.44
56.35
56.23
56.11
56.03
55.93
55.84
55.74
55.63
55.53
55.42
55.30
55.21
55.11
