81.35
81.11
80.90
80.68
80.47
80.27
80.07
79.72
79.46
79.20
78.87
78.52
78.13
77.82
77.44
77.10
76.81
76.46
76.23
76.01
75.83
75.51
75.20
74.89
74.61
74.27
73.90
73.56
73.27
73.06
72.73
72.53
72.32
72.11
72.11
72.00
71.89
71.77
71.66
71.42
71.33
71.14
70.95
70.84
70.72
70.46
70.34
70.07
69.83
69.62
69.53
69.44
69.33
69.23
69.13
69.03
68.93
68.80
68.60
68.37
68.06
67.83
67.49
67.27
67.06
66.83
66.58
66.37
66.10
65.84
65.60
65.36
65.12
64.87
64.69
64.49
64.23
63.96
63.85
63.75
63.64
63.54
63.44
63.36
63.27
63.16
63.07
62.98
62.89
62.79
62.69
62.61
62.51
62.40
62.29
62.20
62.08
61.92
61.81
61.71
61.60
61.47
61.34
61.16
61.04
60.94
60.83
60.68
60.57
60.48
60.36
60.21
60.12
60.00
59.87
59.75
59.62
59.49
59.40
59.29
59.18
59.05
58.94
58.82
58.73
58.63
58.54
58.36
58.26
58.17
58.05
57.92
57.80
57.70
57.60
57.48
57.30
57.19
57.09
56.99
56.89
56.77
56.67
56.57
56.44
56.33
56.24
56.13
56.02
55.89
55.79
55.70
55.59
55.41
55.32
55.21
55.13
55.00
54.91
54.82
54.73
54.63
54.53
54.42
54.34
54.23
54.13
54.04
53.93
53.85
53.71
53.61
53.52
53.43
53.34
53.24
53.15
53.04
52.93
52.82
52.71
52.59
52.49
52.39
52.31
52.21
52.11
52.01
51.90
51.81
51.73
51.61
51.49
51.40
51.29
51.16
51.05
50.93
50.84
50.73
50.61
50.50
50.42
50.32
50.21
50.11
