94.69
94.50
94.29
94.08
93.86
93.66
93.48
93.15
92.84
92.50
92.11
91.77
91.28
90.92
90.52
90.12
89.63
89.44
89.18
88.97
88.61
88.28
87.96
87.66
87.32
87.11
86.78
86.45
86.14
85.94
85.66
85.47
85.27
85.08
84.84
84.62
84.41
84.07
83.86
83.64
83.26
83.08
82.87
82.55
82.32
82.01
81.68
81.38
81.20
80.99
80.77
80.57
80.37
80.14
79.95
79.75
79.46
79.23
78.72
78.44
78.12
77.73
77.52
77.18
76.73
76.52
76.13
75.66
75.34
74.95
74.57
74.14
73.76
73.35
72.93
72.53
72.31
72.10
71.89
71.68
71.50
71.31
71.11
70.92
70.73
70.55
70.35
70.16
69.95
69.75
69.54
69.34
69.15
68.95
68.75
68.54
68.28
68.09
67.90
67.69
67.47
67.24
66.97
66.77
66.58
66.38
66.07
65.86
65.65
65.47
65.22
65.02
64.80
64.56
64.33
64.14
63.93
63.73
63.50
63.30
63.08
62.87
62.67
62.45
62.24
62.02
61.74
61.52
61.32
61.11
60.89
60.70
60.49
60.29
60.08
60.08
59.98
59.89
59.78
59.66
59.53
59.41
59.29
59.17
59.09
58.97
58.88
58.76
58.66
58.55
58.41
58.32
58.22
58.11
58.00
57.90
57.79
57.65
57.53
57.43
57.32
57.22
57.11
57.00
56.90
56.79
56.71
56.59
56.49
56.37
56.28
56.16
56.07
55.95
55.86
55.74
55.62
55.50
55.42
55.33
55.22
55.10
54.99
54.87
54.78
54.69
54.59
54.47
54.37
54.28
54.19
54.05
53.94
53.84
53.74
53.64
53.53
53.44
53.31
53.22
53.11
53.01
52.87
52.76
52.65
52.54
