72.08
71.89
71.68
71.49
71.28
71.07
70.87
70.53
70.24
69.91
69.59
69.26
69.26
69.03
68.81
68.52
68.29
68.09
67.84
67.71
67.56
67.48
67.28
67.05
66.85
66.63
66.38
66.14
65.92
65.70
65.60
65.44
65.34
65.25
65.17
64.96
64.85
64.75
64.65
64.45
64.35
64.17
63.94
63.80
63.71
63.49
63.36
63.11
62.88
62.69
62.60
62.45
62.34
62.22
62.09
61.97
61.89
61.81
61.59
61.43
61.13
60.90
60.63
60.40
60.20
59.96
59.70
59.43
59.16
58.91
58.66
58.41
58.18
57.95
57.75
57.51
57.27
57.03
56.89
56.80
56.70
56.59
56.47
56.36
56.25
56.13
56.02
55.90
55.81
55.72
55.62
55.50
55.42
55.34
55.23
55.13
55.02
54.88
54.78
54.66
54.56
54.43
54.30
54.13
54.03
53.93
53.83
53.65
53.54
53.44
53.34
53.16
53.06
52.99
52.90
52.78
52.65
52.56
52.45
52.37
52.28
52.15
52.05
51.96
51.84
51.76
51.66
51.46
51.34
51.25
51.14
51.01
50.92
50.80
50.71
50.60
50.43
50.33
50.23
50.14
50.04
49.93
49.84
49.70
49.56
49.47
49.38
49.27
49.18
49.05
48.95
48.82
48.70
48.59
48.49
48.39
48.29
48.16
48.06
47.94
47.82
47.73
47.61
47.50
47.41
47.29
47.20
47.09
47.01
46.88
46.77
46.66
46.55
46.44
46.35
46.22
46.12
45.99
45.89
45.81
45.70
45.60
45.52
45.43
45.32
45.22
45.12
45.02
44.88
44.79
44.65
44.55
44.42
44.31
44.21
44.10
43.97
43.87
43.77
43.66
43.55
43.44
43.31
43.21
43.11
43.02
