89.06
88.82
88.63
88.47
88.24
88.04
87.85
87.53
87.19
86.84
86.51
86.19
85.80
85.51
85.17
84.87
84.53
84.20
83.97
83.73
83.38
82.98
82.60
82.19
81.79
81.40
80.99
80.66
80.42
80.07
79.88
79.66
79.45
79.25
78.97
78.78
78.57
78.37
78.04
77.84
77.84
77.74
77.53
77.43
77.32
77.03
76.95
76.69
76.49
76.29
76.20
76.11
76.01
75.91
75.80
75.68
75.60
75.49
75.30
75.07
74.77
74.55
74.21
74.02
73.80
73.63
73.41
73.21
72.95
72.74
72.46
72.23
72.06
71.79
71.59
71.38
71.11
70.86
70.75
70.66
70.56
70.46
70.34
70.25
70.14
70.05
69.95
69.84
69.74
69.63
69.52
69.43
69.32
69.23
69.15
69.03
68.90
68.77
68.65
68.56
68.46
68.35
68.26
68.08
67.97
67.88
67.77
67.60
67.49
67.38
67.29
67.13
67.03
66.91
66.78
66.65
66.54
66.44
66.34
66.22
66.11
66.01
65.91
65.80
65.70
65.61
65.51
65.34
65.23
65.15
65.02
64.93
64.78
64.68
64.58
64.47
64.31
64.22
64.14
64.04
63.94
63.82
63.72
63.61
63.48
63.39
63.27
63.15
63.06
62.96
62.82
62.73
62.63
62.50
62.39
62.29
62.20
62.07
61.97
61.87
61.79
61.69
61.58
61.46
61.37
61.27
61.14
61.03
60.94
60.81
60.71
60.62
60.51
60.42
60.31
60.18
60.09
59.99
59.88
59.79
59.67
59.55
59.46
59.34
59.23
59.10
59.00
58.89
58.77
58.68
58.60
58.48
58.37
58.27
58.16
58.05
57.94
57.83
57.73
57.63
57.52
57.41
57.27
57.17
57.09
57.01
