92.37
92.15
91.92
91.72
91.53
91.30
91.07
90.75
90.48
90.21
89.86
89.53
89.15
88.84
88.50
88.19
87.89
87.59
87.39
87.16
86.92
86.60
86.31
85.97
85.51
85.19
84.85
84.53
84.33
84.02
83.82
83.62
83.44
83.24
83.00
82.81
82.58
82.21
82.00
81.79
81.34
81.15
80.94
80.58
80.35
79.96
79.57
79.18
78.99
78.81
78.62
78.43
78.24
78.00
77.79
77.60
77.20
76.87
76.50
76.17
75.84
75.38
75.04
74.62
74.24
73.86
73.45
73.04
72.63
72.44
72.12
71.79
71.43
71.12
70.78
70.42
70.07
69.85
69.64
69.42
69.21
69.00
68.79
68.59
68.38
68.17
67.94
67.74
67.53
67.35
67.13
66.91
66.73
66.53
66.31
66.09
65.87
65.67
65.45
65.24
65.04
64.81
64.54
64.34
64.16
63.93
63.62
63.40
63.20
62.99
62.71
62.50
62.31
62.12
61.88
61.66
61.45
61.24
61.01
60.82
60.57
60.37
60.18
59.99
59.78
59.58
59.58
59.49
59.37
59.28
59.20
59.08
58.93
58.83
58.73
58.62
58.45
58.34
58.22
58.10
58.00
57.88
57.77
57.66
57.53
57.43
57.34
57.23
57.13
57.03
56.90
56.78
56.70
56.61
56.48
56.38
56.29
56.15
56.05
55.94
55.82
55.73
55.63
55.50
55.37
55.27
55.16
55.05
54.97
54.85
54.73
54.63
54.52
54.43
54.34
54.22
54.08
53.96
53.83
53.70
53.62
53.51
53.42
53.30
53.21
53.12
53.02
52.89
52.77
52.68
52.54
52.44
52.35
52.25
52.13
52.03
51.92
51.82
51.71
51.61
51.51
51.40
51.27
51.15
51.03
50.94
