87.79
87.50
87.28
87.06
86.82
86.48
86.28
85.95
85.64
85.35
85.07
84.74
84.52
84.22
83.92
83.60
83.34
83.03
82.73
82.41
82.13
81.84
81.50
81.29
80.95
80.73
80.54
80.18
79.85
79.55
79.25
78.99
78.79
78.48
78.18
77.89
77.57
77.30
76.99
76.67
76.38
76.08
75.79
75.50
75.21
74.86
74.57
74.23
73.93
73.63
73.28
72.94
72.65
72.36
72.04
71.71
71.35
71.01
70.64
70.31
69.95
69.63
69.33
68.98
68.67
68.35
67.95
67.65
67.44
67.25
67.02
66.81
66.59
66.37
66.13
65.82
65.53
65.31
65.11
64.83
64.54
64.28
63.99
63.63
63.33
63.04
62.73
62.52
62.30
62.03
61.83
61.60
61.39
61.17
60.95
60.59
60.29
59.96
59.96
59.81
59.61
59.36
59.28
59.13
58.97
58.73
58.51
58.34
58.09
57.85
57.58
57.32
57.13
56.93
56.68
56.48
56.21
56.08
55.88
55.67
55.49
55.27
55.04
54.84
54.60
54.35
54.11
53.87
53.77
53.64
53.44
53.27
53.17
53.06
52.89
52.77
52.62
52.48
52.36
52.24
52.11
52.02
51.92
51.81
51.71
51.61
51.45
51.34
51.19
51.09
50.94
50.85
50.75
50.63
50.52
50.43
50.34
50.24
50.15
50.04
49.92
49.79
49.69
49.55
49.43
49.31
49.21
49.12
49.01
48.87
48.77
48.65
48.52
48.42
48.31
48.20
48.09
47.99
47.91
47.76
47.66
47.55
47.44
47.33
47.26
47.16
47.06
46.92
46.80
46.68
46.57
46.48
46.37
46.26
46.18
46.10
45.99
45.87
45.75
45.64
45.53
45.41
45.30
45.17
45.07
44.96
44.87
44.75
44.64
44.54
44.40
44.31
44.18
44.09
43.95
43.81
43.69
43.58
43.42
43.34
43.24
43.13
43.04
42.91
42.82
42.71
42.60
42.49
42.38
42.27
42.17
42.06
41.94
41.83
41.73
41.61
41.48
41.39
41.25
41.16
41.06
40.93
40.83
40.73
40.61
40.49
