87.42
87.14
86.94
86.75
86.51
86.23
86.04
85.68
85.36
85.08
84.78
84.49
84.27
83.91
83.57
83.26
82.96
82.61
82.30
82.02
81.74
81.45
81.12
80.89
80.53
80.30
79.97
79.61
79.29
78.95
78.64
78.41
78.09
77.87
77.55
77.25
76.89
76.60
76.25
75.82
75.57
75.21
74.87
74.53
74.16
73.83
73.48
73.15
72.78
72.49
72.18
71.94
71.63
71.32
71.00
70.63
70.19
69.90
69.55
69.24
68.94
68.72
68.30
67.98
67.76
67.44
67.44
67.27
67.08
66.95
66.82
66.70
66.59
66.48
66.36
66.25
66.03
65.85
65.74
65.60
65.42
65.21
65.02
64.80
64.60
64.35
64.16
63.99
63.90
63.82
63.64
63.54
63.44
63.32
63.22
63.10
62.86
62.67
62.45
62.28
62.10
61.88
61.78
61.66
61.55
61.36
61.12
60.89
60.64
60.41
60.20
59.96
59.73
59.54
59.31
59.10
58.89
58.79
58.58
58.40
58.18
57.97
57.78
57.58
57.34
57.11
56.91
56.66
56.54
56.42
56.23
56.00
55.92
55.83
55.63
55.48
55.31
55.18
55.08
54.97
54.87
54.73
54.62
54.48
54.38
54.28
54.10
53.99
53.87
53.77
53.65
53.53
53.43
53.32
53.22
53.13
53.01
52.90
52.78
52.69
52.56
52.44
52.35
52.23
52.12
52.02
51.92
51.79
51.68
51.54
51.42
51.30
51.16
51.05
50.94
50.83
50.72
50.63
50.54
50.40
50.30
50.20
50.08
49.97
49.86
49.75
49.64
49.51
49.41
49.31
49.21
49.11
48.99
48.86
48.77
48.67
48.54
48.44
48.31
48.19
48.09
47.99
47.86
47.77
47.68
47.56
47.45
47.29
47.18
47.07
46.97
46.86
46.74
46.62
46.50
46.38
46.27
46.15
46.02
45.91
45.82
45.71
45.62
45.51
45.40
45.30
45.19
45.06
44.97
44.84
44.74
44.64
44.50
44.39
44.29
44.15
44.02
43.92
43.80
43.70
43.60
43.50
43.40
43.29
43.17
43.07
