89.03
88.80
88.59
88.36
88.14
87.82
87.61
87.34
87.03
86.73
86.39
86.09
85.90
85.61
85.29
85.00
84.69
84.21
83.83
83.46
83.11
82.89
82.62
82.42
82.15
81.93
81.56
81.21
80.83
80.48
80.09
79.91
79.56
79.21
78.81
78.37
77.98
77.58
77.36
77.00
76.68
76.39
76.06
75.75
75.46
75.13
74.80
74.49
74.15
73.81
73.52
73.21
72.90
72.65
72.33
72.01
71.65
71.31
71.00
70.67
70.31
69.96
69.69
69.33
69.04
68.70
68.33
68.00
67.76
67.56
67.36
67.15
66.93
66.70
66.36
66.05
65.84
65.64
65.36
65.01
64.67
64.38
64.07
63.72
63.39
63.10
62.90
62.65
62.45
62.13
61.91
61.71
61.53
61.32
61.11
60.81
60.54
60.24
59.90
59.59
59.28
59.07
58.86
58.64
58.36
57.84
57.40
57.03
56.58
56.22
55.83
55.43
55.21
54.89
54.57
54.57
54.38
54.26
54.06
53.86
53.61
53.41
53.23
53.04
52.86
52.62
52.42
52.17
52.04
51.90
51.72
51.48
51.36
51.25
51.04
50.91
50.77
50.67
50.58
50.48
50.36
50.26
50.17
50.09
49.99
49.90
49.74
49.65
49.54
49.41
49.30
49.19
49.09
48.97
48.88
48.79
48.66
48.55
48.44
48.34
48.21
48.10
47.98
47.86
47.72
47.64
47.56
47.45
47.34
47.24
47.14
47.02
46.87
46.77
46.64
46.52
46.41
46.30
46.19
46.08
45.98
45.87
45.73
45.62
45.52
45.43
45.32
45.21
45.11
45.02
44.92
44.82
44.73
44.60
44.49
44.38
44.25
44.13
44.04
43.93
43.83
43.72
43.63
43.53
43.42
43.32
43.19
43.07
42.97
42.86
42.76
42.63
42.55
42.44
42.35
42.24
42.12
42.03
41.91
41.81
41.70
41.60
41.48
41.39
41.26
41.13
40.99
40.89
40.77
40.68
40.55
40.43
40.28
40.19
40.09
39.98
39.88
39.76
39.63
39.51
39.37
39.27
39.18
39.07
38.95
38.86
