88.45
88.16
87.96
87.74
87.54
87.25
87.07
86.76
86.45
86.16
85.84
85.52
85.33
85.01
84.68
84.38
84.10
83.79
83.49
83.24
82.94
82.64
82.34
82.13
81.84
81.64
81.42
81.04
80.72
80.45
80.17
79.88
79.69
79.39
79.14
78.83
78.45
78.15
77.86
77.52
77.26
76.97
76.65
76.36
76.04
75.74
75.44
75.06
74.71
74.44
74.09
73.77
73.48
73.21
72.89
72.57
72.21
71.90
71.60
71.24
70.90
70.58
70.29
69.96
69.61
69.28
68.96
68.67
68.49
68.26
68.01
67.81
67.60
67.37
67.14
66.80
66.49
66.26
66.01
65.72
65.40
65.14
64.86
64.53
64.23
63.93
63.62
63.38
63.17
62.88
62.64
62.43
62.21
61.99
61.76
61.42
61.12
60.78
60.48
60.14
59.81
59.61
59.38
59.18
58.88
58.58
58.22
57.84
57.46
57.12
56.83
56.51
56.23
55.91
55.60
55.25
55.03
54.71
54.39
54.04
53.71
53.38
53.06
52.76
52.44
52.44
52.30
52.06
51.94
51.83
51.60
51.41
51.29
51.19
51.00
50.88
50.67
50.54
50.43
50.32
50.24
50.11
50.01
49.91
49.80
49.69
49.52
49.39
49.28
49.18
49.07
48.98
48.90
48.81
48.70
48.60
48.44
48.31
48.19
48.11
47.98
47.85
47.75
47.63
47.51
47.42
47.32
47.22
47.10
46.95
46.85
46.76
46.65
46.53
46.44
46.31
46.21
46.11
46.00
45.86
45.77
45.66
45.54
45.42
45.31
45.22
45.13
45.04
44.94
44.83
44.69
44.57
44.43
44.31
44.19
44.08
43.96
43.84
43.73
43.62
43.52
43.42
43.30
43.21
43.10
43.00
42.88
42.76
42.64
42.48
42.34
42.25
42.16
42.07
41.96
41.85
41.73
41.63
41.54
41.39
41.30
41.22
41.10
41.01
40.94
40.82
40.70
40.60
40.50
40.38
40.27
40.13
39.96
39.84
39.75
39.64
39.52
39.41
39.27
39.17
39.05
38.95
38.83
38.71
38.60
38.50
