88.78
88.54
88.33
88.13
87.91
87.63
87.43
87.14
86.79
86.51
86.21
85.92
85.73
85.40
85.06
84.75
84.46
84.13
83.77
83.43
83.11
82.81
82.50
82.28
81.95
81.75
81.55
81.22
80.93
80.58
80.26
79.97
79.77
79.50
79.20
78.90
78.60
78.19
77.82
77.52
77.17
76.84
76.54
76.16
75.80
75.52
75.29
74.99
74.60
74.26
73.91
73.60
73.25
72.94
72.65
72.35
72.01
71.71
71.37
71.02
70.70
70.34
70.02
69.67
69.33
69.04
68.73
68.40
68.18
67.96
67.76
67.57
67.34
67.13
66.92
66.60
66.26
66.05
65.85
65.40
65.01
64.66
64.30
63.94
63.58
63.19
62.99
62.78
62.56
62.26
62.02
61.78
61.57
61.36
61.06
60.72
60.42
60.10
59.79
59.49
59.25
59.05
58.83
58.61
58.20
57.98
57.65
57.30
56.95
56.64
56.36
56.04
55.73
55.43
54.97
54.97
54.87
54.54
54.19
53.87
53.56
53.25
52.93
52.61
52.48
52.26
52.07
51.87
51.74
51.62
51.40
51.26
51.14
51.02
50.85
50.74
50.58
50.45
50.34
50.23
50.14
50.02
49.88
49.79
49.69
49.58
49.41
49.34
49.24
49.14
49.04
48.92
48.82
48.72
48.61
48.51
48.40
48.29
48.19
48.07
47.95
47.83
47.71
47.58
47.46
47.37
47.26
47.14
47.02
46.89
46.78
46.63
46.51
46.40
46.30
46.15
46.03
45.94
45.83
45.71
45.61
45.48
45.36
45.25
45.15
45.03
44.91
44.80
44.72
44.60
44.48
44.39
44.27
44.14
44.03
43.94
43.84
43.72
43.62
43.48
43.37
43.29
43.17
43.07
42.98
42.84
42.72
42.60
42.51
42.38
42.26
42.16
42.04
41.95
41.85
41.73
41.62
41.52
41.40
41.30
41.19
41.09
41.01
40.86
40.75
40.63
40.55
40.44
40.31
40.20
40.12
40.01
39.88
39.75
39.62
39.50
39.40
39.28
39.18
39.10
38.99
38.89
38.79
38.69
38.57
38.45
