87.54
87.30
87.09
86.90
86.56
86.36
86.06
85.69
85.39
85.08
84.74
84.54
84.34
84.05
83.73
83.42
83.13
82.79
82.46
82.13
81.82
81.52
81.27
81.04
80.71
80.51
80.31
79.97
79.67
79.37
79.03
78.74
78.52
78.21
77.89
77.58
77.22
76.91
76.57
76.24
75.92
75.63
75.31
74.98
74.70
74.39
74.13
73.85
73.54
73.18
72.89
72.58
72.28
72.00
71.70
71.38
71.02
70.71
70.39
70.04
69.67
69.35
69.05
68.74
68.44
68.17
67.82
67.82
67.71
67.59
67.50
67.38
67.29
67.15
67.03
66.94
66.71
66.51
66.39
66.25
66.04
65.79
65.62
65.41
65.20
64.99
64.83
64.61
64.47
64.38
64.24
64.13
64.00
63.88
63.78
63.67
63.46
63.29
63.06
62.81
62.57
62.35
62.23
62.13
62.00
61.74
61.50
61.22
61.01
60.80
60.55
60.35
60.11
59.88
59.64
59.42
59.19
59.08
58.89
58.68
58.45
58.26
58.05
57.85
57.61
57.32
57.13
56.88
56.77
56.68
56.51
56.33
56.22
56.13
55.96
55.82
55.68
55.55
55.46
55.35
55.24
55.14
55.04
54.92
54.83
54.75
54.61
54.49
54.39
54.27
54.17
54.03
53.89
53.79
53.70
53.57
53.45
53.35
53.24
53.14
53.01
52.89
52.80
52.67
52.56
52.44
52.34
52.25
52.16
52.01
51.89
51.82
51.69
51.56
51.44
51.35
51.25
51.15
51.04
50.91
50.79
50.68
50.54
50.42
50.34
50.24
50.16
50.05
49.94
49.83
49.73
49.61
49.50
49.35
49.24
49.10
49.01
48.89
48.76
48.63
48.51
48.41
48.33
48.23
48.10
48.00
47.89
47.77
47.69
47.59
47.47
47.37
47.25
47.14
47.04
46.94
46.84
46.75
46.62
46.50
46.38
46.25
46.17
46.04
45.94
45.84
45.73
45.63
45.51
45.44
45.34
45.20
45.09
44.98
44.90
44.79
44.67
44.58
44.46
44.36
44.24
44.15
44.05
43.93
43.82
43.73
