88.81
88.53
88.32
88.11
87.75
87.55
87.36
87.01
86.68
86.41
86.06
85.75
85.55
85.24
84.90
84.55
84.26
83.95
83.65
83.30
83.01
82.71
82.39
82.19
81.90
81.67
81.48
81.18
80.88
80.58
80.26
79.96
79.77
79.51
79.26
78.94
78.60
78.31
77.98
77.68
77.34
77.01
76.70
76.34
76.03
75.72
75.43
75.11
74.76
74.48
74.15
73.83
73.49
73.23
72.91
72.62
72.25
71.93
71.62
71.31
70.97
70.64
70.30
70.01
69.71
69.40
69.03
68.76
68.53
68.31
68.12
67.90
67.69
67.47
67.25
66.91
66.62
66.44
66.23
65.93
65.64
65.29
64.98
64.62
64.32
64.04
63.76
63.55
63.35
63.35
63.22
63.11
62.99
62.88
62.75
62.63
62.40
62.21
61.97
61.74
61.56
61.34
61.23
61.14
61.00
60.81
60.37
60.05
59.72
59.34
59.07
58.74
58.43
58.32
58.11
57.88
57.59
57.46
57.24
56.99
56.77
56.59
56.36
56.15
55.92
55.69
55.48
55.28
55.17
55.06
54.85
54.64
54.53
54.44
54.25
54.14
53.94
53.83
53.74
53.63
53.53
53.43
53.33
53.22
53.12
53.03
52.86
52.74
52.63
52.54
52.44
52.33
52.24
52.12
51.99
51.89
51.76
51.64
51.56
51.46
51.35
51.18
51.06
50.93
50.78
50.69
50.58
50.48
50.33
50.20
50.12
50.02
49.92
49.80
49.70
49.59
49.48
49.39
49.28
49.17
49.08
48.98
48.86
48.75
48.60
48.52
48.43
48.32
48.22
48.10
48.00
47.90
47.80
47.68
47.59
47.48
47.38
47.29
47.18
47.03
46.94
46.85
46.71
46.60
46.52
46.41
46.30
46.22
46.12
46.01
45.89
45.80
45.69
45.60
45.50
45.41
45.31
45.20
45.10
44.97
44.87
44.77
44.65
44.53
44.41
44.28
44.17
44.05
43.91
43.80
43.68
43.56
43.44
43.31
43.20
43.08
42.94
42.85
42.76
42.64
42.52
42.42
42.31
42.20
42.06
41.94
