87.16
86.89
86.66
86.43
86.21
85.93
85.72
85.42
85.09
84.79
84.45
84.11
83.80
83.47
83.25
82.74
82.40
82.03
81.75
81.37
81.16
80.85
80.51
80.30
79.97
79.76
79.56
79.24
78.94
78.60
78.27
77.99
77.78
77.47
77.20
76.88
76.51
76.20
75.84
75.53
75.24
74.95
74.58
74.27
73.95
73.59
73.28
73.28
73.13
72.86
72.66
72.43
72.22
72.01
71.78
71.57
71.33
71.06
70.82
70.59
70.38
70.13
69.91
69.67
69.43
69.19
68.95
68.69
68.49
68.40
68.29
68.14
68.03
67.92
67.82
67.70
67.48
67.26
67.13
67.00
66.84
66.60
66.40
66.19
65.93
65.71
65.53
65.31
65.18
65.07
64.89
64.76
64.65
64.53
64.42
64.31
64.09
63.92
63.69
63.49
63.29
63.04
62.94
62.84
62.71
62.48
62.25
62.00
61.77
61.55
61.30
61.08
60.84
60.61
60.35
60.14
59.83
59.70
59.48
59.27
59.09
58.89
58.70
58.50
58.32
58.08
57.91
57.70
57.59
57.46
57.22
57.04
56.91
56.81
56.61
56.50
56.29
56.17
56.06
55.96
55.86
55.76
55.66
55.56
55.47
55.37
55.21
55.10
54.98
54.85
54.76
54.66
54.54
54.42
54.33
54.22
54.12
54.01
53.91
53.79
53.66
53.58
53.44
53.32
53.18
53.06
52.97
52.84
52.73
52.64
52.53
52.41
52.26
52.15
52.04
51.94
51.84
51.71
51.61
51.46
51.38
51.25
51.15
51.05
50.95
50.81
50.72
50.64
50.56
50.46
50.33
50.23
50.12
49.97
49.86
49.75
49.64
49.53
49.43
49.32
49.21
49.10
48.99
48.86
48.75
48.63
48.53
48.41
48.28
48.16
48.07
47.95
47.82
47.70
47.61
47.49
47.37
47.24
47.13
47.02
46.91
46.82
46.71
46.58
46.48
46.38
46.27
46.18
46.06
45.97
45.88
45.80
45.68
45.54
45.42
45.29
45.14
45.04
44.95
44.85
44.72
44.63
44.54
44.42
44.30
44.19
