88.21
87.97
87.76
87.56
87.35
87.07
86.84
86.48
86.18
85.91
85.61
85.27
85.06
84.74
84.40
84.11
83.80
83.46
83.15
82.85
82.44
82.12
81.92
81.71
81.36
81.13
80.91
80.58
80.28
79.95
79.62
79.33
79.12
78.81
78.51
78.22
77.90
77.58
77.25
76.76
76.53
76.04
75.65
75.31
75.00
74.69
74.36
74.03
73.71
73.31
72.93
72.71
72.39
72.08
71.74
71.34
70.99
70.70
70.39
70.07
69.70
69.33
68.97
68.59
68.39
68.10
67.78
67.51
67.31
67.10
66.88
66.67
66.44
66.22
66.03
65.73
65.44
65.25
65.03
64.70
64.37
64.06
63.77
63.51
63.22
62.91
62.62
62.40
62.21
61.97
61.75
61.53
61.31
61.12
60.92
60.59
60.29
59.99
59.66
59.34
58.99
58.80
58.58
58.34
58.03
57.70
57.33
56.99
56.68
56.22
55.87
55.50
55.09
54.77
54.43
54.21
53.99
53.66
53.39
53.09
52.79
52.49
52.21
51.69
51.27
50.86
50.67
50.47
50.13
49.80
49.60
49.41
49.22
48.93
48.48
48.28
48.06
47.83
47.61
47.36
47.15
46.91
46.69
46.49
46.29
46.29
46.16
46.02
45.91
45.80
45.67
45.53
45.43
45.32
45.20
45.06
44.95
44.84
44.72
44.60
44.47
44.36
44.24
44.15
44.04
43.93
43.79
43.67
43.55
43.41
43.33
43.23
43.15
43.02
42.91
42.79
42.66
42.53
42.43
42.29
42.16
42.04
41.93
41.82
41.72
41.61
41.52
41.40
41.29
41.16
41.04
40.93
40.81
40.66
40.54
40.44
40.28
40.17
40.05
39.92
39.82
39.71
39.62
39.52
39.42
39.30
39.19
39.07
38.97
38.82
38.72
38.60
38.49
38.38
38.25
38.10
37.99
37.86
37.74
37.60
37.52
37.42
37.33
37.21
37.09
36.97
36.87
36.79
36.70
36.59
36.50
36.37
36.24
36.10
36.01
35.89
35.78
35.67
35.55
35.45
35.32
35.24
35.15
35.05
34.94
34.84
