87.23
86.94
86.71
86.47
86.25
85.99
85.79
85.50
85.17
84.86
84.55
84.20
84.00
83.70
83.38
83.06
82.77
82.44
82.16
81.82
81.51
81.25
80.90
80.69
80.37
80.14
79.96
79.64
79.34
79.02
78.70
78.37
78.17
77.89
77.59
77.28
76.95
76.95
76.82
76.61
76.37
76.15
75.96
75.75
75.51
75.27
75.08
74.83
74.57
74.32
74.12
73.91
73.66
73.44
73.23
73.01
72.75
72.54
72.35
72.16
71.93
71.69
71.48
71.30
71.04
70.84
70.64
70.40
70.23
70.09
70.00
69.86
69.76
69.64
69.50
69.37
69.16
68.96
68.86
68.71
68.54
68.28
68.07
67.87
67.60
67.44
67.26
67.09
66.98
66.89
66.74
66.62
66.51
66.40
66.30
66.18
65.96
65.77
65.59
65.35
65.16
64.95
64.86
64.75
64.63
64.40
64.17
63.97
63.72
63.46
63.23
62.99
62.79
62.54
62.31
62.08
61.82
61.72
61.51
61.32
61.06
60.90
60.65
60.48
60.29
60.05
59.84
59.61
59.50
59.39
59.22
59.06
58.96
58.86
58.66
58.52
58.28
58.15
58.04
57.89
57.74
57.60
57.49
57.39
57.30
57.20
56.99
56.88
56.76
56.64
56.47
56.33
56.23
56.13
56.00
55.89
55.77
55.67
55.57
55.46
55.32
55.21
55.10
55.00
54.88
54.77
54.68
54.57
54.47
54.35
54.24
54.13
54.00
53.89
53.77
53.67
53.57
53.47
53.37
53.26
53.17
53.05
52.92
52.79
52.65
52.52
52.42
52.28
52.18
52.07
51.97
51.88
51.75
51.64
51.54
51.45
51.31
51.19
51.07
50.95
50.84
50.76
50.65
50.53
50.44
50.30
50.20
50.07
49.96
49.86
49.72
49.61
49.48
49.35
49.24
49.12
49.01
48.91
48.78
48.65
48.56
48.45
48.34
48.22
48.12
47.96
47.83
47.70
47.57
47.44
47.33
47.23
47.11
46.97
46.87
46.73
46.59
46.47
46.35
46.24
46.13
46.04
45.93
45.82
45.70
45.58
