89.07
88.80
88.61
88.39
88.13
87.81
87.60
87.26
86.92
86.61
86.33
86.01
85.63
85.21
84.84
84.49
84.16
83.80
83.47
83.23
82.90
82.62
82.35
81.97
81.75
81.55
81.33
81.03
80.73
80.42
80.15
79.83
79.50
79.17
78.83
78.49
78.11
77.78
77.42
77.10
76.76
76.57
76.24
75.77
75.40
75.05
74.70
74.30
73.91
73.71
73.37
73.07
72.75
72.46
72.02
71.69
71.38
71.03
70.67
70.27
69.94
69.58
69.24
69.03
68.69
68.38
68.09
67.79
67.56
67.37
67.15
66.93
66.74
66.55
66.32
65.98
65.66
65.47
65.28
65.04
64.74
64.42
64.14
63.81
63.51
63.19
62.90
62.68
62.47
62.20
61.96
61.73
61.51
61.31
61.10
60.76
60.48
60.17
59.89
59.60
59.29
59.07
58.84
58.61
58.30
58.00
57.68
57.36
57.04
56.69
56.37
56.07
55.75
55.46
55.01
54.75
54.40
54.01
53.60
53.19
52.83
52.47
52.05
51.85
51.54
51.54
51.42
51.22
51.11
51.02
50.79
50.58
50.48
50.36
50.17
50.05
49.90
49.78
49.65
49.54
49.41
49.29
49.17
49.05
48.97
48.87
48.70
48.58
48.45
48.34
48.22
48.10
48.00
47.88
47.78
47.69
47.57
47.46
47.34
47.24
47.12
47.00
46.89
46.74
46.62
46.50
46.39
46.27
46.16
46.04
45.95
45.85
45.76
45.65
45.53
45.41
45.29
45.18
45.08
44.94
44.83
44.73
44.61
44.49
44.35
44.21
44.12
44.02
43.92
43.82
43.71
43.62
43.48
43.36
43.24
43.13
43.03
42.93
42.77
42.65
42.54
42.42
42.29
42.18
42.10
41.99
41.89
41.74
41.61
41.46
41.35
41.23
41.10
41.00
40.86
40.74
40.62
40.52
40.39
40.28
40.18
40.08
39.99
39.84
39.74
39.64
39.53
39.43
39.32
39.22
39.11
38.99
38.88
38.74
38.63
38.48
38.33
38.23
38.12
38.02
37.91
37.81
37.69
37.59
37.48
37.37
