91.31
91.11
90.89
90.67
90.46
90.22
90.00
89.78
89.56
89.35
89.15
88.95
88.75
88.54
88.31
88.10
87.88
87.65
87.46
87.26
87.03
86.81
86.56
86.34
86.12
85.91
85.69
85.47
85.26
85.05
84.83
84.62
84.40
84.18
83.98
83.75
83.53
83.28
83.07
82.85
82.61
82.38
82.17
81.95
81.76
81.54
81.30
81.08
80.84
80.61
80.40
80.17
79.95
79.74
79.47
79.27
79.05
78.86
78.65
78.42
78.22
78.01
77.81
77.61
77.42
77.18
76.99
76.78
76.38
76.16
75.95
75.72
75.50
75.28
75.03
74.82
74.56
74.39
74.18
73.97
73.79
73.58
73.37
73.15
72.96
72.76
72.56
72.34
72.13
71.93
71.70
71.53
71.31
71.10
70.90
70.69
70.51
70.30
70.08
69.88
69.54
69.34
69.11
68.90
68.68
68.49
68.29
68.08
67.87
67.61
67.41
67.19
66.99
66.77
66.43
66.20
65.97
65.76
65.51
65.31
65.12
64.92
64.92
64.82
64.69
64.57
64.46
64.36
64.26
64.12
63.99
63.88
63.77
63.68
63.55
63.45
63.35
63.24
63.13
63.03
62.91
62.81
62.69
62.46
62.34
62.23
62.12
62.00
61.88
61.77
61.66
61.52
61.41
61.29
61.06
60.96
