71.73
71.50
71.26
71.01
70.79
70.49
70.23
70.23
70.07
69.85
69.63
69.34
69.10
68.87
68.63
68.42
68.20
67.93
67.69
67.46
67.23
66.97
66.75
66.53
66.26
66.03
65.84
65.64
65.39
65.23
64.99
64.77
64.55
64.36
64.02
63.81
63.57
63.35
63.24
63.12
62.92
62.73
62.51
62.29
61.98
61.81
61.50
61.22
61.10
60.99
60.82
60.71
60.58
60.50
60.38
60.26
60.12
60.01
59.87
59.76
59.65
59.52
59.38
59.26
59.11
58.98
58.88
58.71
58.58
58.40
58.14
57.93
57.84
57.71
57.58
57.45
57.37
57.29
57.17
57.06
56.93
56.78
56.70
56.59
56.39
56.23
56.06
55.92
55.79
55.68
55.57
55.47
55.20
55.03
54.92
54.64
54.49
54.33
54.11
53.92
53.71
53.51
53.21
52.98
52.87
52.65
52.46
52.34
52.13
51.95
51.72
51.51
51.27
51.06
50.86
50.65
50.39
50.31
50.07
49.92
49.69
49.53
49.34
49.13
48.91
48.74
48.47
48.24
48.13
47.90
47.74
47.51
47.33
47.11
46.88
46.78
46.66
46.50
46.30
46.20
45.97
45.82
45.64
45.50
45.40
45.29
45.18
45.00
44.90
44.77
44.62
44.50
44.34
44.18
44.10
43.95
43.82
43.69
43.49
43.40
43.22
43.11
43.02
42.90
42.76
42.66
42.53
42.43
42.28
42.18
42.05
41.95
41.84
41.72
41.60
41.49
41.40
