71.89
71.68
71.45
71.22
71.03
70.63
70.41
69.95
69.54
69.32
68.86
68.47
68.29
67.86
67.51
67.12
66.72
66.49
66.02
65.68
65.27
64.88
64.51
64.13
63.93
63.53
63.12
62.74
62.27
61.90
61.70
61.39
61.03
60.74
60.40
60.08
59.74
59.51
59.30
59.30
59.15
58.96
58.75
58.51
58.26
58.10
57.89
57.65
57.54
57.43
57.25
57.14
56.91
56.77
56.66
56.48
56.32
56.14
56.04
55.95
55.81
55.64
55.51
55.40
55.29
55.16
55.06
54.89
54.76
54.60
54.45
54.24
54.12
53.97
53.85
53.72
53.63
53.53
53.45
53.32
53.19
53.07
52.93
52.79
52.61
52.46
52.31
52.21
52.08
51.96
51.86
51.74
51.54
51.39
51.29
51.13
50.94
50.85
50.64
50.45
50.27
50.05
49.71
49.51
49.38
49.12
48.90
48.80
48.61
48.40
48.16
47.97
47.78
47.59
47.39
47.15
46.95
46.85
46.64
46.46
46.25
46.08
45.93
45.69
45.50
45.42
45.16
44.96
44.82
44.62
44.46
44.25
44.06
43.86
43.64
43.51
43.41
43.29
43.09
42.98
42.73
42.57
42.45
42.36
42.25
42.14
42.01
41.87
41.80
41.68
41.55
41.44
41.33
41.21
41.10
40.97
40.85
40.76
40.60
40.50
40.36
40.26
40.10
40.01
39.87
39.74
39.61
39.47
39.32
39.23
39.06
38.96
38.84
38.72
38.61
38.49
38.41
