73.94
73.72
73.48
73.24
73.03
72.75
72.50
72.16
71.80
71.49
71.20
70.84
70.52
70.20
69.76
69.43
69.16
68.88
68.57
68.25
67.87
67.56
67.24
66.94
66.59
66.28
65.89
65.56
65.30
64.96
64.67
64.37
64.08
63.70
63.36
63.03
62.73
62.50
62.28
61.96
61.66
61.39
61.06
60.75
60.45
60.12
59.79
59.49
59.29
59.03
58.84
58.52
58.30
58.05
57.81
57.55
57.31
57.09
56.87
56.63
56.43
56.24
56.04
55.82
55.55
55.33
55.08
54.83
54.52
54.22
53.88
53.65
53.43
53.21
53.01
52.82
52.61
52.38
52.15
51.93
51.64
51.43
51.24
50.93
50.69
50.47
50.24
50.01
49.78
49.52
49.31
49.02
48.77
48.53
48.29
48.03
47.81
47.54
47.29
46.96
46.66
46.25
45.94
45.71
45.38
45.07
44.70
44.48
44.05
43.76
43.24
43.00
42.63
42.33
42.05
41.68
41.49
41.49
41.32
41.16
40.97
40.80
40.44
40.15
40.04
39.72
39.38
39.26
38.92
38.81
38.44
38.11
37.81
37.48
37.36
37.26
37.15
36.96
36.74
36.66
36.42
36.23
36.05
35.94
35.82
35.68
35.54
35.43
35.27
35.13
35.01
34.91
34.70
34.53
34.43
34.26
34.13
34.02
33.79
33.67
33.53
33.44
33.33
33.22
33.11
32.98
32.86
32.72
32.54
32.42
32.32
32.23
32.11
31.96
31.86
31.75
31.64
