72.84
72.61
72.39
72.17
71.95
71.70
71.35
71.06
70.69
70.29
69.99
69.68
69.36
69.07
68.74
68.43
68.09
67.81
67.54
67.23
66.89
66.59
66.28
66.00
65.61
65.29
64.97
64.64
64.34
64.02
63.71
63.41
63.04
62.75
62.44
62.14
61.83
61.61
61.37
61.06
60.73
60.44
60.11
59.77
59.50
59.18
58.83
58.61
58.39
58.15
57.90
57.61
57.37
57.18
56.99
56.75
56.52
56.28
56.08
55.87
55.64
55.36
55.12
54.90
54.67
54.47
54.16
53.94
53.64
53.30
52.92
52.71
52.47
52.22
52.01
51.82
51.60
51.38
51.12
50.90
50.67
50.45
50.27
50.02
49.81
49.59
49.38
49.17
48.94
48.72
48.52
48.27
48.05
47.85
47.58
47.29
47.05
46.71
46.46
46.09
45.74
45.34
45.00
44.79
44.44
44.44
44.29
44.21
43.97
43.78
43.53
43.31
43.07
42.84
42.62
42.40
42.18
42.05
41.82
41.66
41.40
41.24
41.13
40.88
40.69
40.57
40.30
40.08
39.93
39.70
39.56
39.31
39.15
38.97
38.72
38.62
38.49
38.37
38.18
38.08
37.82
37.64
37.45
37.32
37.22
37.06
36.96
36.84
36.66
36.54
36.44
36.32
36.14
36.00
35.91
35.77
35.65
35.54
35.33
35.24
35.11
35.01
34.88
34.78
34.64
34.57
34.46
34.35
34.22
34.05
33.95
33.85
33.74
33.58
33.43
33.31
33.23
