72.58
72.36
72.11
71.90
71.69
71.42
71.06
70.73
70.42
70.05
69.78
69.27
68.88
68.68
68.38
68.06
67.71
67.40
67.12
66.81
66.45
66.17
65.83
65.52
65.00
64.82
64.48
64.16
63.81
63.43
63.13
62.85
62.51
62.19
61.87
61.62
61.28
61.07
60.86
60.55
60.23
59.90
59.58
59.25
58.98
58.69
58.38
58.16
57.95
57.74
57.54
57.23
56.98
56.75
56.55
56.34
56.06
55.83
55.61
55.40
55.18
54.98
54.76
54.44
54.20
54.01
53.72
53.51
53.24
52.95
52.57
52.34
52.14
51.94
51.74
51.54
51.34
51.17
50.98
50.75
50.56
50.35
50.16
49.95
49.72
49.46
49.23
49.01
48.75
48.54
48.35
48.04
47.81
47.59
47.30
47.03
46.74
46.44
46.44
46.32
46.09
45.91
45.61
45.42
45.28
45.04
44.82
44.70
44.48
44.34
44.10
43.86
43.66
43.44
43.21
43.00
42.80
42.71
42.47
42.31
42.07
41.92
41.78
41.54
41.32
41.22
41.02
40.82
40.71
40.49
40.33
40.07
39.88
39.65
39.45
39.32
39.20
39.07
38.88
38.76
38.55
38.38
38.17
38.04
37.93
37.80
37.69
37.57
37.47
37.34
37.23
37.13
36.94
36.80
36.71
36.57
36.46
36.36
36.13
36.03
35.85
35.74
35.62
35.53
35.37
35.26
35.16
35.04
34.91
34.78
34.66
34.55
34.46
34.33
34.24
34.12
34.01
