73.20
72.98
72.76
72.57
72.36
72.10
71.79
71.49
71.12
70.84
70.49
70.20
69.87
69.57
69.28
68.96
68.62
68.31
68.03
67.75
67.43
67.15
66.79
66.49
66.14
65.83
65.52
65.23
64.87
64.54
64.20
63.84
63.56
63.27
62.97
62.72
62.38
62.17
61.94
61.63
61.34
61.07
60.72
60.38
60.08
59.70
59.30
59.11
58.91
58.70
58.49
58.17
57.94
57.71
57.44
57.14
56.91
56.68
56.47
56.29
56.06
55.86
55.65
55.39
55.12
54.89
54.67
54.46
54.19
53.88
53.58
53.37
53.16
52.94
52.74
52.52
52.30
52.06
51.85
51.61
51.35
51.14
50.95
50.68
50.46
50.22
50.00
49.77
49.53
49.32
49.13
48.83
48.59
48.37
48.02
47.78
47.57
47.27
46.98
46.71
46.36
45.96
45.69
45.45
45.12
44.79
44.59
44.28
43.99
43.68
43.29
42.92
42.61
42.28
41.99
41.64
41.45
41.16
40.88
40.55
40.55
40.44
40.27
40.09
39.87
39.78
39.56
39.36
39.24
39.01
38.87
38.67
38.49
38.28
38.10
37.98
37.85
37.70
37.50
37.39
37.15
36.94
36.75
36.61
36.50
36.36
36.21
36.07
35.87
35.74
35.64
35.56
35.38
35.26
35.17
35.03
34.93
34.83
34.63
34.55
34.44
34.34
34.18
34.08
33.96
33.85
33.76
33.66
33.49
33.36
33.20
33.08
32.99
32.86
32.75
32.63
32.52
