72.49
72.29
72.08
71.82
71.47
71.16
70.81
70.40
70.03
69.69
69.31
69.08
68.73
68.39
68.11
67.77
67.46
67.14
66.86
66.55
66.21
65.83
65.48
65.20
64.82
64.50
64.19
63.89
63.55
63.19
62.92
62.61
62.33
62.05
61.69
61.38
61.02
60.83
60.45
60.09
59.75
59.31
58.95
58.59
58.27
57.86
57.63
57.40
57.20
57.01
56.73
56.42
56.20
56.00
55.78
55.56
55.31
55.09
54.90
54.71
54.49
54.28
54.02
53.75
53.51
53.30
53.30
53.20
53.11
52.96
52.75
52.53
52.40
52.28
52.18
52.08
51.98
51.90
51.76
51.65
51.52
51.43
51.32
51.22
51.05
50.90
50.75
50.62
50.48
50.34
50.21
50.10
49.88
49.71
49.62
49.41
49.24
49.11
48.92
48.66
48.45
48.29
47.96
47.73
47.60
47.35
47.16
47.03
46.77
46.61
46.40
46.21
46.02
45.83
45.61
45.38
45.16
45.04
44.85
44.68
44.47
44.33
44.11
43.96
43.77
43.68
43.44
43.20
43.11
42.86
42.74
42.52
42.34
42.16
41.98
41.88
41.75
41.56
41.27
41.15
40.93
40.72
40.46
40.33
40.23
40.10
40.01
39.86
39.73
39.62
39.51
39.40
39.27
39.14
39.04
38.87
38.75
38.62
38.41
38.32
38.16
38.06
37.94
37.82
37.68
37.56
37.44
37.31
37.15
37.02
36.92
36.83
36.69
36.58
36.48
36.35
36.22
