73.00
72.82
72.61
72.39
72.20
71.85
71.65
71.23
70.88
70.45
70.09
69.68
69.30
68.94
68.64
68.35
68.02
67.66
67.33
67.05
66.68
66.33
66.03
65.70
65.31
65.05
64.69
64.35
63.99
63.69
63.32
63.11
62.83
62.49
62.16
61.90
61.57
61.36
61.07
60.72
60.43
60.11
59.80
59.47
59.13
58.85
58.63
58.43
58.24
58.02
57.79
57.50
57.25
57.04
56.86
56.61
56.35
56.14
55.95
55.72
55.49
55.29
55.11
54.84
54.56
54.35
54.06
53.81
53.53
53.16
52.80
52.59
52.36
52.16
51.93
51.74
51.52
51.34
51.11
50.90
50.69
50.46
50.25
49.92
49.71
49.47
49.23
48.95
48.74
48.54
48.33
47.96
47.71
47.50
47.27
46.97
46.73
46.40
46.17
45.85
45.51
45.06
44.81
44.58
44.26
43.95
43.75
43.46
43.13
42.81
42.52
42.22
41.94
41.65
41.35
41.02
40.81
40.48
40.22
39.86
39.59
39.37
39.07
38.83
38.57
38.25
37.93
37.72
37.44
37.16
36.84
36.55
36.25
35.97
35.78
35.55
35.26
34.98
34.75
34.43
34.20
34.20
34.06
33.89
33.78
33.65
33.55
33.43
33.33
33.19
33.08
32.98
32.80
32.66
32.56
32.42
32.29
32.18
31.93
31.85
31.64
31.54
31.45
31.35
31.23
31.13
31.02
30.91
30.80
30.68
30.55
30.44
30.31
30.15
30.04
29.92
29.84
