72.40
72.19
71.98
71.76
71.57
71.31
70.98
70.65
70.34
70.05
69.74
69.30
68.95
68.69
68.41
68.07
67.76
67.44
67.17
66.87
66.54
66.26
65.88
65.59
65.23
64.94
64.59
64.23
63.93
63.55
63.10
62.53
62.18
61.70
61.31
60.94
60.67
60.45
60.24
59.92
59.57
59.27
58.89
58.89
58.72
58.51
58.25
58.07
57.94
57.83
57.71
57.56
57.29
57.14
57.05
56.97
56.83
56.64
56.51
56.41
56.33
56.19
56.07
55.95
55.81
55.63
55.51
55.31
54.99
54.63
54.28
54.13
54.00
53.87
53.78
53.70
53.59
53.50
53.40
53.30
53.21
53.02
52.91
52.81
52.67
52.54
52.37
52.26
52.13
52.00
51.90
51.82
51.53
51.41
51.30
51.14
50.98
50.79
50.58
50.44
50.20
50.01
49.73
49.50
49.41
49.19
48.97
48.87
48.64
48.45
48.25
47.98
47.80
47.53
47.31
47.14
46.86
46.76
46.56
46.41
46.17
46.00
45.89
45.62
45.38
45.29
45.07
44.87
44.72
44.53
44.38
44.18
43.98
43.80
43.58
43.51
43.38
43.20
43.03
42.94
42.72
42.57
42.36
42.25
42.16
42.01
41.90
41.80
41.67
41.55
41.46
41.35
41.20
41.01
40.90
40.77
40.66
40.53
40.34
40.25
40.15
40.05
39.95
39.85
39.72
39.59
39.46
39.35
39.19
39.09
38.95
38.85
38.74
38.60
38.50
38.39
38.29
