74.09
73.87
73.67
73.46
73.27
72.97
72.67
72.34
72.02
71.71
71.34
71.06
70.72
70.44
70.11
69.82
69.53
69.22
68.92
68.61
68.29
67.96
67.58
67.27
66.85
66.65
66.33
66.00
65.71
65.35
65.00
64.68
64.39
64.08
63.73
63.43
63.15
62.94
62.74
62.42
62.08
61.83
61.52
61.23
60.90
60.68
60.32
60.10
59.93
59.69
59.46
59.13
58.93
58.72
58.51
58.24
57.99
57.76
57.55
57.31
57.05
56.85
56.64
56.40
56.15
55.95
55.64
55.39
55.10
54.76
54.41
54.20
53.98
53.80
53.61
53.42
53.22
53.03
52.83
52.59
52.34
52.12
51.94
51.70
51.48
51.19
50.98
50.68
50.44
50.27
50.06
49.77
49.47
49.24
48.99
48.70
48.41
48.13
47.86
47.55
47.21
46.83
46.54
46.29
45.93
45.66
45.47
45.15
44.85
44.49
44.15
43.62
43.22
42.82
42.45
42.19
41.83
41.58
41.14
40.92
40.65
40.27
39.88
39.63
39.31
38.93
38.71
38.30
38.10
37.74
37.37
36.98
36.59
36.40
36.19
36.00
36.00
35.90
35.66
35.53
35.30
35.08
34.91
34.76
34.66
34.54
34.41
34.30
34.21
34.10
33.96
33.84
33.73
33.52
33.41
33.28
33.19
33.08
32.86
32.74
32.59
32.49
32.34
32.24
32.11
32.00
31.91
31.79
31.64
31.52
31.38
31.27
31.13
31.02
30.91
30.78
30.68
