73.69
73.48
73.26
73.04
72.74
72.39
72.03
71.79
71.47
71.15
70.81
70.53
70.20
69.87
69.58
69.26
68.91
68.58
68.27
67.96
67.62
67.28
66.93
66.62
66.20
65.88
65.56
65.22
64.92
64.57
64.25
63.93
63.64
63.33
63.01
62.65
62.34
62.14
61.95
61.56
61.26
60.94
60.59
60.20
59.95
59.62
59.33
59.09
58.90
58.69
58.45
58.13
57.88
57.67
57.43
57.18
56.98
56.76
56.54
56.33
56.10
55.92
55.71
55.45
55.23
55.03
54.74
54.53
54.23
53.86
53.48
53.26
53.05
52.82
52.63
52.45
52.22
51.98
51.77
51.52
51.29
51.08
50.87
50.59
50.34
50.11
49.90
49.69
49.48
49.26
49.06
48.73
48.73
48.58
48.46
48.31
48.16
48.03
47.84
47.50
47.18
46.83
46.45
46.34
46.02
45.72
45.64
45.51
45.17
44.78
44.47
44.18
44.04
43.84
43.63
43.40
43.15
43.06
42.84
42.67
42.45
42.32
42.19
41.90
41.71
41.60
41.35
41.12
40.99
40.79
40.67
40.47
40.28
40.09
39.86
39.78
39.68
39.54
39.35
39.22
39.02
38.87
38.69
38.54
38.40
38.27
38.11
37.95
37.77
37.63
37.53
37.43
37.27
37.11
37.03
36.90
36.81
36.70
36.47
36.37
36.24
36.14
36.01
35.89
35.74
35.65
35.55
35.41
35.28
35.14
35.03
34.91
34.80
34.64
34.54
34.45
34.34
