88.90
88.68
88.46
88.27
88.06
87.87
87.54
87.20
86.92
86.56
86.28
85.96
85.64
85.27
84.93
84.67
84.46
84.16
83.80
83.51
83.23
83.02
82.80
82.47
82.17
81.81
81.50
81.19
80.98
80.66
80.40
80.20
79.84
79.52
79.25
78.94
78.72
78.38
78.15
77.90
77.67
77.45
77.24
77.01
76.71
76.42
76.04
75.75
75.45
75.16
74.85
74.57
74.36
73.95
73.66
73.45
73.23
72.99
72.77
72.55
72.35
72.13
71.93
71.65
71.35
71.10
70.86
70.65
70.45
70.24
69.93
69.64
69.29
69.09
68.88
68.65
68.34
68.06
67.78
67.59
67.37
67.13
66.91
66.70
66.51
66.30
66.09
65.87
65.66
65.43
65.21
64.99
64.78
64.40
64.19
63.88
63.69
63.35
63.01
62.69
62.69
62.56
62.30
62.07
61.84
61.37
61.05
60.72
60.41
60.30
60.18
59.97
59.87
59.77
59.64
59.51
59.35
59.23
59.01
58.79
58.59
58.36
58.16
57.93
57.73
57.48
57.25
56.97
56.73
56.51
56.30
56.20
56.05
55.94
55.82
55.72
55.63
55.52
55.30
55.19
55.07
54.95
54.85
54.70
54.62
54.53
54.44
54.30
54.19
54.09
53.96
53.85
53.74
53.63
53.52
53.42
53.30
53.20
53.10
52.99
52.87
52.78
52.70
52.61
52.52
52.43
52.34
52.22
52.12
52.01
51.92
51.80
51.67
51.55
51.46
51.35
51.20
51.10
51.02
50.85
50.76
50.63
50.50
50.41
50.30
50.19
50.10
49.99
49.89
49.79
49.69
49.59
49.48
49.35
49.23
49.12
49.01
