88.19
87.97
87.77
87.57
87.36
87.17
86.86
86.53
86.24
85.88
85.53
85.25
84.94
84.60
84.30
84.07
83.90
83.63
83.27
82.95
82.59
82.40
82.19
81.84
81.55
81.26
80.96
80.67
80.47
80.21
79.97
79.59
79.22
78.87
78.64
78.33
77.96
77.77
77.53
77.31
77.11
76.90
76.69
76.49
76.20
75.91
75.58
75.27
74.98
74.66
74.37
74.01
73.77
73.47
73.24
73.05
72.83
72.58
72.30
72.09
71.88
71.68
71.49
71.17
70.93
70.61
70.38
70.17
69.97
69.72
69.42
69.12
68.78
68.55
68.31
67.96
67.57
67.22
67.01
66.78
66.55
66.35
66.14
65.92
65.72
65.51
65.30
65.08
64.83
64.62
64.40
64.19
63.97
63.61
63.40
63.11
62.84
62.61
62.25
61.89
61.56
61.25
60.87
60.49
60.28
59.89
59.61
59.31
59.02
58.80
58.54
58.31
58.13
57.92
57.65
57.36
56.97
56.57
56.16
55.96
55.62
55.29
54.98
54.70
54.38
54.01
53.66
53.37
53.12
53.12
52.94
52.84
52.73
52.59
52.49
52.38
52.30
52.20
51.99
51.86
51.73
51.62
51.49
51.36
51.24
51.12
51.01
50.89
50.79
50.69
50.60
50.50
50.40
50.31
50.20
50.09
49.98
49.89
49.79
49.69
49.57
49.47
49.34
49.24
49.15
49.06
48.96
48.87
48.74
48.65
48.56
48.44
48.34
48.26
48.13
48.01
47.89
47.79
47.68
47.56
47.43
47.34
47.24
47.13
47.02
46.92
46.82
46.72
46.60
46.51
46.39
46.28
46.17
46.06
45.97
45.88
45.78
