88.15
87.97
87.75
87.54
87.33
87.13
86.88
86.55
86.25
85.91
85.57
85.26
84.91
84.61
84.30
84.08
83.87
83.57
83.28
83.00
82.71
82.51
82.31
82.00
81.73
81.40
81.11
80.86
80.67
80.43
80.16
79.93
79.57
79.25
78.92
78.59
78.38
78.09
77.82
77.60
77.43
77.22
77.03
76.83
76.55
76.22
75.89
75.61
75.35
75.03
74.73
74.42
74.22
73.96
73.69
73.48
73.27
73.06
72.81
72.61
72.41
72.18
71.98
71.65
71.31
71.00
70.79
70.58
70.35
70.02
69.70
69.40
69.20
68.99
68.76
68.57
68.29
67.94
67.66
67.45
67.22
67.00
66.78
66.59
66.39
66.16
65.94
65.70
65.47
65.28
65.06
64.84
64.52
64.30
64.10
63.78
63.54
63.17
62.87
62.56
62.23
61.92
61.64
61.29
60.97
60.67
60.35
60.07
59.75
59.52
59.28
59.04
58.82
58.59
58.34
58.06
57.83
57.83
57.66
57.46
57.23
56.98
56.73
56.51
56.30
56.07
55.83
55.65
55.40
55.18
54.98
54.88
54.75
54.65
54.55
54.46
54.35
54.26
54.05
53.94
53.83
53.73
53.61
53.48
53.37
53.25
53.16
53.00
52.89
52.77
52.65
52.52
52.42
52.32
52.21
52.09
51.96
51.86
51.75
51.64
51.52
51.40
51.30
51.19
51.08
50.96
50.87
50.74
50.61
50.51
50.43
50.33
50.21
50.12
50.01
49.88
49.76
49.63
49.52
49.40
49.29
49.18
49.03
48.93
48.79
48.70
48.60
48.47
48.36
48.26
48.16
48.03
47.92
47.82
47.72
47.61
47.52
