87.51
87.31
87.11
86.90
86.71
86.48
86.15
85.85
85.53
85.25
84.98
84.53
84.13
83.75
83.51
83.23
83.03
82.56
82.32
82.01
81.71
81.51
81.32
80.98
80.66
80.31
79.96
79.66
79.47
79.18
79.18
79.10
78.97
78.74
78.50
78.29
78.05
77.93
77.74
77.60
77.48
77.36
77.25
77.13
77.02
76.83
76.59
76.35
76.16
75.94
75.74
75.54
75.29
75.18
74.94
74.77
74.68
74.56
74.46
74.39
74.26
74.16
74.05
73.95
73.72
73.51
73.32
73.22
73.13
73.01
72.88
72.67
72.43
72.22
72.13
71.99
71.87
71.65
71.39
71.21
71.09
70.98
70.86
70.77
70.66
70.55
70.43
70.31
70.20
70.08
69.97
69.86
69.74
69.61
69.42
69.30
69.08
68.94
68.71
68.47
68.26
68.01
67.78
67.57
67.33
67.13
66.86
66.68
66.44
66.25
66.15
65.97
65.89
65.79
65.69
65.54
65.34
65.22
64.97
64.75
64.55
64.40
64.16
63.95
63.75
63.52
63.29
63.03
62.79
62.55
62.29
62.20
62.09
61.98
61.88
61.78
61.64
61.50
61.34
61.23
61.12
60.98
60.87
60.72
60.61
60.48
60.36
60.24
60.15
60.05
59.93
59.82
59.71
59.59
59.47
59.35
59.24
59.14
59.05
58.92
58.81
58.68
58.57
58.47
58.37
58.24
58.15
58.05
57.93
57.84
57.73
57.61
57.51
57.40
57.29
57.16
57.05
56.92
56.82
56.71
56.58
56.46
56.33
56.23
56.12
56.00
55.86
55.73
55.62
55.50
55.37
55.26
55.16
55.05
54.90
54.79
54.71
