86.99
86.80
86.62
86.40
86.21
85.85
85.47
85.13
84.74
84.38
83.98
83.64
83.20
82.85
82.61
82.31
82.12
81.87
81.53
81.17
81.17
81.06
80.95
80.86
80.68
80.47
80.25
80.06
79.87
79.74
79.55
79.36
79.25
79.00
78.78
78.60
78.39
78.30
78.08
77.96
77.85
77.76
77.63
77.52
77.41
77.22
76.97
76.73
76.53
76.31
76.09
75.90
75.74
75.64
75.45
75.25
75.15
75.03
74.90
74.77
74.65
74.55
74.47
74.35
74.13
73.90
73.74
73.62
73.46
73.37
73.22
73.01
72.76
72.53
72.42
72.30
72.22
71.99
71.76
71.56
71.44
71.31
71.19
71.08
70.94
70.82
70.74
70.64
70.47
70.35
70.21
70.10
70.02
69.90
69.64
69.55
69.32
69.19
68.93
68.69
68.51
68.27
68.08
67.85
67.70
67.50
67.29
67.08
66.87
66.64
66.49
66.31
66.18
66.07
65.97
65.76
65.58
65.44
65.23
65.00
64.78
64.55
64.32
64.05
63.81
63.56
63.33
63.09
62.87
62.65
62.45
62.32
62.18
62.09
62.00
61.91
61.80
61.70
61.52
61.43
61.32
61.20
61.06
60.90
60.78
60.66
60.55
60.40
60.29
60.17
60.05
59.91
59.77
59.67
59.57
59.45
59.33
59.22
59.11
59.00
58.86
58.72
58.57
58.45
58.33
58.22
58.11
58.01
57.93
57.82
57.72
57.57
57.43
57.32
57.21
57.10
56.97
56.85
56.75
56.63
56.54
56.44
56.34
56.23
56.13
56.03
55.93
55.83
55.73
55.64
55.52
55.42
55.32
55.21
55.08
54.97
54.89
