87.89
87.67
87.47
87.25
87.05
86.85
86.54
86.18
85.83
85.50
85.29
85.02
84.71
84.41
84.13
83.88
83.67
83.41
82.91
82.71
82.39
82.19
81.98
81.67
81.39
81.08
80.81
80.51
80.31
79.99
79.72
79.51
79.18
78.86
78.54
78.24
78.03
77.70
77.45
77.22
77.00
76.78
76.56
76.16
75.80
75.45
75.10
74.91
74.59
74.28
73.97
73.63
73.42
73.07
72.77
72.56
72.38
72.17
71.93
71.71
71.51
71.28
71.06
70.74
70.41
70.08
69.86
69.64
69.40
69.18
68.94
68.60
68.29
68.06
67.85
67.65
67.33
66.96
66.65
66.45
66.25
66.01
65.80
65.60
65.38
65.15
64.93
64.72
64.50
64.29
64.09
63.90
63.70
63.37
63.00
62.81
62.46
62.22
61.75
61.56
61.07
60.71
60.34
60.14
59.83
59.50
59.19
58.90
58.55
58.32
58.07
57.87
57.69
57.48
57.21
57.21
57.12
56.81
56.47
56.15
56.03
55.86
55.60
55.36
55.13
54.86
54.61
54.35
54.13
53.93
53.71
53.62
53.52
53.43
53.33
53.23
53.14
53.06
52.95
52.82
52.72
52.63
52.52
52.37
52.24
52.12
52.02
51.89
51.77
51.69
51.58
51.47
51.36
51.26
51.16
51.00
50.87
50.76
50.66
50.56
50.44
50.30
50.19
50.06
49.94
49.80
49.70
49.60
49.48
49.39
49.28
49.17
49.05
48.93
48.83
48.73
48.58
48.44
48.33
48.22
48.08
47.95
47.82
47.73
47.60
47.50
47.39
47.24
47.14
47.03
46.91
46.81
46.69
46.59
46.47
46.37
46.28
