89.14
88.92
88.72
88.50
88.25
88.04
87.72
87.37
87.07
86.71
86.38
86.03
85.70
85.42
85.12
84.88
84.68
84.39
84.08
83.76
83.41
83.20
83.02
82.72
82.33
81.98
81.66
81.45
81.13
80.92
80.66
80.46
80.14
79.84
79.57
79.28
79.09
78.76
78.51
78.25
78.01
77.79
77.59
77.29
76.93
76.61
76.34
76.12
75.84
75.50
75.20
74.87
74.66
74.39
74.11
73.91
73.69
73.45
73.17
72.96
72.73
72.53
72.32
72.03
71.70
71.43
71.23
71.01
70.79
70.56
70.28
69.98
69.64
69.42
69.20
68.98
68.62
68.33
68.08
67.89
67.68
67.46
67.24
67.03
66.82
66.61
66.41
66.18
65.95
65.72
65.51
65.30
65.08
64.77
64.55
64.21
63.90
63.59
63.31
62.97
62.68
62.40
62.09
61.83
61.56
61.18
60.85
60.55
60.28
60.09
59.82
59.60
59.41
59.19
58.92
58.63
58.42
58.10
57.86
57.57
57.08
56.76
56.39
56.01
55.59
55.16
54.79
54.37
53.96
53.72
53.49
53.25
53.05
52.82
52.61
52.38
52.17
52.17
52.03
51.93
51.82
51.72
51.60
51.48
51.34
51.22
51.12
51.00
50.89
50.77
50.68
50.54
50.41
50.31
50.21
50.09
49.98
49.87
49.78
49.70
49.56
49.45
49.35
49.22
49.11
48.97
48.84
48.71
48.59
48.49
48.40
48.29
48.17
48.04
47.91
47.80
47.68
47.57
47.45
47.32
47.19
47.05
46.96
46.81
46.69
46.60
46.50
46.42
46.30
46.19
46.07
45.98
45.88
45.78
45.66
45.56
45.47
