87.90
87.69
87.49
87.25
87.05
86.85
86.53
86.26
85.95
85.64
85.32
84.99
84.63
84.32
83.99
83.77
83.59
83.30
82.99
82.64
82.34
82.15
81.84
81.52
81.20
80.89
80.53
80.34
79.97
79.74
79.50
79.11
78.73
78.37
77.98
77.79
77.57
77.29
77.05
76.83
76.62
76.40
76.18
75.99
75.70
75.39
75.06
74.78
74.44
74.14
73.82
73.48
73.27
72.96
72.68
72.48
72.26
72.06
71.82
71.61
71.42
71.18
70.97
70.69
70.34
70.06
69.88
69.66
69.43
69.09
68.70
68.32
68.10
67.92
67.71
67.51
67.21
66.92
66.68
66.49
66.28
66.08
65.87
65.67
65.48
65.23
65.00
64.78
64.57
64.35
64.15
63.94
63.73
63.38
63.17
62.86
62.62
62.29
61.92
61.62
61.26
60.91
60.56
60.56
60.40
60.19
59.95
59.75
59.51
59.31
59.20
59.06
58.95
58.87
58.77
58.62
58.48
58.36
58.12
57.89
57.69
57.46
57.22
56.98
56.70
56.48
56.25
55.97
55.73
55.50
55.26
55.13
55.03
54.93
54.85
54.75
54.65
54.56
54.33
54.25
54.13
54.04
53.91
53.76
53.64
53.52
53.42
53.30
53.19
53.05
52.96
52.83
52.74
52.65
52.55
52.45
52.36
52.25
52.14
52.01
51.91
51.82
51.70
51.58
51.46
51.34
51.25
51.13
51.03
50.94
50.84
50.71
50.60
50.49
50.37
50.25
50.14
50.02
49.91
49.80
49.69
49.59
49.48
49.37
49.25
49.14
49.04
48.92
48.81
48.71
48.61
48.50
48.38
48.28
48.18
48.08
47.98
