87.87
87.67
87.47
87.29
87.09
86.89
86.57
86.24
85.91
85.60
85.31
84.96
84.63
84.29
83.98
83.73
83.52
83.25
82.89
82.60
82.29
82.06
81.85
81.55
81.26
80.94
80.65
80.38
80.17
79.86
79.58
79.35
79.03
78.68
78.38
78.07
77.87
77.56
77.33
77.10
76.91
76.69
76.50
76.28
75.99
75.66
75.34
75.04
74.71
74.40
74.08
73.77
73.57
73.23
73.00
72.79
72.61
72.39
72.14
71.95
71.74
71.53
71.34
71.04
70.77
70.49
70.27
70.04
69.81
69.57
69.32
68.98
68.67
68.44
68.20
68.01
67.67
67.39
67.16
66.95
66.71
66.47
66.26
66.04
65.83
65.62
65.44
65.22
64.97
64.77
64.55
64.34
63.95
63.75
63.55
63.20
62.96
62.63
62.30
61.99
61.67
61.33
60.99
60.65
60.33
59.96
59.96
59.83
59.65
59.43
59.34
59.16
59.02
58.93
58.82
58.67
58.50
58.39
58.12
57.88
57.73
57.47
57.25
57.01
56.75
56.50
56.25
56.01
55.82
55.60
55.40
55.25
55.11
54.99
54.90
54.80
54.70
54.60
54.45
54.35
54.21
54.08
53.95
53.76
53.66
53.56
53.46
53.34
53.24
53.14
53.06
52.94
52.84
52.76
52.66
52.55
52.42
52.32
52.21
52.10
51.96
51.84
51.72
51.61
51.51
51.38
51.28
51.17
51.09
51.01
50.90
50.79
50.68
50.60
50.49
50.38
50.25
50.14
50.04
49.94
49.81
49.68
49.59
49.49
49.38
49.26
49.17
49.07
48.97
48.86
48.73
48.64
48.54
48.43
48.31
48.21
48.12
