88.96
88.76
88.57
88.34
88.14
87.80
87.51
87.16
86.85
86.53
86.22
86.01
85.72
85.42
85.12
84.84
84.62
84.29
83.94
83.66
83.34
83.12
82.93
82.67
82.36
82.05
81.72
81.45
81.24
80.89
80.63
80.28
79.98
79.68
79.50
79.18
78.90
78.67
78.44
78.25
78.02
77.81
77.59
77.37
77.09
76.69
76.39
76.09
75.75
75.44
75.06
74.86
74.67
74.36
74.11
73.92
73.72
73.49
73.26
73.05
72.84
72.62
72.25
71.84
71.45
71.25
71.05
70.84
70.61
70.38
70.11
69.75
69.42
69.20
68.99
68.79
68.48
68.15
67.87
67.67
67.45
67.24
67.03
66.81
66.62
66.42
66.22
66.01
65.78
65.59
65.37
65.16
64.96
64.58
64.36
64.02
63.81
63.47
63.14
62.82
62.51
62.21
61.88
61.53
61.22
60.85
60.52
60.19
59.90
59.69
59.41
59.19
59.01
58.81
58.81
58.71
58.53
58.23
57.93
57.61
57.30
56.94
56.60
56.24
55.90
55.55
55.14
54.78
54.46
54.16
54.02
53.93
53.81
53.69
53.59
53.50
53.40
53.27
53.07
52.97
52.88
52.80
52.69
52.56
52.43
52.31
52.20
52.04
51.91
51.78
51.65
51.54
51.43
51.34
51.22
51.10
50.99
50.89
50.79
50.68
50.58
50.44
50.34
50.23
50.15
50.05
49.93
49.81
49.69
49.59
49.49
49.35
49.17
49.05
48.94
48.84
48.69
48.59
48.50
48.41
48.30
48.19
48.10
47.99
47.87
47.76
47.64
47.53
47.41
47.32
47.20
47.08
46.97
46.87
46.74
46.64
46.53
