1	88.15	88.19	88.29	88.43	88.58	88.74	88.90	88.96	89.06	89.14	86.89	89.25	86.99	87.08	87.18	87.51	87.52	87.90	87.87	87.89
2	87.97	87.97	88.10	88.22	88.38	88.53	88.68	88.76	88.87	88.92	86.70	89.06	86.80	86.88	86.99	87.31	87.33	87.69	87.67	87.67
3	87.75	87.77	87.90	88.02	88.18	88.33	88.46	88.57	88.67	88.72	86.51	88.86	86.62	86.67	86.76	87.11	87.11	87.49	87.47	87.47
4	87.54	87.57	87.69	87.82	87.98	88.10	88.27	88.34	88.44	88.50	86.30	88.66	86.40	86.45	86.52	86.90	86.86	87.25	87.29	87.25
5	87.33	87.36	87.49	87.61	87.76	87.90	88.06	88.14	88.23	88.25	86.11	88.45	86.21	86.24	86.31	86.71	86.66	87.05	87.09	87.05
6	87.13	87.17	87.28	87.42	87.55	87.63	87.87	87.80	88.01	88.04	85.90	88.24	85.85	86.03	86.09	86.48	86.31	86.85	86.89	86.85
7	86.88	86.86	86.97	87.17	87.24	87.34	87.54	87.51	87.73	87.72	85.58	87.94	85.47	85.72	85.81	86.15	85.96	86.53	86.57	86.54
8	86.55	86.53	86.64	86.87	86.85	87.01	87.20	87.16	87.42	87.37	85.58	87.50	85.13	85.43	85.52	85.85	85.62	86.26	86.24	86.18
9	86.25	86.24	86.32	86.54	86.53	86.73	86.92	86.85	87.09	87.07	85.44	87.27	84.74	85.14	85.20	85.53	85.26	85.95	85.91	85.83
10	85.91	85.88	85.95	86.24	86.28	86.36	86.56	86.53	86.80	86.71	85.20	86.84	84.38	84.81	84.87	85.25	84.84	85.64	85.60	85.50
11	85.57	85.53	85.60	85.92	85.95	86.09	86.28	86.22	86.39	86.38	84.97	86.55	83.98	84.48	84.54	84.98	84.50	85.32	85.31	85.29
12	85.26	85.25	85.25	85.55	85.63	85.72	85.96	86.01	86.09	86.03	84.76	86.26	83.64	84.18	84.25	84.53	84.28	84.99	84.96	85.02
13	84.91	84.94	84.92	85.18	85.29	85.54	85.64	85.72	85.76	85.70	84.54	86.02	83.20	83.91	83.91	84.13	83.94	84.63	84.63	84.71
14	84.61	84.60	84.58	84.86	84.94	85.22	85.27	85.42	85.43	85.42	84.30	85.73	82.85	83.59	83.56	83.75	83.61	84.32	84.29	84.41
15	84.30	84.30	84.27	84.67	84.65	84.90	84.93	85.12	85.22	85.12	84.08	85.41	82.61	83.27	83.29	83.51	83.33	83.99	83.98	84.13
16	84.08	84.07	84.00	84.46	84.39	84.63	84.67	84.84	85.00	84.88	83.90	85.19	82.31	83.06	83.03	83.23	83.05	83.77	83.73	83.88
17	83.87	83.90	83.79	84.27	84.06	84.44	84.46	84.62	84.81	84.68	83.76	84.99	82.12	82.87	82.84	83.03	82.69	83.59	83.52	83.67
18	83.57	83.63	83.49	83.87	83.75	84.13	84.16	84.29	84.51	84.39	83.64	84.68	81.87	82.56	82.84	82.56	82.37	83.30	83.25	83.41
19	83.28	83.27	83.14	83.66	83.53	83.89	83.80	83.94	84.07	84.08	83.41	84.37	81.53	82.26	82.72	82.32	82.13	82.99	82.89	82.91
20	83.00	82.95	82.81	83.32	83.13	83.56	83.51	83.66	83.84	83.76	83.17	84.07	81.17	81.92	82.51	82.01	81.66	82.64	82.60	82.71
21	82.71	82.59	82.52	82.98	82.93	83.20	83.23	83.34	83.53	83.41	82.93	83.73	81.17	81.61	82.35	81.71	81.43	82.34	82.29	82.39
22	82.51	82.40	82.31	82.74	82.74	82.99	83.02	83.12	83.29	83.20	82.75	83.51	81.06	81.42	82.16	81.51	81.23	82.15	82.06	82.19
23	82.31	82.19	82.10	82.52	82.53	82.78	82.80	82.93	83.10	83.02	82.64	83.32	80.95	81.05	82.06	81.32	81.02	81.84	81.85	81.98
24	82.00	81.84	81.81	82.22	82.22	82.50	82.47	82.67	82.79	82.72	82.54	83.04	80.86	80.68	81.95	80.98	80.76	81.52	81.55	81.67
25	81.73	81.55	81.48	81.93	81.94	82.18	82.17	82.36	82.53	82.33	82.38	82.75	80.68	80.28	81.78	80.66	80.49	81.20	81.26	81.39
26	81.40	81.26	81.19	81.61	81.63	81.87	81.81	82.05	82.23	81.98	82.20	82.45	80.47	79.90	81.57	80.31	80.23	80.89	80.94	81.08
27	81.11	80.96	80.87	81.27	81.30	81.54	81.50	81.72	81.90	81.66	82.05	82.13	80.25	79.68	81.34	79.96	79.87	80.53	80.65	80.81
28	80.86	80.67	80.63	81.00	80.97	81.24	81.19	81.45	81.60	81.45	81.82	81.83	80.06	79.38	81.13	79.66	79.58	80.34	80.38	80.51
29	80.67	80.47	80.43	80.79	80.76	81.01	80.98	81.24	81.37	81.13	81.65	81.62	79.87	79.19	80.92	79.47	79.35	79.97	80.17	80.31
30	80.43	80.21	80.06	80.51	80.45	80.68	80.66	80.89	81.07	80.92	81.56	81.31	79.74	78.89	80.81	79.18	79.03	79.74	79.86	79.99
32	80.16	79.97	79.79	80.26	80.21	80.41	80.40	80.63	80.80	80.66	81.35	81.05	79.55	78.89	80.57	79.18	78.77	79.50	79.58	79.72
33	79.93	79.59	79.59	80.07	80.03	80.23	80.20	80.28	80.61	80.46	81.18	80.85	79.36	78.78	80.41	79.10	78.57	79.11	79.35	79.51
34	79.57	79.22	79.28	79.77	79.69	79.87	79.84	79.98	80.27	80.14	81.08	80.50	79.25	78.44	80.28	78.97	78.26	78.73	79.03	79.18
35	79.25	78.87	78.98	79.47	79.38	79.58	79.52	79.68	79.97	79.84	80.84	80.15	79.00	78.08	80.04	78.74	77.95	78.37	78.68	78.86
36	78.92	78.64	78.67	79.16	79.04	79.26	79.25	79.50	79.66	79.57	80.61	79.82	78.78	77.74	79.84	78.50	77.62	77.98	78.38	78.54
37	78.59	78.33	78.37	78.82	78.72	78.97	78.94	79.18	79.38	79.28	80.39	79.49	78.60	77.40	79.57	78.29	77.34	77.79	78.07	78.24
38	78.38	77.96	78.18	78.60	78.50	78.74	78.72	78.90	79.16	79.09	80.18	79.27	78.39	77.29	79.36	78.05	77.11	77.57	77.87	78.03
39	78.09	77.77	77.85	78.29	78.16	78.41	78.38	78.67	78.85	78.76	80.06	78.98	78.30	77.20	79.25	77.93	76.83	77.29	77.56	77.70
40	77.82	77.53	77.63	78.05	77.94	78.17	78.15	78.44	78.62	78.51	79.82	78.74	78.08	76.98	79.02	77.74	76.59	77.05	77.33	77.45
41	77.60	77.31	77.41	77.82	77.72	77.96	77.90	78.25	78.43	78.25	79.72	78.49	77.96	76.86	78.90	77.60	76.41	76.83	77.10	77.22
42	77.43	77.11	77.21	77.60	77.50	77.74	77.67	78.02	78.24	78.01	79.57	78.28	77.85	76.76	78.79	77.48	76.16	76.62	76.91	77.00
43	77.22	76.90	76.99	77.40	77.27	77.53	77.45	77.81	78.01	77.79	79.44	78.07	77.76	76.65	78.68	77.36	75.95	76.40	76.69	76.78
44	77.03	76.69	76.80	77.18	77.05	77.32	77.24	77.59	77.81	77.59	79.33	77.87	77.63	76.54	78.57	77.25	75.75	76.18	76.50	76.56
45	76.83	76.49	76.58	76.97	76.86	77.12	77.01	77.37	77.62	77.29	79.21	77.66	77.52	76.42	78.42	77.13	75.52	75.99	76.28	76.16
46	76.55	76.20	76.29	76.66	76.55	76.83	76.71	77.09	77.35	76.93	79.09	77.38	77.41	76.32	78.29	77.02	75.27	75.70	75.99	75.80
47	76.22	75.91	75.98	76.34	76.25	76.49	76.42	76.69	77.03	76.61	78.89	77.06	77.22	76.16	78.09	76.83	74.83	75.39	75.66	75.45
48	75.89	75.58	75.65	76.01	75.94	76.17	76.04	76.39	76.74	76.34	78.65	76.74	76.97	75.96	77.84	76.59	74.46	75.06	75.34	75.10
49	75.61	75.27	75.40	75.72	75.64	75.87	75.75	76.09	76.45	76.12	78.43	76.47	76.73	75.71	77.59	76.35	74.09	74.78	75.04	74.91
50	75.35	74.98	75.12	75.38	75.35	75.57	75.45	75.75	76.18	75.84	78.25	76.16	76.53	75.51	77.39	76.16	73.71	74.44	74.71	74.59
51	75.03	74.66	74.81	75.04	75.06	75.27	75.16	75.44	75.81	75.50	78.05	75.88	76.31	75.29	77.19	75.94	73.32	74.14	74.40	74.28
52	74.73	74.37	74.51	74.75	74.76	74.93	74.85	75.06	75.51	75.20	77.84	75.57	76.09	75.09	76.92	75.74	72.91	73.82	74.08	73.97
53	74.42	74.01	74.17	74.44	74.45	74.64	74.57	74.86	75.30	74.87	77.64	75.20	75.90	74.88	76.70	75.54	72.70	73.48	73.77	73.63
54	74.22	73.77	73.96	74.23	74.23	74.44	74.36	74.67	75.01	74.66	77.39	74.98	75.74	74.64	76.46	75.29	72.29	73.27	73.57	73.42
55	73.96	73.47	73.65	73.93	73.90	74.19	73.95	74.36	74.80	74.39	77.30	74.66	75.64	74.51	76.34	75.18	72.08	72.96	73.23	73.07
56	73.69	73.24	73.35	73.68	73.63	73.93	73.66	74.11	74.53	74.11	77.14	74.39	75.45	74.31	76.15	74.94	72.08	72.68	73.00	72.77
57	73.48	73.05	73.14	73.47	73.42	73.72	73.45	73.92	74.34	73.91	76.97	74.18	75.25	74.16	76.01	74.77	71.98	72.48	72.79	72.56
58	73.27	72.83	72.94	73.28	73.22	73.53	73.23	73.72	74.13	73.69	76.90	73.97	75.15	74.06	75.91	74.68	71.86	72.26	72.61	72.38
59	73.06	72.58	72.71	73.04	72.99	73.31	72.99	73.49	73.93	73.45	76.78	73.77	75.03	73.95	75.82	74.56	71.76	72.06	72.39	72.17
60	72.81	72.30	72.46	72.83	72.74	73.08	72.77	73.26	73.71	73.17	76.65	73.55	74.90	73.82	75.71	74.46	71.63	71.82	72.14	71.93
61	72.61	72.09	72.27	72.63	72.54	72.87	72.55	73.05	73.51	72.96	76.51	73.35	74.77	73.70	75.57	74.39	71.52	71.61	71.95	71.71
62	72.41	71.88	72.06	72.42	72.33	72.69	72.35	72.84	73.31	72.73	76.40	73.16	74.65	73.59	75.45	74.26	71.41	71.42	71.74	71.51
63	72.18	71.68	71.83	72.23	72.11	72.48	72.13	72.62	73.08	72.53	76.28	72.97	74.55	73.47	75.35	74.16	71.34	71.18	71.53	71.28
64	71.98	71.49	71.63	72.03	71.87	72.27	71.93	72.25	72.77	72.32	76.18	72.77	74.47	73.34	75.23	74.05	71.22	70.97	71.34	71.06
65	71.65	71.17	71.31	71.73	71.54	71.95	71.65	71.84	72.39	72.03	76.08	72.45	74.35	73.23	75.13	73.95	71.12	70.69	71.04	70.74
66	71.31	70.93	71.00	71.38	71.25	71.60	71.35	71.45	72.08	71.70	75.88	72.16	74.13	72.99	74.91	73.72	70.95	70.34	70.77	70.41
67	71.00	70.61	70.67	71.09	70.97	71.31	71.10	71.25	71.85	71.43	75.69	71.82	73.90	72.76	74.72	73.51	70.74	70.06	70.49	70.08
68	70.79	70.38	70.46	70.87	70.74	71.11	70.86	71.05	71.65	71.23	75.50	71.62	73.74	72.54	74.49	73.32	70.56	69.88	70.27	69.86
69	70.58	70.17	70.22	70.64	70.51	70.88	70.65	70.84	71.44	71.01	75.39	71.41	73.62	72.43	74.38	73.22	70.46	69.66	70.04	69.64
70	70.35	69.97	69.99	70.42	70.30	70.67	70.45	70.61	71.23	70.79	75.28	71.21	73.46	72.29	74.26	73.13	70.34	69.43	69.81	69.40
71	70.02	69.72	69.77	70.19	70.08	70.49	70.24	70.38	71.00	70.56	75.13	70.96	73.37	72.19	74.16	73.01	70.23	69.09	69.57	69.18
72	69.70	69.42	69.49	69.92	69.78	70.14	69.93	70.11	70.71	70.28	75.00	70.66	73.22	72.06	74.00	72.88	70.10	68.70	69.32	68.94
73	69.40	69.12	69.15	69.55	69.48	69.79	69.64	69.75	70.40	69.98	74.80	70.36	73.01	71.86	73.77	72.67	69.88	68.32	68.98	68.60
74	69.20	68.78	68.87	69.29	69.19	69.46	69.29	69.42	70.13	69.64	74.59	70.05	72.76	71.62	73.51	72.43	69.70	68.10	68.67	68.29
75	68.99	68.55	68.66	69.06	68.96	69.23	69.09	69.20	69.92	69.42	74.34	69.86	72.53	71.42	73.27	72.22	69.49	67.92	68.44	68.06
76	68.76	68.31	68.47	68.86	68.74	69.02	68.88	68.99	69.66	69.20	74.24	69.63	72.42	71.29	73.14	72.13	69.37	67.71	68.20	67.85
77	68.57	67.96	68.27	68.58	68.53	68.81	68.65	68.79	69.45	68.98	74.11	69.40	72.30	71.16	73.01	71.99	69.28	67.51	68.01	67.65
78	68.29	67.57	67.99	68.26	68.22	68.52	68.34	68.48	69.09	68.62	74.00	69.13	72.22	71.06	72.92	71.87	69.18	67.21	67.67	67.33
79	67.94	67.22	67.67	67.97	67.90	68.16	68.06	68.15	68.81	68.33	73.82	68.80	71.99	70.87	72.67	71.65	68.95	66.92	67.39	66.96
80	67.66	67.01	67.37	67.75	67.63	67.86	67.78	67.87	68.50	68.08	73.58	68.51	71.76	70.63	72.45	71.39	68.72	66.68	67.16	66.65
81	67.45	66.78	67.13	67.54	67.43	67.66	67.59	67.67	68.29	67.89	73.40	68.30	71.56	70.40	72.28	71.21	68.53	66.49	66.95	66.45
82	67.22	66.55	66.91	67.35	67.20	67.45	67.37	67.45	68.07	67.68	73.31	68.07	71.44	70.28	72.19	71.09	68.43	66.28	66.71	66.25
83	67.00	66.35	66.71	67.11	66.99	67.21	67.13	67.24	67.87	67.46	73.19	67.84	71.31	70.16	72.08	70.98	68.31	66.08	66.47	66.01
84	66.78	66.14	66.49	66.91	66.79	67.00	66.91	67.03	67.64	67.24	73.08	67.65	71.19	70.02	72.00	70.86	68.19	65.87	66.26	65.80
85	66.59	65.92	66.31	66.68	66.59	66.78	66.70	66.81	67.42	67.03	72.98	67.41	71.08	69.93	71.88	70.77	68.08	65.67	66.04	65.60
86	66.39	65.72	66.11	66.48	66.37	66.59	66.51	66.62	67.23	66.82	72.89	67.22	70.94	69.83	71.76	70.66	67.96	65.48	65.83	65.38
87	66.16	65.51	65.89	66.25	66.14	66.37	66.30	66.42	67.05	66.61	72.79	67.00	70.82	69.73	71.67	70.55	67.84	65.23	65.62	65.15
88	65.94	65.30	65.67	66.05	65.95	66.17	66.09	66.22	66.83	66.41	72.68	66.81	70.74	69.59	71.54	70.43	67.70	65.00	65.44	64.93
89	65.70	65.08	65.45	65.84	65.73	65.96	65.87	66.01	66.63	66.18	72.59	66.58	70.64	69.48	71.43	70.31	67.60	64.78	65.22	64.72
90	65.47	64.83	65.24	65.62	65.52	65.74	65.66	65.78	66.42	65.95	72.47	66.34	70.47	69.38	71.32	70.20	67.48	64.57	64.97	64.50
91	65.28	64.62	65.01	65.40	65.28	65.55	65.43	65.59	66.23	65.72	72.36	66.16	70.35	69.28	71.22	70.08	67.36	64.35	64.77	64.29
92	65.06	64.40	64.80	65.17	65.09	65.35	65.21	65.37	66.03	65.51	72.23	65.95	70.21	69.17	71.11	69.97	67.28	64.15	64.55	64.09
93	64.84	64.19	64.58	64.99	64.90	65.14	64.99	65.16	65.85	65.30	72.12	65.75	70.10	69.08	71.02	69.86	67.16	63.94	64.34	63.90
94	64.52	63.97	64.38	64.79	64.71	64.92	64.78	64.96	65.63	65.08	72.00	65.53	70.02	68.98	70.94	69.74	67.05	63.73	63.95	63.70
95	64.30	63.61	64.02	64.44	64.38	64.61	64.40	64.58	65.27	64.77	71.88	65.16	69.90	68.86	70.83	69.61	66.97	63.38	63.75	63.37
96	64.10	63.40	63.81	64.16	64.16	64.42	64.19	64.36	65.06	64.55	71.63	64.95	69.64	68.60	70.70	69.42	66.71	63.17	63.55	63.00
97	63.78	63.11	63.50	63.95	63.83	64.42	63.88	64.02	64.72	64.21	71.52	64.64	69.55	68.50	70.57	69.30	66.63	62.86	63.20	62.81
98	63.54	62.84	63.26	63.73	63.59	64.27	63.69	63.81	64.36	63.90	71.30	64.24	69.32	68.28	70.35	69.08	66.44	62.62	62.96	62.46
99	63.17	62.61	62.93	63.41	63.26	63.92	63.35	63.47	64.01	63.59	71.18	63.86	69.19	68.17	70.23	68.94	66.32	62.29	62.63	62.22
100	62.87	62.25	62.59	63.12	63.26	63.59	63.01	63.14	63.69	63.31	70.96	63.50	68.93	68.00	70.03	68.71	66.09	61.92	62.30	61.75
101	62.56	61.89	62.31	62.72	63.12	63.30	62.69	62.82	63.35	62.97	70.75	63.14	68.69	67.79	69.84	68.47	65.84	61.62	61.99	61.56
102	62.23	61.56	61.99	62.50	62.92	63.00	62.69	62.51	62.97	62.68	70.53	62.77	68.51	67.61	69.63	68.26	65.67	61.26	61.67	61.07
103	61.92	61.25	61.66	62.12	62.70	62.68	62.56	62.21	62.60	62.40	70.32	62.40	68.27	67.36	69.41	68.01	65.44	60.91	61.33	60.71
104	61.64	60.87	61.38	61.81	62.51	62.39	62.30	61.88	62.22	62.09	70.11	62.21	68.08	67.15	69.25	67.78	65.26	60.56	60.99	60.34
105	61.29	60.49	61.05	61.49	62.29	62.26	62.07	61.53	62.01	61.83	69.90	61.89	67.85	66.98	69.03	67.57	65.02	60.56	60.65	60.14
106	60.97	60.28	60.73	61.28	62.06	62.03	61.84	61.22	61.74	61.56	69.68	61.38	67.70	66.75	68.84	67.33	64.78	60.40	60.33	59.83
107	60.67	59.89	60.45	60.95	61.84	61.82	61.37	60.85	61.45	61.18	69.50	61.00	67.50	66.55	68.61	67.13	64.57	60.19	59.96	59.50
108	60.35	59.61	60.12	60.68	61.59	61.62	61.05	60.52	61.14	60.85	69.26	60.58	67.29	66.29	68.37	66.86	64.36	59.95	59.96	59.19
109	60.07	59.31	59.82	60.40	61.43	61.38	60.72	60.19	60.81	60.55	69.08	60.17	67.08	66.09	68.16	66.68	64.19	59.75	59.83	58.90
110	59.75	59.02	59.49	60.05	61.21	61.19	60.41	59.90	60.48	60.28	68.84	59.99	66.87	65.86	67.91	66.44	63.96	59.51	59.65	58.55
111	59.52	58.80	59.28	59.82	61.02	60.95	60.30	59.69	60.25	60.09	68.60	59.77	66.64	65.64	67.70	66.25	63.76	59.31	59.43	58.32
112	59.28	58.54	59.01	59.56	60.91	60.82	60.18	59.41	60.02	59.82	68.48	59.77	66.49	65.54	67.57	66.15	63.65	59.20	59.34	58.07
113	59.04	58.31	58.81	59.34	60.74	60.66	59.97	59.19	59.81	59.60	68.30	59.66	66.31	65.38	67.38	65.97	63.47	59.06	59.16	57.87
114	58.82	58.13	58.61	59.15	60.61	60.54	59.87	59.01	59.59	59.41	68.17	59.55	66.18	65.27	67.26	65.89	63.35	58.95	59.02	57.69
115	58.59	57.92	58.40	58.92	60.50	60.45	59.77	58.81	59.38	59.19	68.06	59.44	66.07	65.16	67.15	65.79	63.23	58.87	58.93	57.48
116	58.34	57.65	58.19	58.67	60.35	60.33	59.64	58.81	59.14	58.92	67.94	59.33	65.97	65.04	67.03	65.69	63.11	58.77	58.82	57.21
117	58.06	57.36	57.91	58.39	60.18	60.16	59.51	58.71	58.86	58.63	67.78	59.13	65.76	64.85	66.85	65.54	62.95	58.62	58.67	57.21
118	57.83	56.97	57.72	58.18	60.00	59.98	59.35	58.53	58.46	58.42	67.62	58.95	65.58	64.69	66.68	65.34	62.80	58.48	58.50	57.12
119	57.83	56.57	57.38	57.84	59.90	59.87	59.23	58.23	58.10	58.10	67.52	58.88	65.44	64.58	66.56	65.22	62.66	58.36	58.39	56.81
120	57.66	56.16	57.02	57.48	59.70	59.64	59.01	57.93	57.74	57.86	67.28	58.65	65.23	64.35	66.33	64.97	62.44	58.12	58.12	56.47
121	57.46	55.96	56.70	57.18	59.47	59.41	58.79	57.61	57.36	57.57	67.04	58.42	65.00	64.13	66.10	64.75	62.29	57.89	57.88	56.15
122	57.23	55.62	56.36	56.89	59.28	59.19	58.59	57.30	56.88	57.08	66.80	58.21	64.78	63.91	65.87	64.55	62.11	57.69	57.73	56.03
123	56.98	55.29	56.36	56.53	59.03	58.97	58.36	56.94	56.50	56.76	66.57	57.96	64.55	63.68	65.62	64.40	61.89	57.46	57.47	55.86
124	56.73	54.98	56.16	56.18	58.82	58.71	58.16	56.60	56.13	56.39	66.32	57.75	64.32	63.41	65.42	64.16	61.63	57.22	57.25	55.60
125	56.51	54.70	55.94	55.83	58.62	58.49	57.93	56.24	55.91	56.01	66.07	57.51	64.05	63.18	65.15	63.95	61.40	56.98	57.01	55.36
126	56.30	54.38	55.72	55.47	58.41	58.25	57.73	55.90	55.58	55.59	65.81	57.25	63.81	62.98	64.91	63.75	61.16	56.70	56.75	55.13
127	56.07	54.01	55.51	55.13	58.14	58.01	57.48	55.55	55.58	55.16	65.57	56.99	63.56	62.81	64.69	63.52	60.92	56.48	56.50	54.86
128	55.83	53.66	55.25	54.78	57.92	57.76	57.25	55.14	55.41	54.79	65.30	56.80	63.33	62.57	64.42	63.29	60.69	56.25	56.25	54.61
129	55.65	53.37	55.01	54.43	57.69	57.50	56.97	54.78	55.15	54.37	65.09	56.52	63.09	62.33	64.18	63.03	60.42	55.97	56.01	54.35
130	55.40	53.12	54.77	54.13	57.42	57.32	56.73	54.46	54.90	53.96	64.84	56.28	62.87	62.07	63.90	62.79	60.22	55.73	55.82	54.13
131	55.18	53.12	54.56	53.76	57.22	57.09	56.51	54.16	54.69	53.72	64.63	56.05	62.65	61.86	63.69	62.55	60.01	55.50	55.60	53.93
132	54.98	52.94	54.33	53.56	56.99	56.89	56.30	54.02	54.45	53.49	64.43	55.86	62.45	61.59	63.46	62.29	59.78	55.26	55.40	53.71
133	54.88	52.84	54.24	53.33	56.89	56.80	56.20	53.93	54.35	53.25	64.33	55.78	62.32	61.49	63.35	62.20	59.68	55.13	55.25	53.62
134	54.75	52.73	54.11	53.09	56.77	56.65	56.05	53.81	54.22	53.05	64.22	55.67	62.18	61.40	63.25	62.09	59.54	55.03	55.11	53.52
135	54.65	52.59	53.99	52.87	56.67	56.57	55.94	53.69	54.10	52.82	64.12	55.57	62.09	61.31	63.16	61.98	59.44	54.93	54.99	53.43
136	54.55	52.49	53.89	52.66	56.57	56.45	55.82	53.59	54.00	52.61	64.01	55.49	62.00	61.22	63.06	61.88	59.33	54.85	54.90	53.33
137	54.46	52.38	53.79	52.44	56.47	56.33	55.72	53.50	53.89	52.38	63.92	55.39	61.91	61.13	62.95	61.78	59.24	54.75	54.80	53.23
138	54.35	52.30	53.70	52.23	56.38	56.23	55.63	53.40	53.80	52.17	63.84	55.28	61.80	61.03	62.84	61.64	59.15	54.65	54.70	53.14
139	54.26	52.20	53.61	52.23	56.29	56.11	55.52	53.27	53.70	52.17	63.73	55.19	61.70	60.93	62.76	61.50	59.05	54.56	54.60	53.06
140	54.05	51.99	53.46	52.10	56.10	55.91	55.30	53.07	53.53	52.03	63.50	55.04	61.52	60.73	62.62	61.34	58.87	54.33	54.45	52.95
141	53.94	51.86	53.33	51.98	56.00	55.82	55.19	52.97	53.41	51.93	63.39	54.94	61.43	60.63	62.51	61.23	58.78	54.25	54.35	52.82
142	53.83	51.73	53.23	51.83	55.86	55.70	55.07	52.88	53.29	51.82	63.26	54.83	61.32	60.53	62.42	61.12	58.65	54.13	54.21	52.72
143	53.73	51.62	53.14	51.74	55.76	55.56	54.95	52.80	53.17	51.72	63.18	54.70	61.20	60.44	62.31	60.98	58.55	54.04	54.08	52.63
144	53.61	51.49	52.99	51.63	55.67	55.44	54.85	52.69	53.04	51.60	63.09	54.62	61.06	60.32	62.16	60.87	58.43	53.91	53.95	52.52
145	53.48	51.36	52.88	51.51	55.53	55.32	54.70	52.56	52.90	51.48	62.94	54.50	60.90	60.16	62.01	60.72	58.30	53.76	53.76	52.37
146	53.37	51.24	52.76	51.40	55.42	55.19	54.62	52.43	52.81	51.34	62.83	54.39	60.78	60.04	61.90	60.61	58.19	53.64	53.66	52.24
147	53.25	51.12	52.65	51.28	55.30	55.07	54.53	52.31	52.70	51.22	62.69	54.28	60.66	59.90	61.80	60.48	58.06	53.52	53.56	52.12
148	53.16	51.01	52.54	51.17	55.19	54.97	54.44	52.20	52.59	51.12	62.60	54.17	60.55	59.79	61.68	60.36	57.96	53.42	53.46	52.02
149	53.00	50.89	52.40	51.04	55.07	54.82	54.30	52.04	52.46	51.00	62.46	54.05	60.40	59.65	61.56	60.24	57.86	53.30	53.34	51.89
150	52.89	50.79	52.28	50.94	54.98	54.72	54.19	51.91	52.34	50.89	62.36	53.92	60.29	59.55	61.44	60.15	57.74	53.19	53.24	51.77
151	52.77	50.69	52.17	50.84	54.87	54.63	54.09	51.78	52.23	50.77	62.25	53.80	60.17	59.43	61.33	60.05	57.62	53.05	53.14	51.69
152	52.65	50.60	52.07	50.74	54.76	54.53	53.96	51.65	52.12	50.68	62.16	53.69	60.05	59.33	61.22	59.93	57.49	52.96	53.06	51.58
153	52.52	50.50	51.96	50.62	54.62	54.41	53.85	51.54	52.01	50.54	62.01	53.57	59.91	59.22	61.09	59.82	57.36	52.83	52.94	51.47
154	52.42	50.40	51.87	50.51	54.51	54.28	53.74	51.43	51.89	50.41	61.89	53.46	59.77	59.11	60.99	59.71	57.24	52.74	52.84	51.36
155	52.32	50.31	51.75	50.40	54.41	54.18	53.63	51.34	51.78	50.31	61.79	53.38	59.67	59.00	60.89	59.59	57.14	52.65	52.76	51.26
156	52.21	50.20	51.65	50.27	54.30	54.09	53.52	51.22	51.66	50.21	61.70	53.27	59.57	58.91	60.80	59.47	57.02	52.55	52.66	51.16
157	52.09	50.09	51.52	50.14	54.19	53.99	53.42	51.10	51.52	50.09	61.57	53.16	59.45	58.78	60.67	59.35	56.90	52.45	52.55	51.00
158	51.96	49.98	51.44	50.05	54.07	53.87	53.30	50.99	51.39	49.98	61.45	53.03	59.33	58.68	60.55	59.24	56.77	52.36	52.42	50.87
159	51.86	49.89	51.33	49.95	53.93	53.77	53.20	50.89	51.28	49.87	61.35	52.91	59.22	58.55	60.44	59.14	56.65	52.25	52.32	50.76
160	51.75	49.79	51.21	49.86	53.84	53.66	53.10	50.79	51.17	49.78	61.24	52.82	59.11	58.45	60.33	59.05	56.52	52.14	52.21	50.66
161	51.64	49.69	51.11	49.76	53.73	53.54	52.99	50.68	51.08	49.70	61.15	52.71	59.00	58.32	60.19	58.92	56.41	52.01	52.10	50.56
162	51.52	49.57	51.00	49.65	53.57	53.42	52.87	50.58	50.92	49.56	61.03	52.58	58.86	58.20	60.07	58.81	56.28	51.91	51.96	50.44
163	51.40	49.47	50.90	49.52	53.46	53.31	52.78	50.44	50.79	49.45	60.92	52.44	58.72	58.06	59.97	58.68	56.18	51.82	51.84	50.30
164	51.30	49.34	50.80	49.41	53.35	53.19	52.70	50.34	50.69	49.35	60.83	52.33	58.57	57.97	59.87	58.57	56.08	51.70	51.72	50.19
165	51.19	49.24	50.70	49.33	53.26	53.10	52.61	50.23	50.57	49.22	60.72	52.23	58.45	57.87	59.78	58.47	55.98	51.58	51.61	50.06
166	51.08	49.15	50.58	49.20	53.16	53.00	52.52	50.15	50.46	49.11	60.61	52.10	58.33	57.74	59.69	58.37	55.87	51.46	51.51	49.94
167	50.96	49.06	50.47	49.07	53.02	52.91	52.43	50.05	50.38	48.97	60.51	51.99	58.22	57.59	59.59	58.24	55.77	51.34	51.38	49.80
168	50.87	48.96	50.35	48.96	52.89	52.80	52.34	49.93	50.27	48.84	60.40	51.88	58.11	57.45	59.48	58.15	55.65	51.25	51.28	49.70
169	50.74	48.87	50.22	48.84	52.77	52.69	52.22	49.81	50.17	48.71	60.30	51.78	58.01	57.32	59.36	58.05	55.53	51.13	51.17	49.60
170	50.61	48.74	50.09	48.74	52.68	52.58	52.12	49.69	50.04	48.59	60.18	51.67	57.93	57.22	59.24	57.93	55.44	51.03	51.09	49.48
171	50.51	48.65	50.00	48.65	52.58	52.47	52.01	49.59	49.96	48.49	60.08	51.58	57.82	57.11	59.12	57.84	55.33	50.94	51.01	49.39
172	50.43	48.56	49.88	48.55	52.47	52.35	51.92	49.49	49.85	48.40	59.99	51.46	57.72	57.01	59.05	57.73	55.19	50.84	50.90	49.28
173	50.33	48.44	49.75	48.45	52.33	52.24	51.80	49.35	49.76	48.29	59.87	51.35	57.57	56.88	58.93	57.61	55.10	50.71	50.79	49.17
174	50.21	48.34	49.64	48.31	52.22	52.10	51.67	49.17	49.62	48.17	59.74	51.22	57.43	56.77	58.81	57.51	54.94	50.60	50.68	49.05
175	50.12	48.26	49.52	48.19	52.13	51.97	51.55	49.05	49.53	48.04	59.64	51.08	57.32	56.70	58.69	57.40	54.82	50.49	50.60	48.93
176	50.01	48.13	49.42	48.09	52.03	51.89	51.46	48.94	49.43	47.91	59.51	50.96	57.21	56.61	58.59	57.29	54.70	50.37	50.49	48.83
177	49.88	48.01	49.32	47.98	51.93	51.76	51.35	48.84	49.31	47.80	59.41	50.83	57.10	56.51	58.48	57.16	54.60	50.25	50.38	48.73
178	49.76	47.89	49.16	47.84	51.81	51.63	51.20	48.69	49.22	47.68	59.28	50.70	56.97	56.42	58.35	57.05	54.49	50.14	50.25	48.58
179	49.63	47.79	49.05	47.73	51.70	51.49	51.10	48.59	49.10	47.57	59.17	50.58	56.85	56.31	58.22	56.92	54.39	50.02	50.14	48.44
180	49.52	47.68	48.96	47.63	51.60	51.40	51.02	48.50	48.99	47.45	59.05	50.47	56.75	56.18	58.12	56.82	54.29	49.91	50.04	48.33
181	49.40	47.56	48.85	47.55	51.49	51.30	50.85	48.41	48.89	47.32	58.98	50.36	56.63	56.03	57.97	56.71	54.18	49.80	49.94	48.22
182	49.29	47.43	48.72	47.44	51.38	51.17	50.76	48.30	48.78	47.19	58.87	50.24	56.54	55.93	57.88	56.58	54.09	49.69	49.81	48.08
183	49.18	47.34	48.58	47.33	51.27	51.03	50.63	48.19	48.66	47.05	58.75	50.10	56.44	55.80	57.75	56.46	53.97	49.59	49.68	47.95
184	49.03	47.24	48.46	47.22	51.15	50.93	50.50	48.10	48.58	46.96	58.65	50.00	56.34	55.69	57.65	56.33	53.86	49.48	49.59	47.82
185	48.93	47.13	48.37	47.13	51.04	50.82	50.41	47.99	48.47	46.81	58.56	49.91	56.23	55.58	57.55	56.23	53.74	49.37	49.49	47.73
186	48.79	47.02	48.27	47.01	50.93	50.70	50.30	47.87	48.34	46.69	58.45	49.78	56.13	55.48	57.42	56.12	53.64	49.25	49.38	47.60
187	48.70	46.92	48.17	46.92	50.82	50.58	50.19	47.76	48.23	46.60	58.35	49.68	56.03	55.37	57.31	56.00	53.54	49.14	49.26	47.50
188	48.60	46.82	48.06	46.81	50.73	50.48	50.10	47.64	48.13	46.50	58.25	49.56	55.93	55.27	57.20	55.86	53.43	49.04	49.17	47.39
189	48.47	46.72	47.95	46.72	50.63	50.35	49.99	47.53	48.03	46.42	58.15	49.47	55.83	55.16	57.07	55.73	53.29	48.92	49.07	47.24
190	48.36	46.60	47.82	46.61	50.53	50.22	49.89	47.41	47.93	46.30	58.03	49.35	55.73	55.04	56.97	55.62	53.17	48.81	48.97	47.14
191	48.26	46.51	47.73	46.52	50.42	50.11	49.79	47.32	47.84	46.19	57.93	49.24	55.64	54.94	56.85	55.50	53.05	48.71	48.86	47.03
192	48.16	46.39	47.63	46.41	50.30	49.99	49.69	47.20	47.74	46.07	57.82	49.13	55.52	54.82	56.74	55.37	52.93	48.61	48.73	46.91
193	48.03	46.28	47.51	46.29	50.20	49.88	49.59	47.08	47.61	45.98	57.74	49.01	55.42	54.69	56.64	55.26	52.83	48.50	48.64	46.81
194	47.92	46.17	47.41	46.19	50.11	49.77	49.48	46.97	47.52	45.88	57.63	48.91	55.32	54.56	56.53	55.16	52.72	48.38	48.54	46.69
195	47.82	46.06	47.31	46.07	50.01	49.67	49.35	46.87	47.42	45.78	57.52	48.80	55.21	54.46	56.42	55.05	52.59	48.28	48.43	46.59
196	47.72	45.97	47.19	45.96	49.89	49.57	49.23	46.74	47.30	45.66	57.39	48.68	55.08	54.34	56.31	54.90	52.47	48.18	48.31	46.47
197	47.61	45.88	47.08	45.87	49.78	49.46	49.12	46.64	47.18	45.56	57.28	48.57	54.97	54.23	56.21	54.79	52.37	48.08	48.21	46.37
	47.52	45.78	47.00	45.77	49.68	49.36	49.01	46.53	47.09	45.47		48.45	54.89	54.16	56.10	54.71	52.27	47.98	48.12	46.28
