73.06
72.76
72.53
72.32
72.11
71.56
71.23
70.88
70.61
70.28
70.00
69.66
69.39
69.05
68.68
68.34
68.05
67.69
67.37
67.02
66.73
66.37
66.04
65.69
65.40
65.08
64.75
64.39
64.10
63.81
63.53
63.20
62.99
62.70
62.50
62.30
62.06
61.87
61.65
61.31
61.04
60.72
60.36
59.99
59.65
59.31
59.02
58.69
58.44
58.17
57.90
57.69
57.49
57.24
57.02
56.81
56.60
56.40
56.14
55.91
55.67
55.42
55.24
55.00
54.81
54.59
54.38
54.12
53.92
53.59
53.40
53.09
52.87
52.53
52.31
52.12
51.88
51.66
51.42
51.17
50.91
50.64
50.40
50.18
49.93
49.70
49.47
49.25
48.99
48.78
48.57
48.38
48.06
47.85
47.63
47.38
47.16
46.92
46.68
46.41
46.19
45.91
45.69
45.42
45.17
44.93
44.71
44.49
44.14
43.94
43.74
43.44
43.08
42.87
42.87
42.77
42.58
42.35
42.14
42.03
41.89
41.73
41.58
41.47
41.37
41.24
41.09
40.97
40.87
40.74
40.63
40.50
40.39
40.24
40.08
39.96
39.79
39.64
39.49
39.32
39.17
39.02
38.79
38.56
38.41
38.28
38.18
38.07
37.98
37.86
37.75
37.63
37.51
37.37
37.18
37.09
36.99
36.86
36.75
36.65
36.47
36.32
36.19
36.09
35.93
35.78
35.67
35.58
35.46
35.33
35.20
35.09
34.97
34.83
34.75
34.59
34.35
34.24
34.08
33.95
33.85
33.73
33.60
33.50
33.39
33.27
33.13
32.96
32.84
32.73
32.61
32.50
32.39
32.26
32.15
32.04
31.94
31.81
31.66
31.58
31.42
31.27
31.16
31.01
30.93
30.81
30.68
30.52
30.42
30.31
30.16
30.03
29.92
29.78
29.62
29.50
29.42
29.33
29.23
29.10
29.00
28.90
28.79
28.67
28.53
28.41
