72.28
71.98
71.74
71.52
71.32
70.95
70.63
70.29
69.94
69.57
69.25
68.94
68.60
68.26
67.94
67.63
67.38
67.06
66.73
66.41
66.11
65.75
65.48
65.12
64.84
64.56
64.24
63.93
63.63
63.27
62.98
62.69
62.44
62.19
61.99
61.77
61.54
61.32
61.10
60.77
60.43
60.10
59.79
59.47
59.15
58.82
58.54
58.22
57.95
57.65
57.41
57.20
56.96
56.74
56.54
56.31
56.12
55.92
55.68
55.43
55.21
54.98
54.76
54.54
54.34
54.14
53.93
53.66
53.48
53.13
52.93
52.59
52.39
52.05
51.80
51.55
51.31
51.12
50.90
50.65
50.43
50.14
49.89
49.67
49.46
49.26
49.05
48.85
48.68
48.46
48.23
48.02
47.68
47.42
47.14
46.87
46.63
46.39
46.10
45.83
45.60
45.30
45.10
44.85
44.62
44.38
44.18
43.98
43.67
43.46
43.23
42.93
42.63
42.42
42.21
41.87
41.60
41.31
41.11
40.89
40.89
40.77
40.60
40.51
40.38
40.23
40.12
39.98
39.87
39.76
39.67
39.52
39.43
39.32
39.12
39.02
38.84
38.68
38.53
38.37
38.13
38.01
37.79
37.58
37.43
37.23
37.13
37.02
36.92
36.80
36.72
36.61
36.51
36.34
36.16
36.02
35.90
35.76
35.66
35.55
35.41
35.31
35.19
35.07
34.91
34.78
34.67
34.58
34.45
34.33
34.24
34.14
34.02
33.87
33.73
33.59
33.33
33.21
33.05
32.94
32.84
32.74
32.62
32.52
32.38
32.25
32.14
32.01
31.87
31.74
31.60
31.51
31.33
31.20
31.01
30.88
30.79
30.65
30.50
30.39
30.21
30.10
29.98
29.86
29.72
29.63
29.49
29.36
29.24
29.14
29.00
28.89
28.79
28.66
28.55
28.40
28.30
28.20
28.07
27.95
27.85
27.73
27.60
27.46
27.35
27.20
