73.01
72.72
72.51
72.32
72.12
71.72
71.42
71.07
70.77
70.50
70.16
69.71
69.38
69.13
68.79
68.49
68.16
67.80
67.56
67.26
66.93
66.58
66.30
65.99
65.69
65.41
65.09
64.78
64.46
64.11
63.76
63.46
63.21
62.97
62.76
62.55
62.30
62.08
61.88
61.59
61.27
60.95
60.61
60.30
59.98
59.66
59.39
58.98
58.71
58.45
58.20
58.00
57.77
57.48
57.22
56.98
56.79
56.57
56.34
56.13
55.91
55.65
55.44
55.25
55.05
54.82
54.54
54.29
54.06
53.76
53.59
53.26
53.03
52.73
52.52
52.30
52.03
51.83
51.58
51.37
51.12
50.83
50.59
50.40
50.17
49.96
49.74
49.54
49.33
49.14
48.90
48.68
48.37
48.13
47.88
47.61
47.37
47.13
46.82
46.59
46.33
46.04
45.82
45.56
45.24
44.95
44.75
44.36
44.09
43.91
43.69
43.36
43.05
42.85
42.62
42.30
42.02
41.75
41.52
41.52
41.44
41.28
41.16
41.08
40.98
40.84
40.74
40.60
40.46
40.37
40.24
40.05
39.95
39.81
39.71
39.61
39.43
39.15
38.91
38.77
38.62
38.47
38.19
38.02
37.89
37.71
37.57
37.48
37.37
37.25
37.13
37.00
36.91
36.85
36.70
36.58
36.45
36.27
36.15
36.02
35.83
35.71
35.58
35.45
35.36
35.23
35.12
35.00
34.87
34.74
34.64
34.51
34.40
34.26
34.14
33.96
33.71
33.62
33.44
33.32
33.22
33.09
32.99
32.88
32.75
32.65
32.52
32.37
32.25
32.14
32.00
31.90
31.73
31.62
31.48
31.31
31.19
31.08
30.87
30.75
30.64
30.54
30.42
30.28
30.20
30.11
29.95
29.81
29.69
29.56
29.43
29.30
29.21
29.13
29.02
28.91
28.80
28.66
28.51
28.39
28.23
28.10
27.98
27.88
27.79
27.69
