70.75
70.53
70.32
70.09
69.85
69.42
69.13
69.13
68.97
68.75
68.52
68.36
68.17
67.88
67.65
67.39
67.18
67.03
66.78
66.55
66.39
66.18
65.94
65.68
65.43
65.07
64.86
64.66
64.38
64.18
63.95
63.74
63.56
63.44
63.30
63.17
63.06
62.93
62.83
62.72
62.46
62.27
62.01
61.77
61.53
61.30
61.02
60.76
60.50
60.25
60.01
59.88
59.75
59.65
59.47
59.34
59.22
59.12
59.02
58.85
58.73
58.61
58.47
58.37
58.25
58.14
58.04
57.90
57.73
57.62
57.38
57.25
56.94
56.77
56.58
56.47
56.32
56.15
56.04
55.89
55.75
55.63
55.51
55.38
55.30
55.17
55.08
54.99
54.91
54.81
54.70
54.56
54.45
54.24
54.06
53.93
53.75
53.62
53.49
53.27
53.10
52.96
52.78
52.69
52.59
52.45
52.23
52.09
51.99
51.77
51.66
51.54
51.36
51.17
51.05
50.90
50.71
50.58
50.39
50.30
50.11
49.90
49.81
49.68
49.50
49.36
49.23
49.13
49.05
48.92
48.81
48.63
48.53
48.41
48.22
48.09
47.99
47.66
47.56
47.43
47.29
47.12
46.93
46.72
46.58
46.47
46.37
46.23
46.13
46.00
45.87
45.77
45.66
45.51
45.32
45.20
45.07
44.94
44.82
44.69
44.57
44.46
44.32
44.17
44.00
43.90
43.79
43.63
43.53
43.36
43.25
43.11
43.02
42.89
42.77
42.64
42.47
42.38
42.20
42.09
41.97
41.82
41.70
41.61
41.46
41.35
41.22
40.95
40.80
40.71
40.62
40.51
40.37
40.28
40.16
40.05
39.93
39.84
39.71
39.60
39.42
39.34
39.20
39.04
38.92
38.78
38.61
38.49
38.37
38.26
38.11
37.97
37.85
37.77
37.57
37.36
37.22
37.11
37.00
36.88
36.72
36.62
36.50
36.37
36.21
36.07
