72.75
72.50
72.28
72.09
71.88
71.50
71.23
70.93
70.61
70.28
69.98
69.64
69.32
69.04
68.65
68.34
68.08
67.69
67.40
67.08
66.74
66.42
66.11
65.76
65.33
65.06
64.75
64.39
64.06
63.76
63.44
63.12
62.91
62.66
62.43
62.22
61.99
61.77
61.58
61.21
60.91
60.58
60.28
59.95
59.59
59.27
58.99
58.69
58.45
58.16
57.92
57.69
57.48
57.23
57.01
56.78
56.58
56.27
56.01
55.70
55.47
55.24
55.01
54.77
54.58
54.40
54.20
53.96
53.75
53.42
53.22
52.88
52.64
52.31
52.09
51.82
51.59
51.39
51.18
50.95
50.71
50.44
50.23
50.03
49.79
49.58
49.36
49.12
48.93
48.71
48.51
48.31
47.99
47.75
47.52
47.24
47.01
46.76
46.52
46.52
46.41
46.31
46.15
46.03
45.91
45.81
45.67
45.53
45.39
45.18
45.07
44.93
44.70
44.49
44.38
44.24
44.06
43.87
43.67
43.54
43.40
43.25
43.16
43.04
42.90
42.76
42.63
42.50
42.40
42.28
42.16
41.99
41.90
41.78
41.67
41.53
41.41
41.23
41.09
40.93
40.76
40.64
40.38
40.16
40.00
39.87
39.78
39.66
39.56
39.45
39.33
39.18
39.10
38.94
38.75
38.60
38.50
38.31
38.20
38.13
37.97
37.85
37.72
37.62
37.50
37.39
37.31
37.16
37.08
36.96
36.86
36.74
36.58
36.44
36.33
36.21
36.01
35.88
35.74
35.65
35.53
35.43
35.32
35.23
35.07
34.95
34.85
34.73
34.62
34.46
34.34
34.23
34.03
33.90
33.79
33.60
33.50
33.36
33.23
33.13
32.93
32.74
32.59
32.48
32.33
32.23
32.12
32.03
31.93
31.81
31.64
31.52
31.44
31.34
31.16
31.03
30.87
30.75
30.64
30.53
30.39
30.30
30.16
30.06
29.95
29.79
