71.75
71.48
71.30
71.12
70.88
70.52
70.17
69.86
69.62
69.33
69.02
68.70
68.34
68.03
67.66
67.36
67.05
66.71
66.43
66.11
65.77
65.45
65.15
64.85
64.58
64.32
63.96
63.60
63.31
62.97
62.68
62.34
62.14
61.90
61.69
61.44
61.21
61.01
60.79
60.42
60.14
59.77
59.45
59.15
58.89
58.57
58.27
57.94
57.58
57.33
57.07
56.86
56.66
56.43
56.20
55.99
55.80
55.61
55.36
55.15
54.91
54.69
54.51
54.32
54.10
53.81
53.58
53.32
53.08
52.78
52.55
52.15
51.94
51.58
51.37
51.11
50.86
50.66
50.40
50.18
49.95
49.67
49.45
49.24
49.04
48.84
48.63
48.44
48.22
48.02
47.81
47.58
47.28
47.08
46.86
46.59
46.33
46.09
45.82
45.56
45.32
45.08
44.86
44.60
44.35
44.35
44.24
44.13
43.98
43.74
43.64
43.49
43.26
43.03
42.91
42.77
42.56
42.36
42.16
42.06
41.96
41.77
41.63
41.50
41.39
41.26
41.13
41.01
40.90
40.75
40.62
40.44
40.34
40.24
40.13
40.01
39.90
39.72
39.60
39.48
39.32
39.18
38.89
38.74
38.60
38.44
38.32
38.20
38.10
38.00
37.88
37.76
37.63
37.49
37.30
37.15
37.04
36.88
36.74
36.62
36.48
36.37
36.29
36.17
36.04
35.95
35.85
35.76
35.66
35.51
35.39
35.25
35.11
35.00
34.90
34.76
34.60
34.52
34.30
34.20
34.07
33.91
33.79
33.68
33.55
33.44
33.35
33.22
33.07
32.97
32.86
32.76
32.65
32.53
32.39
32.26
32.17
32.02
31.82
31.73
31.54
31.36
31.24
31.07
30.90
30.79
30.68
30.58
30.48
30.37
30.23
30.12
29.99
29.88
29.73
29.61
29.51
29.37
29.24
29.10
28.95
28.85
28.72
28.58
28.45
28.29
