72.52
72.23
71.99
71.80
71.60
71.20
70.89
70.57
70.23
69.90
69.60
69.34
68.91
68.60
68.27
68.04
67.75
67.44
67.13
66.78
66.46
66.13
65.85
65.51
65.11
64.84
64.54
64.21
63.90
63.59
63.28
63.03
62.84
62.58
62.38
62.17
61.96
61.75
61.57
61.20
60.91
60.54
60.24
59.94
59.62
59.15
58.94
58.60
58.32
57.95
57.69
57.49
57.27
57.02
56.78
56.55
56.33
56.12
55.91
55.68
55.40
55.16
54.96
54.75
54.55
54.34
54.11
53.83
53.60
53.24
53.05
52.66
52.43
52.08
51.89
51.65
51.39
51.17
50.95
50.71
50.48
50.25
49.96
49.73
49.51
49.31
49.11
48.85
48.64
48.43
48.22
47.95
47.75
47.51
47.29
47.03
46.77
46.51
46.27
46.01
45.79
45.49
45.28
45.04
44.77
44.54
44.32
44.09
43.75
43.57
43.28
42.98
42.65
42.45
42.21
41.92
41.55
41.26
41.00
40.73
40.48
40.22
40.01
39.80
39.54
39.27
39.05
38.82
38.60
38.38
38.38
38.27
38.16
38.06
37.96
37.79
37.67
37.50
37.31
37.20
37.04
36.89
36.57
36.37
36.25
36.12
36.00
35.86
35.76
35.65
35.52
35.36
35.25
35.10
34.90
34.78
34.66
34.53
34.42
34.32
34.09
33.96
33.84
33.75
33.61
33.51
33.39
33.26
33.17
33.02
32.91
32.80
32.69
32.51
32.38
32.20
32.02
31.86
31.71
31.56
31.46
31.36
31.24
31.12
30.97
30.89
30.75
30.59
30.47
30.34
30.21
30.11
29.96
29.84
29.66
29.56
29.42
29.26
29.04
28.93
28.78
28.65
28.53
28.35
28.24
28.15
28.04
27.93
27.81
27.67
27.53
27.40
27.27
27.20
27.04
26.94
26.83
26.72
26.59
26.50
26.40
26.31
26.22
26.07
25.94
25.76
