72.35
72.11
71.91
71.72
71.49
71.15
70.82
70.46
70.13
69.73
69.47
69.11
68.84
68.64
68.17
67.87
67.54
67.13
66.91
66.48
66.17
65.85
65.51
65.18
64.85
64.65
64.21
63.89
63.55
63.23
62.93
62.72
62.53
62.29
62.09
61.86
61.65
61.44
61.18
60.82
60.52
60.19
59.85
59.50
59.27
58.91
58.62
58.27
58.01
57.72
57.49
57.29
57.05
56.78
56.57
56.32
56.11
55.93
55.69
55.46
55.23
54.99
54.79
54.56
54.33
54.03
53.79
53.49
53.05
52.83
52.42
52.17
51.78
51.55
51.36
51.15
50.91
50.70
50.49
50.24
49.99
49.73
49.50
49.28
49.08
48.87
48.66
48.43
48.21
48.02
47.78
47.56
47.22
47.01
46.78
46.52
46.31
46.06
45.77
45.50
45.25
44.97
44.76
44.49
44.24
44.02
43.82
43.61
43.22
43.03
42.81
42.47
42.19
41.98
41.70
41.41
41.11
40.80
40.59
40.29
40.05
39.83
39.62
39.40
39.15
38.93
38.69
38.47
38.24
38.04
37.81
37.58
37.36
37.16
36.95
36.76
36.47
36.21
35.84
35.64
35.23
34.86
34.66
34.38
34.18
33.99
33.79
33.60
33.37
33.17
32.93
32.73
32.53
32.53
32.39
32.27
32.16
32.01
31.90
31.77
31.55
31.44
31.32
31.19
31.10
30.99
30.90
30.73
30.61
30.47
30.36
30.27
30.15
30.03
29.93
29.75
29.55
29.46
29.30
29.19
29.07
28.94
28.81
28.70
28.56
28.44
28.33
28.20
28.07
27.93
27.83
27.72
27.58
27.49
27.35
27.22
27.07
26.96
26.79
26.69
26.50
26.39
26.28
26.13
26.00
25.88
25.80
25.68
25.58
25.47
25.35
25.24
25.07
24.95
24.83
24.70
24.58
24.48
24.33
24.25
24.13
24.04
23.93
23.77
23.65
23.53
