73.07
72.80
72.57
72.33
72.11
71.77
71.48
71.12
70.80
70.49
70.17
69.88
69.54
69.25
68.89
68.53
68.18
67.78
67.48
67.12
66.80
66.45
66.12
65.79
65.41
65.02
64.79
64.47
64.18
63.86
63.57
63.26
63.04
62.75
62.56
62.33
62.12
61.89
61.70
61.29
60.98
60.61
60.20
59.90
59.52
59.19
58.87
58.58
58.31
58.04
57.78
57.58
57.39
57.12
56.86
56.65
56.46
56.22
55.97
55.74
55.52
55.25
55.06
54.82
54.61
54.38
54.15
53.89
53.69
53.39
53.18
52.84
52.59
52.19
51.99
51.79
51.53
51.33
51.09
50.86
50.59
50.33
50.08
49.86
49.65
49.44
49.23
48.99
48.78
48.56
48.36
48.17
47.88
47.65
47.41
47.14
46.91
46.68
46.40
46.14
45.88
45.60
45.43
45.15
44.92
44.64
44.41
44.18
43.85
43.65
43.25
43.03
42.72
42.52
42.13
41.73
41.37
41.16
40.95
40.95
40.86
40.71
40.55
40.42
40.26
40.16
40.03
39.93
39.81
39.69
39.58
39.43
39.31
39.21
39.07
38.90
38.76
38.67
38.48
38.34
38.19
38.05
37.85
37.68
37.55
37.40
37.29
37.16
37.06
36.95
36.83
36.71
36.61
36.43
36.21
36.06
35.92
35.76
35.63
35.54
35.39
35.32
35.20
35.08
34.96
34.84
34.76
34.64
34.54
34.42
34.30
34.17
34.02
33.90
33.79
33.68
33.50
33.37
33.19
33.10
33.00
32.85
32.77
32.67
32.54
32.44
32.32
32.17
32.00
31.87
31.72
31.62
31.50
31.40
31.25
31.14
31.05
30.88
30.74
30.64
30.49
30.37
30.24
30.08
29.97
29.87
29.75
29.63
29.52
29.42
29.25
29.10
29.02
28.90
28.81
28.63
28.54
28.44
28.36
28.23
28.10
27.97
27.84
27.73
27.63
27.51
