71.29
71.02
70.80
70.62
70.37
70.01
69.72
69.38
69.08
68.75
68.45
68.10
67.75
67.44
67.14
66.84
66.55
66.24
65.89
65.60
65.27
64.95
64.68
64.36
64.04
63.74
63.41
63.10
62.78
62.49
62.23
61.96
61.70
61.44
61.22
60.98
60.75
60.57
60.37
60.06
59.71
59.38
59.10
58.81
58.50
58.19
57.89
57.55
57.29
57.29
57.14
57.00
56.91
56.78
56.64
56.54
56.42
56.23
56.11
55.98
55.86
55.72
55.61
55.48
55.39
55.31
55.20
55.07
54.91
54.59
54.47
54.14
53.99
53.63
53.51
53.42
53.32
53.12
53.02
52.90
52.78
52.66
52.50
52.33
52.26
52.14
52.04
51.92
51.80
51.67
51.56
51.44
51.35
51.02
50.92
50.79
50.60
50.47
50.34
50.11
49.94
49.86
49.63
49.47
49.37
49.20
49.03
48.91
48.77
48.52
48.42
48.32
48.12
47.93
47.80
47.66
47.51
47.26
47.05
46.93
46.77
46.64
46.43
46.34
46.22
46.08
45.97
45.84
45.76
45.62
45.49
45.34
45.24
45.12
44.96
44.78
44.58
44.40
44.23
44.09
43.90
43.75
43.44
43.25
43.12
43.02
42.87
42.81
42.71
42.58
42.49
42.35
42.23
42.08
41.95
41.81
41.70
41.59
41.46
41.36
41.19
41.09
40.96
40.87
40.77
40.68
40.58
40.47
40.34
40.22
40.12
40.03
39.85
39.72
39.61
39.50
39.31
39.20
39.06
38.93
38.84
38.73
38.60
38.50
38.36
38.28
38.16
37.97
37.86
37.67
37.58
37.45
37.29
37.19
37.08
36.97
36.87
36.75
36.53
36.41
36.25
36.15
36.01
35.86
35.70
35.57
35.44
35.24
35.14
35.03
34.90
34.79
34.66
34.52
34.42
34.30
34.16
34.03
33.90
33.74
33.55
33.47
33.35
33.17
33.05
32.89
