72.99
72.78
72.58
72.36
72.13
71.72
71.37
71.03
70.69
70.37
70.08
69.75
69.41
69.10
68.80
68.47
68.17
67.81
67.50
67.22
66.93
66.61
66.32
65.98
65.64
65.35
64.97
64.63
64.29
63.94
63.66
63.33
63.09
62.83
62.61
62.39
62.18
61.98
61.78
61.44
61.12
60.80
60.50
60.17
59.84
59.42
59.20
58.84
58.55
58.28
58.07
57.87
57.65
57.38
57.12
56.88
56.66
56.48
56.22
55.98
55.73
55.51
55.34
55.12
54.93
54.72
54.46
54.24
54.00
53.66
53.45
53.14
52.92
52.61
52.40
52.16
51.92
51.73
51.49
51.25
51.01
50.65
50.43
50.20
49.95
49.76
49.54
49.32
49.07
48.86
48.65
48.44
48.17
47.95
47.73
47.48
47.24
47.02
46.74
46.74
46.63
46.50
46.30
46.20
46.04
45.88
45.72
45.59
45.45
45.24
45.13
44.83
44.68
44.45
44.33
44.02
43.68
43.39
43.30
43.14
43.02
42.87
42.68
42.57
42.43
42.27
42.14
41.99
41.88
41.73
41.61
41.47
41.34
41.22
41.07
40.92
40.73
40.57
40.45
40.33
40.18
39.98
39.79
39.59
39.46
39.33
39.22
39.09
39.01
38.84
38.73
38.63
38.51
38.39
38.22
38.12
37.99
37.81
37.70
37.56
37.43
37.34
37.23
37.10
37.01
36.89
36.78
36.63
36.54
36.44
36.30
36.16
36.05
35.95
35.83
35.72
35.56
35.47
35.30
35.19
35.06
34.94
34.82
34.73
34.63
34.50
34.37
34.26
34.14
34.03
33.90
33.80
33.64
33.55
33.43
33.27
33.17
33.04
32.84
32.74
32.56
32.44
32.35
32.17
32.07
31.93
31.82
31.62
31.51
31.41
31.28
31.15
31.03
30.93
30.70
30.56
30.43
30.31
30.19
30.10
29.96
29.85
29.76
29.62
29.52
29.37
