71.50
71.20
70.98
70.76
70.39
70.01
69.61
69.23
68.89
68.52
68.17
67.80
67.56
67.26
66.92
66.62
66.30
65.93
65.57
65.28
64.96
64.63
64.36
64.02
63.62
63.30
62.99
62.62
62.29
61.94
61.64
61.31
61.13
60.86
60.66
60.46
60.21
60.00
59.65
59.24
58.82
58.44
58.01
57.63
57.32
56.93
56.55
56.12
55.76
55.54
55.31
55.10
54.88
54.62
54.36
54.15
53.96
53.76
53.50
53.26
53.00
52.75
52.55
52.34
52.12
51.91
51.71
51.71
51.56
51.42
51.20
51.10
50.88
50.73
50.50
50.36
50.22
50.02
49.91
49.77
49.64
49.52
49.38
49.23
49.13
49.02
48.93
48.84
48.73
48.54
48.43
48.30
48.19
48.01
47.91
47.78
47.65
47.42
47.35
47.17
46.99
46.85
46.66
46.55
46.40
46.22
46.07
45.96
45.84
45.58
45.47
45.35
45.05
44.88
44.78
44.62
44.45
44.21
44.04
43.92
43.80
43.66
43.56
43.46
43.38
43.26
43.16
43.06
42.93
42.78
42.68
42.51
42.40
42.28
42.07
41.97
41.86
41.58
41.39
41.24
41.09
40.96
40.79
40.59
40.41
40.26
40.14
40.03
39.93
39.83
39.71
39.59
39.48
39.38
39.18
39.06
38.95
38.79
38.67
38.57
38.40
38.32
38.17
38.07
37.90
37.79
37.69
37.57
37.48
37.35
37.25
37.15
37.04
36.92
36.81
36.69
36.52
36.42
36.27
36.17
36.02
35.89
35.79
35.67
35.52
35.41
35.27
35.14
35.00
34.86
34.77
34.67
34.51
34.37
34.20
33.99
33.87
33.78
33.58
33.47
33.31
33.19
33.08
32.98
32.84
32.70
32.60
32.46
32.33
32.22
32.07
31.97
31.84
31.74
31.63
31.55
31.46
31.34
31.22
31.11
30.99
30.90
30.79
30.68
30.57
30.47
