1	71.87	72.03	72.20	72.34	72.39	72.37	72.61	72.54	72.76	72.98	70.65	73.01	70.80	70.76	71.00	71.12	71.28	71.48	71.54	71.84
2	71.63	71.77	71.88	72.08	72.19	72.13	72.40	72.32	72.52	72.71	70.42	72.76	70.51	70.48	70.77	70.88	71.05	71.20	71.28	71.52
3	71.43	71.55	71.63	71.89	71.97	71.91	72.16	72.10	72.33	72.49	70.21	72.54	70.29	70.28	70.56	70.65	70.83	71.00	71.08	71.28
4	71.20	71.33	71.37	71.68	71.71	71.64	71.91	71.86	72.06	72.28	69.96	72.31	70.03	70.05	70.34	70.39	70.59	70.77	70.84	71.05
5	70.95	71.12	71.16	71.48	71.49	71.27	71.70	71.61	71.83	72.08	69.68	72.05	69.82	69.77	70.08	70.21	70.19	70.55	70.59	70.85
6	70.62	70.82	70.83	71.16	71.20	70.92	71.38	71.33	71.47	71.73	69.40	71.58	69.38	69.49	69.75	69.83	69.78	70.22	70.28	70.56
7	70.33	70.45	70.46	70.84	70.89	70.63	71.06	71.00	71.13	71.40	69.10	71.29	69.14	69.11	69.42	69.48	69.42	69.93	69.93	70.25
8	69.89	70.15	70.19	70.54	70.55	70.43	70.73	70.65	70.82	71.08	69.10	71.03	68.67	68.82	69.17	69.20	68.98	69.63	69.57	69.88
9	69.53	69.78	69.86	70.19	70.14	70.09	70.38	70.29	70.44	70.69	68.98	70.71	68.31	68.46	68.86	68.78	68.56	69.25	69.16	69.52
10	69.15	69.36	69.53	69.83	69.82	69.78	70.01	69.97	70.10	70.40	68.69	70.33	68.05	68.03	68.46	68.47	68.15	68.86	68.84	69.23
11	68.80	69.14	69.19	69.51	69.48	69.48	69.69	69.71	69.80	70.10	68.52	70.00	67.56	67.83	68.15	68.15	67.82	68.66	68.55	68.94
13	68.44	68.75	68.87	69.20	69.17	69.18	69.38	69.42	69.48	69.77	68.32	69.78	67.09	67.83	67.84	67.82	67.60	68.21	68.22	68.61
14	68.06	68.44	68.55	68.88	68.81	68.84	68.98	69.06	69.12	69.42	68.08	69.44	66.91	67.47	67.55	67.51	67.27	67.80	67.94	68.25
15	67.77	68.23	68.22	68.56	68.54	68.59	68.66	68.75	68.85	69.13	67.83	69.17	66.50	67.16	67.25	67.14	66.99	67.60	67.67	67.95
16	67.43	67.80	67.94	68.27	68.30	68.31	68.38	68.44	68.51	68.88	67.61	68.86	66.14	67.03	66.98	66.84	66.68	67.31	67.37	67.51
17	67.12	67.47	67.63	67.81	67.94	67.83	68.01	68.01	68.02	68.53	67.44	68.40	65.76	66.84	66.62	66.41	66.30	66.95	67.03	67.07
18	66.72	67.17	67.34	67.49	67.61	67.50	67.69	67.69	67.82	68.21	67.18	68.10	65.40	66.56	66.35	66.06	65.98	66.62	66.72	66.87
19	66.34	66.82	67.05	67.16	67.27	67.17	67.35	67.38	67.55	67.95	66.95	67.72	65.20	66.34	66.07	65.69	65.71	66.24	66.40	66.55
20	66.01	66.61	66.68	66.83	66.91	66.86	66.98	67.03	67.28	67.70	66.76	67.37	64.78	66.12	65.77	65.34	65.37	65.95	66.09	66.17
21	65.69	66.17	66.35	66.54	66.65	66.50	66.61	66.72	66.93	67.40	66.59	67.11	64.36	65.94	65.48	65.07	65.05	65.64	65.81	65.80
22	65.38	65.84	66.00	66.30	66.40	66.22	66.33	66.41	66.64	67.06	66.33	66.79	63.91	65.76	65.21	64.73	64.78	65.32	65.52	65.51
23	64.97	65.53	65.67	66.00	66.12	65.92	65.99	66.04	66.34	66.73	66.15	66.47	63.52	65.59	64.91	64.40	64.46	65.00	65.18	65.10
24	64.67	65.21	65.36	65.65	65.83	65.63	65.65	65.71	66.01	66.43	65.90	66.14	63.17	65.36	64.62	64.07	64.17	64.72	64.88	64.78
25	64.35	64.85	65.05	65.35	65.51	65.29	65.35	65.40	65.70	66.11	65.63	65.83	62.77	65.07	64.34	63.72	63.85	64.43	64.56	64.45
26	63.98	64.53	64.73	65.00	65.19	64.93	65.04	65.04	65.38	65.65	65.42	65.52	62.54	64.86	64.01	63.41	63.48	63.93	64.21	64.11
27	63.61	64.28	64.38	64.68	64.82	64.58	64.77	64.74	65.05	65.43	65.19	65.19	62.06	64.65	63.68	63.07	63.10	63.65	63.84	63.75
28	63.28	63.83	64.07	64.42	64.53	64.27	64.46	64.47	64.77	65.14	64.96	64.89	61.73	64.45	63.39	62.77	62.82	63.28	63.58	63.45
29	62.93	63.54	63.78	64.17	64.24	63.96	64.12	64.16	64.45	64.84	64.72	64.61	61.40	64.25	63.06	62.49	62.55	63.00	63.30	63.19
30	62.61	63.24	63.45	63.85	63.91	63.67	63.80	63.86	64.14	64.48	64.55	64.31	61.02	64.02	62.77	62.18	62.24	62.67	63.03	62.85
31	62.31	62.93	63.11	63.54	63.61	63.37	63.52	63.57	63.83	64.17	64.34	64.02	60.68	63.81	62.47	61.86	61.94	62.36	62.75	62.54
32	61.92	62.60	62.79	63.23	63.30	63.05	63.17	63.13	63.49	63.83	64.11	63.72	60.43	63.60	62.15	61.32	61.64	62.05	62.44	62.19
33	61.64	62.29	62.47	62.91	62.95	62.71	62.79	62.77	63.13	63.46	63.86	63.41	60.10	63.37	61.81	60.92	61.33	61.70	62.07	61.79
34	61.35	61.97	62.20	62.64	62.64	62.38	62.46	62.44	62.78	63.15	63.59	63.06	59.77	63.06	61.52	60.54	61.04	61.37	61.74	61.48
35	61.09	61.71	61.89	62.36	62.37	62.10	62.23	62.12	62.51	62.87	63.34	62.77	59.51	62.79	61.23	60.14	60.76	61.07	61.45	61.18
36	60.74	61.39	61.58	62.00	62.04	61.72	61.89	61.75	62.17	62.52	63.15	62.44	59.24	62.61	60.92	59.78	60.41	60.67	61.09	60.86
37	60.40	61.02	61.25	61.71	61.69	61.41	61.51	61.48	61.83	62.17	62.93	62.15	58.87	62.39	60.56	59.36	60.07	60.35	60.74	60.48
38	60.07	60.69	60.97	61.33	61.30	61.06	61.21	61.25	61.54	61.80	62.73	61.85	58.57	62.15	60.56	59.12	59.76	60.07	60.43	60.14
39	59.82	60.47	60.74	61.10	61.03	60.82	60.99	61.00	61.31	61.59	62.51	61.59	58.32	61.87	60.34	58.89	59.50	59.84	60.19	59.88
40	59.48	60.11	60.45	60.86	60.75	60.54	60.72	60.69	61.04	61.30	62.39	61.32	58.08	61.71	60.21	58.65	59.06	59.55	59.92	59.60
41	59.12	59.80	60.11	60.59	60.42	60.25	60.42	60.41	60.70	60.97	62.21	61.04	58.08	61.60	60.03	58.33	58.70	59.19	59.59	59.25
42	58.78	59.49	59.81	60.24	60.11	59.93	60.09	60.10	60.39	60.48	62.04	60.75	57.96	61.39	59.83	58.00	58.34	58.84	59.27	58.82
43	58.46	59.14	59.45	59.83	59.78	59.60	59.73	59.75	60.05	60.20	61.87	60.41	57.76	61.19	59.63	57.66	57.96	58.50	58.96	58.40
44	58.15	58.90	59.13	59.50	59.47	59.27	59.36	59.38	59.71	59.91	61.67	60.04	57.50	60.95	59.40	57.36	57.47	58.15	58.67	58.00
45	57.83	58.50	58.79	59.12	59.15	58.94	59.04	59.09	59.31	59.54	61.47	59.70	57.28	60.69	59.15	57.36	57.12	57.76	58.32	57.62
46	57.50	58.14	58.43	58.72	58.81	58.60	58.65	58.75	58.90	59.21	61.19	59.37	57.04	60.46	58.91	57.19	56.69	57.39	57.97	57.21
47	57.18	57.83	58.13	58.46	58.48	58.25	58.34	58.42	58.61	58.96	60.94	59.07	56.78	60.24	58.65	56.95	56.26	57.11	57.67	57.00
48	56.96	57.56	57.84	58.11	58.18	57.95	58.04	58.15	58.26	58.63	60.74	58.73	56.57	60.04	58.44	56.79	56.07	56.76	57.38	56.68
49	56.71	57.33	57.59	57.89	57.96	57.75	57.85	57.90	58.02	58.42	60.53	58.51	56.38	59.85	58.25	56.56	55.86	56.51	57.18	56.44
50	56.51	57.12	57.37	57.68	57.77	57.57	57.61	57.67	57.81	58.25	60.40	58.31	56.25	59.70	58.14	56.41	55.64	56.31	56.98	56.24
51	56.27	56.85	57.12	57.42	57.51	57.30	57.32	57.42	57.57	58.05	60.24	58.02	56.14	59.62	58.01	56.30	55.41	56.01	56.70	56.01
52	56.00	56.57	56.87	57.18	57.30	57.02	57.06	57.17	57.31	57.70	60.03	57.75	55.99	59.46	57.82	56.10	55.16	55.76	56.44	55.77
53	55.79	56.35	56.63	56.96	57.07	56.77	56.80	56.96	57.05	57.49	59.83	57.48	55.82	59.33	57.70	55.91	54.94	55.56	56.19	55.58
54	55.55	56.05	56.35	56.68	56.81	56.48	56.53	56.73	56.78	57.22	59.72	57.20	55.65	59.21	57.57	55.75	54.70	55.33	55.94	55.30
55	55.31	55.82	56.13	56.41	56.57	56.26	56.30	56.51	56.50	56.97	59.54	56.97	55.49	59.09	57.39	55.60	54.47	55.10	55.67	55.08
56	55.07	55.58	55.89	56.16	56.33	56.01	56.08	56.27	56.26	56.70	59.40	56.74	55.35	58.92	57.22	55.43	54.22	54.86	55.43	54.82
57	54.79	55.32	55.63	55.94	56.10	55.74	55.87	55.97	55.96	56.45	59.26	56.49	55.20	58.77	57.07	55.32	53.93	54.56	55.16	54.53
58	54.52	55.05	55.28	55.62	55.83	55.49	55.52	55.63	55.69	56.17	59.11	56.19	55.09	58.58	56.89	55.13	53.59	54.27	54.86	54.29
59	54.33	54.82	55.06	55.40	55.58	55.27	55.30	55.41	55.48	55.96	58.86	55.98	54.97	58.37	56.62	54.92	53.38	54.05	54.63	54.08
60	54.07	54.60	54.83	55.21	55.35	55.01	55.04	55.14	55.25	55.72	58.75	55.73	54.86	58.26	56.47	54.80	53.15	53.82	54.38	53.85
61	53.79	54.34	54.53	55.00	55.11	54.72	54.84	54.89	55.03	55.48	58.59	55.51	54.73	58.13	56.35	54.67	52.92	53.59	54.14	53.59
62	53.54	54.06	54.31	54.71	54.89	54.45	54.57	54.63	54.76	55.22	58.48	55.24	54.59	57.96	56.21	54.53	52.65	53.34	53.89	53.33
63	53.33	53.83	54.10	54.50	54.67	54.22	54.35	54.39	54.54	55.02	58.33	55.01	54.42	57.81	56.02	54.37	52.42	53.11	53.67	53.10
64	53.08	53.54	53.86	54.24	54.39	53.97	54.09	54.14	54.33	54.79	58.20	54.77	54.29	57.69	55.90	54.23	52.18	52.86	53.43	52.83
65	52.81	53.29	53.61	53.97	54.16	53.69	53.87	53.89	54.12	54.58	57.94	54.54	54.20	57.53	55.76	54.07	51.96	52.56	53.15	52.55
66	52.49	52.93	53.32	53.61	53.84	53.37	53.57	53.58	53.82	54.30	57.85	54.23	54.09	57.38	55.61	53.92	51.68	52.30	52.86	52.24
67	52.27	52.69	53.11	53.39	53.62	53.17	53.35	53.36	53.61	54.06	57.67	54.01	53.87	57.17	55.52	53.71	51.48	52.07	52.64	52.00
68	51.91	52.33	52.76	53.01	53.27	52.90	52.97	53.06	53.30	53.72	57.55	53.59	53.76	57.04	55.40	53.61	51.48	51.67	52.26	51.70
69	51.65	51.89	52.50	52.77	53.02	52.64	52.71	52.79	53.09	53.48	57.34	53.31	53.48	56.81	55.15	53.40	51.24	51.44	52.00	51.45
70	51.37	51.55	52.20	52.40	52.72	52.32	52.36	52.43	52.70	53.19	57.20	52.97	53.35	56.68	54.95	53.05	51.10	51.09	51.63	51.11
71	51.09	51.12	51.89	52.12	52.39	52.02	52.05	52.12	52.40	52.86	56.97	52.70	53.13	56.43	54.67	52.66	50.90	50.79	51.36	50.80
72	50.77	50.90	51.56	51.82	52.06	51.68	51.74	51.80	52.07	52.52	56.77	52.36	52.91	56.26	54.43	52.25	50.74	50.45	51.03	50.47
73	50.54	50.65	51.34	51.59	51.81	51.45	51.46	51.57	51.83	52.28	56.56	52.10	52.70	56.01	54.24	52.14	50.51	50.21	50.77	50.23
74	50.33	50.42	51.10	51.37	51.59	51.24	51.24	51.33	51.60	52.04	56.42	51.86	52.55	55.88	54.09	51.97	50.34	49.99	50.55	50.00
75	50.11	50.20	50.84	51.15	51.34	51.03	50.99	51.08	51.38	51.83	56.32	51.67	52.40	55.79	54.00	51.85	50.24	49.75	50.30	49.75
76	49.93	49.89	50.60	50.92	51.09	50.76	50.72	50.75	51.11	51.52	56.21	51.35	52.29	55.68	53.88	51.73	50.08	49.46	50.08	49.44
77	49.74	49.69	50.41	50.72	50.87	50.56	50.51	50.53	50.90	51.32	56.03	51.15	52.11	55.48	53.70	51.51	49.94	49.25	49.89	49.24
78	49.43	49.41	50.12	50.46	50.59	50.30	50.25	50.25	50.61	51.09	55.92	50.87	51.99	55.36	53.59	51.40	49.85	48.97	49.61	48.97
79	49.19	49.16	49.88	50.20	50.33	50.06	50.01	50.02	50.36	50.81	55.78	50.58	51.86	55.17	53.47	51.25	49.70	48.78	49.33	48.70
80	48.95	48.91	49.63	50.02	50.12	49.86	49.73	49.75	50.15	50.55	55.67	50.34	51.73	54.99	53.32	51.12	49.57	48.54	49.09	48.42
81	48.73	48.70	49.45	49.80	49.90	49.64	49.52	49.55	49.94	50.34	55.57	50.13	51.57	54.90	53.16	50.97	49.44	48.36	48.89	48.22
82	48.51	48.46	49.22	49.60	49.65	49.43	49.28	49.30	49.68	50.11	55.48	49.95	51.44	54.80	53.03	50.86	49.34	48.17	48.70	48.04
83	48.30	48.20	48.95	49.39	49.42	49.17	49.05	49.06	49.45	49.86	55.40	49.71	51.34	54.72	52.92	50.70	49.19	47.93	48.45	47.81
84	48.04	47.99	48.71	49.10	49.10	48.89	48.81	48.82	49.14	49.65	55.28	49.47	51.19	54.57	52.78	50.57	49.01	47.68	48.21	47.59
85	47.69	47.72	48.39	48.78	48.82	48.57	48.48	48.53	48.86	49.35	55.12	49.18	51.05	54.43	52.64	50.39	48.81	47.35	47.92	47.34
86	47.44	47.51	48.15	48.58	48.60	48.38	48.28	48.33	48.65	49.13	54.87	48.94	50.83	54.19	52.43	50.20	48.69	47.12	47.71	47.13
87	47.23	47.27	47.90	48.41	48.31	48.10	48.03	48.13	48.42	48.92	54.78	48.72	50.71	54.05	52.33	50.09	48.58	46.87	47.46	46.91
88	47.00	47.06	47.64	48.15	48.05	47.87	47.78	47.88	48.22	48.68	54.64	48.53	50.58	53.92	52.21	49.97	48.44	46.66	47.22	46.65
89	46.82	46.86	47.45	47.95	47.85	47.69	47.55	47.69	48.01	48.49	54.49	48.26	50.42	53.81	52.06	49.81	48.31	46.44	47.00	46.43
90	46.56	46.58	47.13	47.63	47.59	47.42	47.23	47.40	47.74	48.31	54.38	48.02	50.32	53.70	51.96	49.69	48.22	46.08	46.73	46.06
91	46.28	46.33	46.86	47.38	47.32	47.19	46.96	47.13	47.47	48.02	54.23	47.76	50.13	53.49	51.78	49.48	48.04	45.78	46.45	45.82
92	46.00	46.05	46.59	46.93	47.00	46.90	46.63	46.82	47.12	47.77	54.03	47.51	49.90	53.29	51.59	49.26	47.87	45.49	46.17	45.45
93	45.73	45.72	46.32	46.73	46.69	46.60	46.28	46.52	46.79	47.47	53.85	47.21	49.76	53.12	51.48	49.17	47.72	45.17	45.85	45.24
94	45.45	45.47	46.03	46.49	46.39	46.60	46.01	46.23	46.56	47.19	53.68	46.96	49.57	52.94	51.29	48.95	47.51	44.91	45.57	45.00
95	45.11	45.18	45.73	46.11	46.09	46.44	45.70	45.92	46.23	46.88	53.50	46.67	49.42	52.75	51.14	48.78	47.34	44.59	45.26	44.56
96	44.84	44.87	45.47	45.90	45.78	46.21	45.33	45.62	46.00	46.60	53.36	46.43	49.22	52.52	50.95	48.54	47.16	44.30	44.99	44.34
97	44.62	44.62	45.25	45.63	45.78	46.02	45.10	45.39	45.75	46.35	53.16	46.17	49.00	52.34	50.77	48.32	47.00	44.07	44.74	44.09
98	44.29	44.41	44.98	45.31	45.68	45.82	44.79	45.15	45.52	46.13	53.01	45.92	48.88	52.20	50.58	48.19	46.80	43.76	44.50	43.68
99	44.04	44.12	44.74	45.10	45.53	45.69	44.49	44.92	45.19	45.88	52.89	45.67	48.69	52.07	50.45	47.97	46.60	43.46	44.25	43.49
100	43.76	43.86	44.48	44.76	45.38	45.45	44.16	44.67	44.92	45.65	52.65	45.26	48.47	51.89	50.30	47.80	46.46	43.46	43.99	43.06
101	43.43	43.59	44.21	44.36	45.17	45.04	44.16	44.40	44.62	45.34	52.51	44.92	48.28	51.71	50.11	47.64	46.30	43.36	43.72	42.69
102	43.05	43.21	43.85	44.08	45.00	44.73	44.02	43.98	44.28	44.95	52.33	44.47	48.09	51.51	49.95	47.46	46.06	43.15	43.34	42.28
103	42.79	42.93	43.61	43.81	44.76	44.35	43.74	43.65	43.99	44.66	52.06	44.08	47.82	51.23	49.74	47.18	45.77	42.89	43.04	41.89
104	42.40	42.56	43.20	43.53	44.60	44.06	43.49	43.27	43.65	44.36	51.91	43.82	47.60	50.97	49.55	47.02	45.57	42.69	42.65	41.65
105	42.15	42.35	42.99	43.32	44.37	43.92	43.31	42.97	43.40	44.04	51.64	43.43	47.31	50.78	49.30	46.75	45.31	42.43	42.45	41.42
106	41.87	42.02	42.70	43.00	44.26	43.61	43.14	42.97	43.11	43.72	51.53	43.00	47.14	50.67	49.19	46.64	45.20	42.24	42.17	41.19
107	41.60	41.71	42.35	42.69	44.04	43.28	42.94	42.81	42.82	43.38	51.32	42.83	46.99	50.44	49.04	46.47	45.03	42.10	42.17	40.88
108	41.32	41.45	42.09	42.43	43.81	43.18	42.69	42.61	42.41	43.12	51.11	42.56	46.78	50.22	48.83	46.24	44.77	41.91	41.97	40.63
109	41.03	41.11	41.75	42.06	43.65	43.04	42.51	42.18	42.18	42.81	50.98	42.13	46.60	50.06	48.68	46.11	44.65	41.75	41.84	40.32
110	40.73	40.81	41.47	41.76	43.45	42.64	42.30	42.07	41.69	42.53	50.78	41.75	46.39	49.91	48.47	45.87	44.46	41.53	41.65	40.00
111	40.41	40.48	41.16	41.46	43.26	42.33	42.09	41.64	41.47	42.23	50.53	41.34	46.18	49.69	48.23	45.58	44.21	41.32	41.44	39.66
112	40.17	40.16	40.85	41.14	43.06	41.92	41.85	41.53	41.01	41.93	50.29	40.98	45.93	49.44	47.98	45.36	43.99	41.12	41.22	39.31
113	39.87	39.84	40.53	40.82	42.84	41.61	41.65	41.16	40.76	41.42	50.05	40.77	45.71	49.24	47.74	45.18	43.78	40.91	41.00	38.98
114	39.58	39.54	40.18	40.53	42.60	41.48	41.36	40.80	40.49	41.05	49.77	40.42	45.46	48.97	47.54	44.95	43.55	40.69	40.82	38.65
115	39.32	39.23	39.89	40.16	42.35	41.30	41.11	40.45	40.20	40.63	49.58	40.12	45.23	48.77	47.33	44.77	43.26	40.50	40.60	38.36
116	38.99	38.88	39.56	39.83	42.10	41.08	40.92	40.10	39.85	40.26	49.35	39.76	45.03	48.57	47.12	44.55	43.05	40.30	40.39	38.36
117	38.70	38.56	39.24	39.49	41.87	40.81	40.66	39.75	39.57	40.07	49.11	39.47	44.82	48.32	46.88	44.30	42.81	40.10	40.13	38.16
118	38.49	38.30	39.02	39.19	41.68	40.54	40.47	39.62	39.36	39.68	48.93	39.21	44.62	48.15	46.69	44.12	42.62	39.94	39.93	37.96
119	38.18	37.98	38.71	38.89	41.57	40.40	40.36	39.29	39.36	39.47	48.77	38.92	44.46	48.01	46.55	44.01	42.47	39.78	39.78	37.81
120	37.90	37.74	38.46	38.64	41.40	40.21	40.14	39.18	39.21	39.06	48.56	38.92	44.27	47.77	46.36	43.80	42.26	39.58	39.56	37.60
121	37.63	37.43	38.14	38.34	41.25	40.05	39.99	38.83	39.05	38.80	48.39	38.81	44.13	47.60	46.20	43.63	42.09	39.44	39.41	37.43
122	37.40	37.21	38.14	38.12	41.06	39.86	39.78	38.69	38.79	38.58	48.15	38.62	43.94	47.40	45.98	43.44	41.90	39.18	39.17	37.24
123	37.19	36.97	38.03	37.89	40.91	39.70	39.63	38.55	38.64	38.18	47.93	38.50	43.80	47.26	45.83	43.30	41.79	38.96	39.02	37.08
124	36.84	36.64	37.90	37.57	40.76	39.58	39.50	38.43	38.32	37.79	47.80	38.39	43.66	47.13	45.69	43.16	41.66	38.84	38.86	36.92
125	36.60	36.24	37.66	37.28	40.50	39.33	39.27	38.19	37.97	37.50	47.57	38.17	43.39	46.96	45.50	42.91	41.43	38.64	38.57	36.64
126	36.29	35.98	37.46	37.00	40.23	39.04	39.08	37.96	37.83	37.09	47.39	37.91	43.07	46.78	45.27	42.67	41.28	38.45	38.38	36.46
127	36.00	35.64	37.27	36.72	40.05	38.93	38.90	37.77	37.45	36.75	47.23	37.75	42.88	46.61	45.08	42.50	41.10	38.22	38.16	36.28
128	35.71	35.37	37.06	36.41	39.85	38.71	38.71	37.59	37.11	36.53	47.02	37.58	42.65	46.41	44.88	42.29	40.90	38.03	37.93	36.06
129	35.40	35.12	36.84	36.12	39.67	38.52	38.51	37.38	37.02	36.14	46.81	37.37	42.46	46.19	44.66	42.09	40.72	37.82	37.72	35.84
130	35.10	34.79	36.73	35.80	39.50	38.38	38.37	37.22	36.71	35.86	46.64	37.26	42.31	46.04	44.42	41.94	40.57	37.63	37.51	35.67
131	34.86	34.52	36.51	35.55	39.36	38.20	38.12	37.00	36.56	35.45	46.41	37.03	42.13	45.75	44.14	41.72	40.40	37.39	37.26	35.48
132	34.51	34.20	36.37	35.24	39.23	38.04	37.97	36.85	36.23	35.09	46.27	36.90	41.98	45.64	44.00	41.59	40.28	37.24	37.14	35.33
133	34.19	33.90	36.17	34.93	39.04	37.83	37.74	36.68	35.92	34.72	46.04	36.68	41.77	45.37	43.77	41.36	40.12	37.00	36.88	35.12
134	33.88	33.57	35.92	34.93	38.87	37.52	37.53	36.47	35.54	34.35	45.84	36.45	41.57	45.16	43.56	41.13	39.91	36.76	36.67	34.94
135	33.51	33.26	35.61	34.80	38.69	37.28	37.36	36.26	35.24	34.09	45.64	36.27	41.32	44.97	43.27	40.94	39.68	36.58	36.51	34.75
136	33.30	33.07	35.36	34.55	38.43	37.01	37.11	36.01	35.07	33.87	45.42	36.03	41.07	44.72	43.01	40.72	39.42	36.30	36.25	34.47
137	33.07	32.82	35.23	34.41	38.33	36.89	36.99	35.91	34.96	33.66	45.27	35.92	40.95	44.63	42.91	40.63	39.29	36.17	36.14	34.35
138	32.77	32.40	35.07	34.28	38.16	36.76	36.83	35.76	34.83	33.66	45.13	35.77	40.85	44.48	42.80	40.50	39.19	36.05	36.02	34.22
139	32.43	32.19	34.86	34.10	37.96	36.56	36.64	35.57	34.63	33.52	44.95	35.58	40.70	44.33	42.66	40.34	39.00	35.86	35.87	33.84
140	32.25	31.89	34.64	33.88	37.75	36.35	36.43	35.38	34.42	33.32	44.71	35.35	40.49	44.11	42.45	40.14	38.79	35.67	35.66	33.69
141	31.97	31.53	34.54	33.77	37.66	36.23	36.33	35.29	34.28	33.24	44.61	35.28	40.39	43.99	42.35	40.04	38.68	35.57	35.55	33.40
142	31.61	31.29	34.31	33.54	37.45	36.00	36.13	35.11	34.08	33.01	44.37	35.13	40.19	43.76	42.13	39.86	38.47	35.34	35.36	33.11
143	31.61	31.04	34.07	33.26	37.13	35.73	35.82	34.80	33.79	32.72	44.07	34.87	39.91	43.53	41.87	39.59	38.30	35.04	35.08	32.91
144	31.50	30.82	33.88	33.08	36.91	35.57	35.64	34.64	33.61	32.55	43.92	34.71	39.70	43.38	41.72	39.42	38.12	34.87	34.92	32.72
145	31.35	30.60	33.76	32.96	36.77	35.44	35.53	34.46	33.49	32.40	43.80	34.57	39.58	43.26	41.58	39.30	37.97	34.72	34.79	32.56
146	31.20	30.32	33.63	32.82	36.62	35.30	35.44	34.31	33.34	32.30	43.69	34.42	39.45	43.16	41.46	39.19	37.84	34.60	34.63	32.46
147	31.02	30.02	33.44	32.65	36.46	35.12	35.31	34.16	33.20	32.10	43.55	34.28	39.26	42.91	41.27	39.01	37.67	34.44	34.50	32.26
148	30.74	29.80	33.20	32.48	36.28	34.98	35.02	33.93	32.95	31.94	43.32	34.07	39.07	42.66	41.09	38.79	37.52	34.25	34.28	32.10
149	30.61	29.58	33.07	32.34	36.10	34.86	34.88	33.81	32.84	31.79	43.17	33.93	38.93	42.54	40.95	38.68	37.42	34.13	34.15	31.97
150	30.43	29.30	32.91	32.18	35.99	34.75	34.77	33.68	32.70	31.64	43.08	33.77	38.81	42.36	40.82	38.51	37.31	33.98	34.01	31.80
151	30.34	29.06	32.79	32.06	35.85	34.65	34.66	33.57	32.57	31.52	42.97	33.65	38.67	42.25	40.72	38.40	37.18	33.88	33.85	31.63
152	30.17	28.83	32.65	31.92	35.74	34.54	34.52	33.44	32.43	31.38	42.86	33.49	38.55	42.13	40.61	38.27	37.05	33.77	33.71	31.51
