103.35
103.00
102.78
102.50
102.18
101.86
101.54
101.24
101.00
100.66
100.32
100.05
99.67
99.26
98.94
98.60
98.27
97.90
97.58
97.23
96.86
96.58
96.29
96.04
95.73
95.43
95.20
94.88
94.49
94.19
93.86
93.55
93.33
92.96
92.58
92.19
91.89
91.61
91.29
91.00
90.70
90.42
90.12
89.80
89.46
89.13
88.81
88.59
88.37
88.10
87.81
87.52
87.33
87.05
86.84
86.56
86.25
85.96
85.62
85.30
85.01
84.73
84.50
84.28
84.10
83.90
83.64
83.40
83.18
82.97
82.77
82.56
82.36
82.15
81.95
81.68
81.46
81.24
80.98
80.76
80.54
80.35
80.10
79.86
79.61
79.40
79.18
78.86
78.57
78.24
77.91
77.64
77.35
77.14
76.81
76.62
76.40
76.15
75.83
75.53
75.23
74.88
74.52
74.22
73.92
73.92
73.77
73.59
73.37
73.16
72.91
72.67
72.48
72.30
72.11
71.93
71.73
71.50
71.22
71.11
70.99
70.78
70.58
70.44
70.05
69.73
69.40
69.28
69.10
68.99
68.85
68.64
68.36
68.23
67.99
67.89
67.74
67.56
67.46
67.32
67.23
67.05
66.94
66.79
66.67
66.48
66.21
65.96
65.84
65.69
65.57
65.47
65.37
65.28
65.11
64.97
64.82
64.71
64.61
64.50
64.32
64.19
64.06
63.96
63.85
63.72
63.60
63.51
63.41
63.31
63.18
63.09
