102.66
102.35
102.14
101.84
101.64
101.37
100.92
100.58
100.28
99.95
99.50
98.99
98.57
98.14
97.93
97.66
97.17
96.77
96.55
96.21
95.89
95.48
95.20
94.89
94.59
94.30
94.08
93.78
93.49
93.19
92.89
92.55
92.33
91.96
91.59
91.15
90.81
90.52
90.17
89.85
89.48
89.19
88.90
88.52
88.20
87.91
87.59
87.24
87.06
86.80
86.55
86.23
86.04
85.77
85.56
85.26
84.91
84.58
84.23
83.93
83.61
83.28
83.02
82.82
82.59
82.35
82.11
81.79
81.57
81.37
81.19
80.96
80.77
80.55
80.32
80.08
79.89
79.70
79.47
79.25
79.02
78.81
78.58
78.34
78.15
77.94
77.63
77.31
76.97
76.57
76.27
75.96
75.75
75.57
75.30
75.09
74.86
74.55
74.33
74.07
73.77
73.44
73.17
72.90
72.59
72.31
72.05
71.73
71.42
71.12
70.85
70.52
70.29
70.00
69.72
69.46
69.11
68.76
68.54
68.29
68.01
67.74
67.52
67.52
67.39
67.12
66.95
66.72
66.55
66.41
66.26
66.08
65.84
65.72
65.51
65.41
65.21
65.02
64.93
64.85
64.76
64.64
64.53
64.39
64.28
64.11
63.98
63.83
63.71
63.58
63.48
63.34
63.22
63.11
62.97
62.83
62.71
62.60
62.47
62.34
62.18
62.09
61.99
61.87
61.74
61.63
61.47
61.36
61.15
61.07
60.91
60.79
