102.37
102.05
101.84
101.60
101.25
100.92
100.54
100.18
99.75
99.41
98.99
98.71
98.33
98.00
97.69
97.35
97.03
96.69
96.36
96.04
95.74
95.36
95.02
94.73
94.44
94.13
93.92
93.56
93.23
92.94
92.60
92.31
92.09
91.78
91.41
91.06
90.74
90.46
90.15
89.86
89.52
89.06
88.69
88.42
87.90
87.71
87.37
87.07
86.88
86.65
86.36
86.07
85.84
85.58
85.36
85.05
84.72
84.43
84.07
83.75
83.46
83.21
82.99
82.78
82.50
82.23
82.01
82.01
81.87
81.73
81.63
81.50
81.38
81.24
81.10
80.94
80.81
80.67
80.55
80.44
80.34
80.21
80.11
79.95
79.79
79.67
79.53
79.40
79.21
78.96
78.77
78.50
78.36
78.17
78.05
77.83
77.73
77.60
77.40
77.26
77.02
76.77
76.61
76.37
76.18
75.97
75.72
75.48
75.30
75.11
74.92
74.69
74.51
74.33
74.16
73.93
73.77
73.55
73.34
73.23
73.08
72.89
72.71
72.57
72.39
72.19
71.97
71.73
71.55
71.41
71.29
71.07
70.91
70.75
70.49
70.41
70.25
70.11
70.00
69.87
69.76
69.64
69.54
69.45
69.35
69.15
68.88
68.74
68.64
68.49
68.39
68.27
68.14
68.00
67.83
67.69
67.54
67.39
67.28
67.19
67.03
66.92
66.78
66.66
66.58
66.44
66.31
66.20
66.08
65.95
65.83
65.71
