101.63
101.41
101.17
100.89
100.67
100.41
99.93
99.58
99.25
98.82
98.82
98.48
98.07
97.71
97.29
96.97
96.65
96.26
95.96
95.63
95.30
95.20
94.97
94.77
94.60
94.40
94.21
94.11
93.93
93.66
93.47
93.27
92.99
92.88
92.67
92.44
92.10
91.85
91.64
91.40
91.20
90.98
90.78
90.56
90.30
90.07
89.86
89.65
89.45
89.37
89.20
88.90
88.71
88.61
88.49
88.38
88.22
87.99
87.78
87.59
87.39
87.16
86.90
86.76
86.65
86.47
86.35
86.21
86.05
85.92
85.80
85.68
85.53
85.41
85.27
85.11
84.96
84.86
84.76
84.63
84.51
84.40
84.26
84.07
83.93
83.81
83.73
83.59
83.40
83.20
83.00
82.76
82.60
82.40
82.22
82.08
81.96
81.83
81.64
81.47
81.30
81.06
80.83
80.58
80.37
80.13
79.89
79.70
79.49
79.27
79.06
78.83
78.65
78.46
78.27
78.05
77.85
77.65
77.41
77.28
77.09
76.89
76.70
76.58
76.43
76.24
76.08
75.89
75.72
75.61
75.47
75.19
74.91
74.81
74.62
74.52
74.37
74.20
74.09
73.98
73.87
73.76
73.63
73.52
73.42
73.23
73.00
72.85
72.75
72.60
72.49
72.36
72.22
72.09
71.91
71.75
71.62
71.50
71.41
71.28
71.13
71.02
70.87
70.77
70.67
70.54
70.44
70.31
70.14
70.03
69.88
69.76
