101.54
101.20
100.98
100.76
100.53
100.05
99.79
99.35
99.08
98.77
98.37
98.10
97.56
97.10
96.86
96.44
96.18
95.66
95.44
94.98
94.74
94.24
94.02
93.72
93.43
93.43
93.28
93.17
92.99
92.77
92.56
92.33
92.08
91.95
91.75
91.45
91.15
90.95
90.72
90.48
90.26
90.02
89.78
89.60
89.38
89.14
88.87
88.68
88.48
88.40
88.23
88.04
87.85
87.73
87.55
87.45
87.25
87.00
86.79
86.50
86.30
86.08
85.81
85.70
85.57
85.41
85.26
85.14
84.99
84.88
84.79
84.70
84.58
84.46
84.34
84.20
84.04
83.94
83.83
83.69
83.58
83.50
83.40
83.28
83.12
83.02
82.87
82.73
82.52
82.27
82.10
81.86
81.70
81.52
81.42
81.22
81.11
80.98
80.78
80.66
80.43
80.22
80.01
79.78
79.62
79.44
79.27
79.10
78.92
78.69
78.50
78.24
78.05
77.94
77.73
77.52
77.35
77.18
76.95
76.81
76.69
76.53
76.34
76.25
76.05
75.82
75.57
75.36
75.23
75.08
74.92
74.77
74.47
74.31
74.03
73.93
73.71
73.49
73.40
73.26
73.14
73.06
72.95
72.83
72.72
72.57
72.38
72.15
72.05
71.90
71.80
71.70
71.56
71.42
71.24
71.10
70.98
70.83
70.70
70.58
70.41
70.27
70.16
70.05
69.93
69.80
69.71
69.61
69.43
69.31
69.16
69.05
