102.49
102.19
101.99
101.71
101.47
101.17
100.84
100.51
100.13
99.78
99.45
99.11
98.70
98.35
98.03
97.68
97.38
97.06
96.71
96.22
95.99
95.47
95.23
94.73
94.49
94.17
93.74
93.36
93.01
92.59
92.41
92.05
91.73
91.36
90.94
90.52
90.30
89.97
89.68
89.35
89.03
88.73
88.44
88.10
87.74
87.40
87.14
86.85
86.64
86.35
86.35
86.20
85.98
85.85
85.68
85.57
85.35
85.14
84.90
84.68
84.45
84.24
84.03
83.89
83.76
83.65
83.55
83.43
83.29
83.14
83.03
82.93
82.77
82.64
82.54
82.45
82.23
82.08
81.97
81.86
81.76
81.65
81.52
81.34
81.16
81.07
80.93
80.78
80.58
80.32
80.10
79.86
79.69
79.50
79.38
79.20
79.12
78.96
78.81
78.69
78.53
78.35
78.12
77.88
77.70
77.47
77.30
77.08
76.88
76.67
76.43
76.18
75.98
75.86
75.68
75.46
75.28
75.09
74.91
74.77
74.65
74.48
74.28
74.18
73.99
73.74
73.54
73.35
73.21
73.09
72.93
72.67
72.41
72.27
72.04
71.95
71.78
71.58
71.50
71.41
71.30
71.19
71.07
70.93
70.80
70.63
70.42
70.29
70.17
70.03
69.93
69.80
69.65
69.49
69.31
69.13
69.00
68.85
68.74
68.65
68.47
68.33
68.24
68.12
67.97
67.82
67.65
67.52
67.38
67.28
67.18
67.07
