103.75
103.42
103.18
102.93
102.70
102.40
102.02
101.68
101.32
100.96
100.62
100.28
99.91
99.54
99.21
98.81
98.50
98.08
97.69
97.36
97.06
96.67
96.40
96.09
95.75
95.55
95.23
94.88
94.47
94.22
93.85
93.63
93.41
93.04
92.60
92.28
92.01
91.68
91.41
91.07
90.85
90.47
90.16
89.89
89.57
89.25
88.97
88.62
88.44
88.14
87.84
87.53
87.32
86.98
86.76
86.46
86.11
85.78
85.43
85.10
84.86
84.56
84.33
84.13
83.91
83.67
83.42
83.21
82.97
82.77
82.59
82.34
82.12
81.91
81.71
81.51
81.31
81.13
80.90
80.70
80.49
80.29
80.06
79.79
79.57
79.34
79.11
78.79
78.46
78.16
77.84
77.58
77.32
77.09
76.79
76.59
76.34
76.05
75.84
75.53
75.21
74.90
74.61
74.33
74.00
73.70
73.46
73.11
72.81
72.54
72.23
71.85
71.61
71.28
70.97
70.66
70.36
69.99
69.77
69.57
69.25
69.25
69.11
68.98
68.81
68.61
68.37
68.13
67.93
67.81
67.69
67.45
67.26
67.13
66.89
66.78
66.63
66.50
66.40
66.28
66.19
66.09
65.99
65.84
65.75
65.56
65.36
65.23
65.14
64.94
64.80
64.69
64.57
64.43
64.26
64.10
63.97
63.84
63.71
63.63
63.44
63.34
63.27
63.14
63.03
62.88
62.78
62.65
62.52
62.41
62.25
62.12
