104.03
103.77
103.56
103.36
103.14
102.76
102.46
102.15
101.85
101.54
101.20
100.96
100.55
100.24
99.91
99.55
99.26
98.84
98.57
98.23
97.88
97.56
97.23
96.95
96.65
96.32
96.08
95.78
95.49
95.16
94.84
94.57
94.36
94.04
93.67
93.24
92.74
92.52
92.07
91.67
91.28
90.94
90.58
90.18
89.87
89.48
89.26
88.95
88.77
88.51
88.20
87.93
87.70
87.43
87.23
86.92
86.61
86.28
85.94
85.60
85.32
84.97
84.74
84.55
84.34
84.14
83.96
83.68
83.46
83.26
83.07
82.82
82.57
82.35
82.12
81.90
81.66
81.43
81.20
80.99
80.79
80.57
80.36
80.09
79.88
79.61
79.43
79.07
78.78
78.46
78.12
77.87
77.55
77.33
77.03
76.80
76.59
76.33
76.10
75.78
75.49
75.14
74.82
74.60
74.28
73.93
73.63
73.36
73.06
72.72
72.37
72.06
71.81
71.49
71.17
71.17
71.03
70.77
70.46
70.34
70.20
69.99
69.78
69.67
69.55
69.28
69.04
68.83
68.57
68.43
68.29
68.05
67.84
67.75
67.56
67.46
67.28
67.13
67.04
66.90
66.80
66.69
66.58
66.49
66.37
66.19
65.98
65.80
65.71
65.59
65.47
65.37
65.21
65.09
64.92
64.76
64.62
64.47
64.35
64.24
64.04
63.90
63.80
63.69
63.58
63.46
63.31
63.21
63.02
62.92
62.80
62.66
