103.60
103.30
103.08
102.80
102.57
102.34
102.05
101.72
101.41
101.15
100.77
100.44
100.01
99.65
99.33
98.88
98.56
98.17
97.81
97.47
97.18
96.83
96.50
96.22
95.89
95.58
95.34
94.98
94.61
94.29
93.97
93.68
93.47
93.17
92.75
92.38
92.10
91.74
91.39
91.07
90.77
90.52
90.24
89.95
89.60
89.32
88.97
88.74
88.52
88.28
88.04
87.71
87.52
87.23
87.04
86.72
86.39
86.09
85.70
85.40
85.11
84.78
84.58
84.37
84.13
83.93
83.72
83.48
83.25
83.05
82.84
82.64
82.41
82.18
81.97
81.74
81.52
81.29
81.04
80.85
80.64
80.41
80.17
79.92
79.72
79.52
79.29
79.01
78.73
78.41
78.07
77.80
77.53
77.33
77.04
76.84
76.62
76.34
76.10
75.77
75.56
75.09
74.78
74.47
74.09
73.77
73.42
73.02
72.68
72.37
72.01
71.62
71.30
70.94
70.59
70.24
69.87
69.65
69.42
69.14
69.14
68.79
68.66
68.55
68.43
68.18
67.99
67.78
67.60
67.44
67.29
67.09
66.91
66.79
66.58
66.47
66.32
66.14
66.04
65.92
65.82
65.70
65.58
65.45
65.34
65.17
65.00
64.87
64.79
64.63
64.50
64.38
64.23
64.13
63.91
63.78
63.68
63.58
63.46
63.34
63.14
63.04
62.90
62.79
62.67
62.54
62.45
62.34
62.23
62.11
61.97
61.84
