103.26
102.96
102.72
102.46
102.23
101.92
101.59
101.30
100.97
100.62
100.24
99.86
99.36
99.01
98.67
98.35
98.05
97.71
97.38
97.05
96.75
96.40
96.07
95.78
95.46
95.17
94.96
94.62
94.31
94.00
93.66
93.35
93.13
92.80
92.47
92.06
91.76
91.46
91.18
90.87
90.49
90.17
89.90
89.51
89.20
88.89
88.57
88.32
88.12
87.85
87.56
87.28
87.08
86.79
86.46
86.07
85.66
85.29
84.94
84.71
84.41
84.10
83.86
83.66
83.44
83.19
82.96
82.68
82.47
82.26
82.06
81.82
81.64
81.43
81.20
80.99
80.78
80.54
80.32
80.13
79.92
79.73
79.48
79.19
78.98
78.75
78.51
78.18
77.87
77.58
77.24
77.00
76.68
76.44
76.12
75.89
75.68
75.39
75.16
74.85
74.58
74.28
73.95
73.67
73.40
73.08
72.80
72.45
72.18
71.90
71.57
71.28
71.03
70.70
70.37
70.12
69.81
69.45
69.22
69.00
68.74
68.49
68.28
68.06
67.75
67.50
67.17
66.90
66.67
66.44
66.13
65.79
65.55
65.23
65.02
65.02
64.92
64.75
64.66
64.55
64.45
64.31
64.20
64.05
63.96
63.75
63.53
63.36
63.26
63.10
62.99
62.88
62.74
62.62
62.48
62.37
62.24
62.09
61.94
61.86
61.69
61.59
61.49
61.36
61.23
61.10
61.02
60.95
60.83
60.73
60.62
60.49
