102.20
101.91
101.69
101.45
101.24
100.99
100.67
100.35
100.03
99.70
99.38
99.04
98.63
98.26
97.92
97.60
97.29
96.94
96.58
96.24
95.90
95.55
95.20
94.89
94.57
94.22
94.02
93.72
93.38
93.06
92.78
92.46
92.10
91.74
91.29
90.99
90.64
90.34
90.02
89.72
89.41
89.10
88.81
88.45
88.13
87.85
87.55
87.27
87.08
87.08
86.94
86.73
86.54
86.42
86.27
86.16
85.70
85.56
85.16
85.04
84.81
84.58
84.36
84.24
84.12
83.96
83.83
83.67
83.50
83.34
83.26
83.15
83.00
82.91
82.80
82.63
82.51
82.37
82.21
82.07
81.97
81.85
81.76
81.61
81.51
81.39
81.28
81.15
80.97
80.75
80.53
80.29
80.14
79.98
79.89
79.69
79.56
79.45
79.26
79.08
78.88
78.69
78.50
78.30
78.08
77.88
77.60
77.32
77.09
76.90
76.70
76.49
76.29
76.06
75.86
75.68
75.47
75.24
75.01
74.86
74.70
74.50
74.31
74.22
74.02
73.75
73.55
73.33
73.10
72.96
72.80
72.46
72.25
72.15
72.02
71.93
71.72
71.55
71.46
71.35
71.23
71.06
70.95
70.82
70.70
70.51
70.30
70.06
69.96
69.81
69.72
69.61
69.46
69.35
69.21
69.06
68.93
68.81
68.71
68.64
68.53
68.43
68.33
68.21
68.13
68.02
67.84
67.71
67.52
67.35
67.25
67.13
