102.20
101.91
101.71
101.46
101.23
100.97
100.55
100.20
99.82
99.44
99.20
98.91
98.52
98.18
97.85
97.55
97.24
96.86
96.52
96.05
95.60
95.25
95.02
94.61
94.37
94.07
93.81
93.49
93.19
92.88
92.54
92.24
92.02
91.69
91.36
90.98
90.69
90.38
90.05
89.72
89.39
89.07
89.07
88.92
88.66
88.45
88.16
87.94
87.74
87.64
87.42
87.21
87.01
86.88
86.73
86.62
86.43
86.16
85.96
85.72
85.50
85.28
85.02
84.88
84.79
84.70
84.60
84.41
84.26
84.14
84.04
83.94
83.76
83.62
83.51
83.42
83.23
83.10
82.98
82.87
82.79
82.70
82.56
82.40
82.22
82.05
81.96
81.80
81.63
81.38
81.15
80.90
80.76
80.60
80.50
80.32
80.22
80.04
79.88
79.72
79.54
79.33
79.11
78.89
78.73
78.51
78.35
78.13
77.95
77.73
77.52
77.29
77.03
76.88
76.72
76.55
76.36
76.18
75.99
75.87
75.69
75.52
75.29
75.15
74.99
74.80
74.59
74.38
74.22
74.10
73.97
73.76
73.49
73.35
73.12
73.02
72.88
72.75
72.65
72.52
72.40
72.20
72.08
71.97
71.86
71.65
71.46
71.32
71.24
71.08
70.92
70.78
70.66
70.53
70.39
70.25
70.12
70.00
69.89
69.78
69.65
69.54
69.40
69.31
69.22
69.10
68.96
68.85
68.76
68.58
68.47
68.36
