103.96
103.69
103.47
103.21
103.00
102.66
102.29
101.97
101.70
101.39
101.01
100.74
100.27
99.89
99.57
99.29
99.01
98.66
98.36
98.07
97.71
97.34
97.07
96.75
96.40
96.07
95.84
95.50
95.13
94.80
94.44
94.16
93.93
93.57
93.27
92.92
92.61
92.33
91.99
91.66
91.34
91.01
90.73
90.34
90.05
89.73
89.41
89.09
88.87
88.62
88.28
87.97
87.76
87.56
87.26
86.91
86.55
86.26
85.91
85.72
85.42
85.14
84.92
84.71
84.48
84.25
84.02
83.77
83.55
83.32
83.12
82.88
82.64
82.42
82.19
81.92
81.69
81.45
81.23
81.02
80.79
80.57
80.38
80.13
79.92
79.68
79.44
79.16
78.82
78.52
78.16
77.89
77.60
77.39
77.10
76.90
76.63
76.35
76.11
75.71
75.49
75.02
74.76
74.41
74.08
73.69
73.38
73.04
72.68
72.33
71.94
71.62
71.24
70.95
70.55
70.21
69.89
69.65
69.43
69.20
68.87
68.58
68.38
67.96
67.53
67.11
66.93
66.64
66.41
66.16
65.82
65.48
65.28
64.95
64.74
64.74
64.63
64.44
64.36
64.22
64.10
63.98
63.87
63.75
63.65
63.46
63.25
63.09
62.97
62.81
62.65
62.53
62.37
62.24
62.09
61.99
61.85
61.71
61.57
61.44
61.31
61.19
61.06
60.93
60.81
60.68
60.49
60.35
60.23
60.13
59.98
59.87
