101.87
101.57
101.36
101.13
100.90
100.63
100.32
99.94
99.61
99.28
98.96
98.63
98.25
97.86
97.55
97.27
96.72
96.50
96.13
95.72
95.43
95.12
94.85
94.38
94.14
93.82
93.62
93.37
93.07
92.76
92.41
92.06
91.84
91.50
91.15
90.73
90.41
90.08
89.74
89.46
89.11
88.74
88.48
88.17
87.86
87.57
87.23
86.94
86.71
86.71
86.61
86.43
86.25
86.13
85.93
85.84
85.61
85.38
85.15
84.85
84.65
84.46
84.22
84.13
84.02
83.83
83.69
83.56
83.38
83.23
83.14
83.04
82.93
82.82
82.70
82.58
82.40
82.31
82.17
82.01
81.88
81.77
81.64
81.51
81.35
81.16
81.01
80.88
80.68
80.40
80.17
79.97
79.80
79.61
79.52
79.32
79.21
79.06
78.86
78.69
78.50
78.30
78.06
77.78
77.58
77.39
77.23
77.03
76.84
76.63
76.43
76.17
76.01
75.88
75.69
75.51
75.33
75.14
74.89
74.79
74.64
74.43
74.25
74.16
74.05
73.81
73.62
73.42
73.24
73.11
72.99
72.77
72.59
72.44
72.26
72.15
71.93
71.79
71.70
71.61
71.49
71.39
71.27
71.14
71.04
70.84
70.58
70.46
70.36
70.20
70.03
69.91
69.78
69.65
69.49
69.36
69.22
69.12
69.01
68.88
68.76
68.65
68.56
68.47
68.36
68.20
68.10
68.00
67.89
67.75
67.62
67.49
