82.30
82.07
81.87
81.66
81.41
81.19
80.87
80.60
80.30
79.98
79.68
79.35
78.97
78.67
78.38
78.12
77.81
77.45
77.10
76.89
76.57
76.27
75.93
75.60
75.29
75.00
74.67
74.36
74.01
73.70
73.34
73.02
72.60
72.28
71.98
71.67
71.33
70.98
70.66
70.35
70.00
69.52
69.18
68.98
68.66
68.34
68.01
67.68
67.68
67.53
67.31
67.10
66.92
66.74
66.55
66.32
66.20
65.88
65.55
65.23
65.12
64.90
64.65
64.44
64.23
64.04
63.79
63.59
63.37
63.13
63.04
62.94
62.72
62.53
62.39
62.18
61.95
61.84
61.68
61.59
61.51
61.35
61.23
61.12
60.91
60.82
60.62
60.38
60.16
60.03
59.84
59.74
59.61
59.51
59.43
59.31
59.21
59.08
58.97
58.86
58.77
58.60
58.51
58.40
58.22
58.01
57.74
57.56
57.38
57.16
57.06
56.94
56.84
56.72
56.55
56.43
56.27
56.01
55.77
55.64
55.50
55.39
55.19
55.09
55.01
54.90
54.78
54.54
54.38
54.15
53.99
53.88
53.78
53.65
53.54
53.37
53.26
53.16
53.00
52.89
52.79
52.66
52.54
52.44
52.33
52.21
52.10
51.98
51.86
51.74
51.65
51.52
51.41
51.31
51.16
51.06
50.96
50.85
50.75
50.64
50.51
50.41
50.27
50.15
50.04
49.91
49.81
49.71
49.61
49.51
49.41
49.31
