83.44
83.26
83.04
82.82
82.58
82.39
82.09
81.79
81.47
81.15
80.74
80.39
80.05
79.69
79.37
79.00
78.62
78.38
78.06
77.74
77.46
77.15
76.84
76.49
76.18
75.85
75.57
75.17
74.85
74.57
74.24
73.97
73.51
73.14
72.95
72.65
72.30
71.97
71.65
71.34
71.00
70.69
70.36
70.05
69.74
69.38
69.11
68.79
68.48
68.15
67.85
67.55
67.24
66.91
66.60
66.37
66.12
65.84
65.52
65.17
64.81
64.47
64.15
63.81
63.44
63.04
62.75
62.39
62.11
61.89
61.61
61.28
60.95
60.77
60.49
60.19
60.00
59.74
59.52
59.32
59.08
58.86
58.63
58.35
58.15
57.85
57.56
57.26
57.04
56.76
56.57
56.37
56.16
55.95
55.74
55.53
55.33
55.13
54.92
54.73
54.43
54.24
54.03
53.71
53.37
53.01
52.70
52.39
52.07
51.86
51.64
51.45
51.27
50.97
50.77
50.35
50.35
50.02
49.93
49.80
49.70
49.60
49.44
49.32
49.22
49.10
48.98
48.73
48.57
48.36
48.18
48.05
47.93
47.81
47.70
47.55
47.45
47.36
47.17
47.04
46.94
46.84
46.75
46.67
46.54
46.43
46.30
46.17
46.07
45.97
45.88
45.75
45.66
45.54
45.40
45.29
45.18
45.04
44.91
44.82
44.68
44.55
44.41
44.29
44.19
44.06
43.95
43.82
43.71
43.61
43.48
43.36
