90.25
90.01
89.81
89.57
89.32
89.12
88.82
88.51
88.21
87.89
87.48
87.16
86.85
86.53
86.23
85.93
85.60
85.30
85.04
84.80
84.41
84.09
83.77
83.42
83.07
82.79
82.47
82.25
81.92
81.56
81.24
80.95
80.58
80.22
79.92
79.57
79.26
78.95
78.61
78.29
77.96
77.61
77.33
77.05
76.75
76.45
76.15
75.85
75.55
75.22
74.95
74.65
74.37
74.08
73.79
73.55
73.30
72.95
72.61
72.27
71.94
71.61
71.33
70.98
70.65
70.28
69.94
69.60
69.28
69.07
68.87
68.58
68.28
68.06
67.74
67.41
67.20
67.00
66.80
66.62
66.41
66.21
65.98
65.68
65.47
65.16
64.87
64.53
64.33
64.08
63.87
63.65
63.45
63.24
63.01
62.82
62.62
62.42
62.22
62.03
61.79
61.58
61.21
60.82
60.44
60.03
59.64
59.27
59.05
58.86
58.67
58.46
58.26
58.26
58.15
58.05
57.84
57.62
57.42
57.30
57.19
57.09
56.95
56.83
56.72
56.61
56.49
56.30
56.07
55.88
55.72
55.60
55.50
55.41
55.30
55.16
55.06
54.95
54.79
54.71
54.60
54.47
54.38
54.28
54.16
54.08
53.96
53.83
53.72
53.61
53.51
53.39
53.29
53.21
53.09
53.00
52.88
52.76
52.67
52.56
52.44
52.35
52.23
52.10
51.99
51.86
51.73
51.60
51.52
51.45
51.34
51.23
