83.19
82.94
82.72
82.50
82.26
82.06
81.77
81.47
81.17
80.89
80.58
80.25
79.92
79.60
79.28
78.98
78.68
78.33
78.01
77.70
77.41
77.13
76.80
76.46
76.15
75.82
75.49
75.16
74.80
74.50
74.15
73.84
73.50
73.18
72.86
72.56
72.28
71.92
71.60
71.27
70.94
70.62
70.31
69.98
69.68
69.36
69.04
68.72
68.41
68.08
67.77
67.49
67.17
66.87
66.56
66.37
66.12
65.78
65.45
65.14
64.80
64.46
64.16
63.79
63.47
63.14
62.79
62.45
62.12
61.91
61.64
61.36
61.06
60.84
60.51
60.21
60.00
59.77
59.56
59.34
59.11
58.91
58.67
58.38
58.17
57.83
57.52
57.18
56.98
56.73
56.51
56.31
56.10
55.91
55.70
55.50
55.29
55.08
54.89
54.68
54.43
54.23
54.01
53.70
53.40
53.05
53.05
52.91
52.70
52.49
52.38
52.29
52.20
52.10
51.91
51.80
51.65
51.37
51.20
51.06
50.98
50.88
50.71
50.62
50.54
50.44
50.13
49.86
49.56
49.28
49.16
49.01
48.90
48.81
48.69
48.55
48.42
48.27
48.13
48.03
47.93
47.81
47.71
47.60
47.44
47.34
47.22
47.12
47.02
46.94
46.83
46.72
46.60
46.51
46.41
46.30
46.18
46.06
45.99
45.89
45.74
45.63
45.52
45.38
45.27
45.18
45.07
44.94
44.86
44.77
44.66
44.56
