94.47
94.24
94.04
93.84
93.56
93.37
93.09
92.79
92.49
92.13
91.79
91.50
91.19
90.89
90.56
90.27
89.88
89.53
89.23
88.91
88.65
88.35
88.03
87.81
87.50
87.10
86.81
86.52
86.23
85.91
85.63
85.33
85.08
84.76
84.38
84.14
83.80
83.49
83.04
82.70
82.30
81.94
81.60
81.23
80.87
80.48
80.11
79.90
79.59
79.25
78.92
78.63
78.33
78.02
77.69
77.47
77.25
76.96
76.67
76.37
76.01
75.64
75.30
74.96
74.62
74.26
73.94
73.64
73.30
73.07
72.82
72.53
72.20
72.00
71.71
71.41
71.21
70.97
70.78
70.58
70.34
70.14
69.92
69.60
69.41
69.08
68.73
68.73
68.59
68.48
68.34
68.22
68.09
67.96
67.85
67.75
67.65
67.55
67.44
67.31
67.20
67.05
66.96
66.86
66.63
66.47
66.30
66.08
65.88
65.65
65.56
65.45
65.36
65.25
65.06
64.93
64.72
64.42
64.22
64.08
63.97
63.86
63.71
63.61
63.52
63.42
63.33
63.11
62.88
62.65
62.46
62.36
62.26
62.16
62.00
61.85
61.75
61.63
61.47
61.38
61.27
61.16
61.06
60.98
60.81
60.71
60.58
60.47
60.34
60.21
60.11
60.00
59.88
59.80
59.69
59.57
59.48
59.36
59.24
59.13
59.02
58.91
58.81
58.71
58.59
58.47
58.34
58.21
58.12
58.04
57.94
57.79
