91.75
91.54
91.34
91.12
90.85
90.56
90.27
89.97
89.63
89.43
88.99
88.81
88.46
88.14
87.82
87.48
87.16
86.80
86.49
86.13
85.81
85.47
85.18
84.83
84.49
84.17
83.87
83.54
83.22
82.85
82.47
82.18
81.79
81.48
81.27
80.84
80.61
80.30
79.93
79.63
79.32
79.00
78.68
78.31
78.08
77.79
77.46
77.04
76.85
76.53
76.14
75.81
75.48
75.18
74.97
74.75
74.51
74.19
73.83
73.39
73.04
72.74
72.43
72.14
71.79
71.59
71.26
70.92
70.58
70.38
70.17
69.86
69.54
69.34
69.03
68.70
68.50
68.27
68.05
67.86
67.61
67.40
67.22
66.94
66.71
66.38
66.10
65.75
65.54
65.54
65.44
65.34
65.23
65.11
64.98
64.86
64.77
64.68
64.57
64.44
64.32
64.16
64.07
63.98
63.76
63.53
63.36
63.16
62.94
62.73
62.66
62.57
62.44
62.33
62.13
62.00
61.79
61.53
61.34
61.23
61.13
61.05
60.89
60.79
60.67
60.55
60.42
60.16
59.95
59.76
59.61
59.47
59.36
59.27
59.13
58.98
58.86
58.73
58.54
58.44
58.33
58.24
58.13
58.03
57.86
57.77
57.66
57.55
57.44
57.32
57.21
57.10
57.00
56.88
56.74
56.65
56.57
56.44
56.33
56.22
56.08
55.99
55.87
55.77
55.65
55.52
55.41
55.29
55.20
55.09
54.95
54.84
