83.54
83.31
83.09
82.87
82.62
82.43
82.10
81.79
81.49
81.20
80.93
80.62
80.31
79.99
79.67
79.41
79.12
78.80
78.45
78.16
77.74
77.40
77.02
76.65
76.30
75.93
75.61
75.27
74.93
74.73
74.42
74.09
73.63
73.27
73.05
72.73
72.25
71.85
71.67
71.32
70.99
70.66
70.35
70.02
69.71
69.42
69.11
68.75
68.46
68.15
67.82
67.47
67.13
66.80
66.52
66.31
66.08
65.59
65.26
64.92
64.57
64.19
63.86
63.64
63.34
63.00
62.68
62.33
61.99
61.78
61.54
61.08
60.89
60.56
60.33
60.01
59.82
59.56
59.36
59.16
58.94
58.74
58.52
58.23
58.02
57.71
57.36
57.01
56.80
56.56
56.36
56.14
55.89
55.70
55.50
55.30
55.10
54.88
54.69
54.45
54.23
54.02
53.81
53.48
53.21
52.86
52.56
52.28
51.96
51.76
51.56
51.36
51.16
50.86
50.67
50.39
49.99
49.66
49.44
49.24
49.04
48.76
48.58
48.35
48.13
47.79
47.45
47.12
46.74
46.54
46.35
46.15
45.93
45.69
45.45
45.28
45.04
45.04
44.91
44.80
44.71
44.58
44.46
44.37
44.23
44.13
44.03
43.93
43.82
43.71
43.59
43.50
43.40
43.30
43.18
43.06
42.94
42.83
42.73
42.61
42.48
42.38
42.26
42.14
42.00
41.90
41.78
41.68
41.58
41.47
41.35
41.21
