84.97
84.73
84.54
84.31
84.08
83.88
83.59
83.26
82.98
82.66
82.34
82.02
81.53
81.18
80.98
80.53
80.17
79.80
79.47
79.24
78.80
78.59
78.30
77.94
77.62
77.32
77.01
76.69
76.37
75.95
75.57
75.24
74.85
74.45
74.24
73.75
73.54
73.26
72.94
72.63
72.28
71.82
71.53
71.23
70.91
70.62
70.25
69.89
69.48
69.30
68.98
68.70
68.42
68.11
67.78
67.57
67.31
66.94
66.58
66.31
66.01
65.70
65.41
65.17
64.86
64.32
63.94
63.57
63.33
63.12
62.74
62.55
62.24
62.05
61.75
61.45
61.26
61.06
60.86
60.66
60.42
60.21
60.01
59.76
59.52
59.24
58.95
58.63
58.40
58.16
57.96
57.75
57.54
57.32
57.11
56.90
56.71
56.52
56.32
56.10
55.83
55.64
55.45
55.15
54.85
54.50
54.21
53.89
53.58
53.38
53.18
52.97
52.75
52.51
52.31
52.31
52.17
51.93
51.75
51.63
51.55
51.46
51.28
51.19
51.08
50.95
50.82
50.59
50.37
50.17
49.98
49.85
49.75
49.61
49.46
49.31
49.18
49.08
48.88
48.77
48.65
48.54
48.41
48.30
48.17
48.07
47.96
47.86
47.76
47.64
47.54
47.41
47.32
47.19
47.06
46.98
46.90
46.76
46.65
46.54
46.45
46.36
46.24
46.12
46.02
45.90
45.79
45.69
45.59
45.48
45.37
45.27
