90.71
90.49
90.26
90.00
89.75
89.53
89.23
88.94
88.63
88.34
87.98
87.66
87.33
86.95
86.75
86.38
86.07
85.74
85.51
85.27
84.86
84.67
84.34
84.01
83.72
83.40
83.08
82.78
82.47
82.18
81.83
81.52
81.11
80.79
80.50
80.22
79.91
79.55
79.19
78.86
78.54
78.23
77.91
77.47
77.26
76.95
76.65
76.26
76.06
75.63
75.35
75.02
74.69
74.33
74.13
73.94
73.68
73.23
72.92
72.58
72.25
71.95
71.64
71.25
70.84
70.64
70.33
69.98
69.64
69.43
69.20
68.91
68.57
68.24
67.85
67.64
67.46
67.24
67.04
66.84
66.64
66.41
66.21
66.21
66.06
65.72
65.40
65.10
64.99
64.88
64.74
64.62
64.50
64.35
64.22
64.11
64.00
63.89
63.77
63.68
63.57
63.38
63.28
63.18
62.96
62.71
62.44
62.22
62.03
61.82
61.71
61.64
61.54
61.42
61.27
61.15
61.01
60.71
60.52
60.39
60.27
60.18
60.02
59.92
59.82
59.72
59.61
59.41
59.23
59.06
58.85
58.75
58.62
58.53
58.40
58.26
58.16
58.02
57.82
57.69
57.58
57.50
57.37
57.23
57.07
56.97
56.84
56.73
56.61
56.48
56.39
56.28
56.16
56.06
55.94
55.81
55.71
55.60
55.49
55.37
55.26
55.15
55.04
54.92
54.81
54.68
54.57
54.45
54.35
54.26
54.12
53.99
