92.11
91.87
91.66
91.43
91.18
90.99
90.65
90.37
90.06
89.73
89.39
88.99
88.69
88.37
88.17
87.80
87.43
87.09
86.89
86.58
86.20
85.98
85.59
85.25
84.94
84.63
84.35
84.13
83.80
83.44
83.09
82.78
82.38
82.06
81.67
81.45
81.15
80.90
80.55
80.25
79.96
79.60
79.27
78.95
78.63
78.30
77.98
77.63
77.33
76.98
76.64
76.34
76.01
75.68
75.37
75.15
74.92
74.60
74.28
73.99
73.64
73.27
72.92
72.60
72.24
71.82
71.50
71.18
70.96
70.74
70.39
70.18
69.90
69.69
69.38
69.07
68.87
68.64
68.43
68.22
67.96
67.76
67.43
67.23
67.02
66.71
66.43
66.13
65.92
65.64
65.45
65.22
65.00
64.80
64.62
64.42
64.21
64.00
63.79
63.58
63.58
63.49
63.38
63.27
63.03
62.85
62.60
62.40
62.17
61.92
61.82
61.73
61.64
61.53
61.38
61.26
61.10
60.88
60.71
60.57
60.45
60.33
60.13
60.04
59.94
59.81
59.70
59.55
59.38
59.22
59.01
58.92
58.80
58.71
58.60
58.44
58.32
58.17
58.03
57.92
57.82
57.70
57.60
57.50
57.37
57.27
57.18
57.08
56.98
56.88
56.76
56.66
56.54
56.44
56.34
56.21
56.12
55.99
55.87
55.74
55.61
55.50
55.40
55.30
55.17
55.04
54.95
54.85
54.75
54.65
54.51
54.38
