81.59
81.37
81.17
80.93
80.65
80.33
79.97
79.61
79.24
79.04
78.63
78.42
77.95
77.59
77.21
76.85
76.49
76.04
75.85
75.52
75.21
74.91
74.60
74.25
73.93
73.60
73.28
72.77
72.41
72.02
71.64
71.28
71.28
71.01
70.70
70.61
70.37
69.93
69.60
69.48
69.28
69.06
68.80
68.55
68.29
68.06
67.80
67.58
67.34
67.13
66.93
66.70
66.46
66.25
66.02
65.79
65.66
65.52
65.27
65.00
64.76
64.51
64.24
64.00
63.81
63.55
63.30
63.08
62.83
62.61
62.50
62.35
62.13
61.92
61.82
61.61
61.43
61.32
61.16
61.06
60.96
60.84
60.73
60.60
60.39
60.29
60.08
59.82
59.62
59.52
59.32
59.21
59.11
58.99
58.88
58.77
58.67
58.55
58.46
58.34
58.20
58.04
57.94
57.85
57.63
57.44
57.20
57.01
56.83
56.61
56.52
56.40
56.29
56.18
56.02
55.91
55.75
55.51
55.30
55.19
55.07
54.97
54.83
54.73
54.63
54.52
54.40
54.17
53.97
53.77
53.54
53.44
53.32
53.19
53.08
52.93
52.81
52.69
52.52
52.42
52.34
52.23
52.14
52.05
51.94
51.84
51.71
51.60
51.49
51.36
51.24
51.14
51.03
50.93
50.81
50.69
50.58
50.45
50.35
50.23
50.11
50.00
49.89
49.76
49.64
49.53
49.41
49.29
49.17
49.08
48.94
48.84
