91.74
91.55
91.34
91.14
90.84
90.64
90.27
89.94
89.72
89.26
89.05
88.74
88.42
88.14
87.88
87.55
87.35
87.08
86.86
86.52
86.28
85.95
85.61
85.28
84.99
84.66
84.32
83.99
83.63
83.32
83.02
82.74
82.45
82.15
81.82
81.63
81.29
81.03
80.78
80.43
80.07
79.78
79.50
79.18
78.87
78.55
78.25
77.91
77.61
77.23
76.88
76.56
76.27
75.96
75.63
75.26
74.99
74.67
74.37
74.04
73.70
73.35
73.04
72.72
72.38
72.07
71.77
71.47
71.16
70.87
70.69
70.48
70.24
70.04
69.82
69.58
69.34
69.05
68.84
68.63
68.41
68.19
67.96
67.73
67.53
67.31
67.11
66.89
66.64
66.37
66.18
65.96
65.75
65.53
65.28
65.05
64.79
64.79
64.69
64.47
64.38
64.28
64.18
64.09
64.00
63.87
63.75
63.55
63.31
63.14
63.00
62.89
62.68
62.47
62.29
62.05
61.82
61.62
61.50
61.37
61.21
61.11
60.88
60.74
60.65
60.50
60.36
60.26
60.06
59.96
59.86
59.73
59.64
59.55
59.43
59.32
59.21
59.10
59.01
58.90
58.79
58.69
58.58
58.44
58.33
58.25
58.14
58.04
57.93
57.77
57.68
57.57
57.44
57.33
57.21
57.10
56.97
56.86
56.72
