92.44
92.25
92.03
91.80
91.53
91.34
91.16
90.89
90.58
90.28
89.95
89.66
89.34
89.09
88.80
88.46
88.27
87.96
87.75
87.45
87.22
86.95
86.60
86.25
85.98
85.66
85.35
85.04
84.72
84.41
84.09
83.78
83.49
83.08
82.88
82.67
82.27
82.06
81.74
81.38
81.03
80.73
80.48
80.15
79.71
79.53
79.17
78.83
78.53
78.19
77.87
77.58
77.21
76.84
76.44
76.06
75.71
75.49
75.19
74.85
74.54
74.23
73.91
73.58
73.24
72.94
72.60
72.28
71.94
71.59
71.38
71.15
70.93
70.71
70.53
70.29
70.09
70.09
69.99
69.89
69.78
69.63
69.51
69.40
69.26
69.17
69.04
68.93
68.81
68.73
68.59
68.46
68.33
68.22
68.10
67.93
67.81
67.63
67.44
67.24
67.14
67.04
66.93
66.82
66.71
66.61
66.49
66.24
66.00
65.82
65.69
65.57
65.36
65.13
64.98
64.75
64.52
64.29
64.18
64.03
63.91
63.79
63.58
63.40
63.29
63.17
63.08
62.97
62.81
62.72
62.60
62.46
62.33
62.24
62.13
62.03
61.93
61.81
61.70
61.58
61.47
61.37
61.25
61.15
61.03
60.91
60.79
60.70
60.61
60.46
60.36
60.25
60.15
60.03
59.93
59.83
59.70
59.57
