83.35
83.13
82.91
82.72
82.45
82.23
82.02
81.75
81.40
81.08
80.74
80.43
80.10
79.83
79.58
79.29
79.06
78.70
78.49
78.19
77.97
77.54
77.19
76.92
76.63
76.31
75.98
75.70
75.51
75.21
74.89
74.61
74.31
74.00
73.67
73.49
73.13
72.86
72.56
72.21
71.85
71.56
71.31
70.98
70.68
70.36
70.08
69.79
69.47
69.10
68.74
68.43
68.09
67.79
67.46
67.10
66.80
66.49
66.20
65.89
65.62
65.27
64.94
64.60
64.60
64.45
64.29
64.08
63.85
63.68
63.45
63.37
63.22
63.08
62.97
62.84
62.73
62.59
62.38
62.27
62.11
62.00
61.88
61.78
61.66
61.56
61.45
61.34
61.23
61.11
60.96
60.86
60.73
60.59
60.49
60.34
60.19
60.05
59.84
59.68
59.58
59.47
59.36
59.25
59.16
59.03
58.93
58.69
58.44
58.27
58.12
58.00
57.80
57.58
57.42
57.18
56.98
56.80
56.67
56.56
56.45
56.36
56.20
56.06
55.96
55.85
55.73
55.63
55.50
55.39
55.30
55.18
55.06
54.92
54.80
54.69
54.59
54.48
54.36
54.25
54.14
54.02
53.92
53.77
53.64
53.53
53.43
53.33
53.24
53.09
52.98
52.88
52.78
52.67
52.57
52.46
52.33
52.20
52.08
