85.06
84.82
84.59
84.38
84.10
83.90
83.68
83.38
83.09
82.82
82.51
82.20
81.86
81.58
81.31
81.00
80.81
80.47
80.24
79.92
79.69
79.33
79.01
78.67
78.40
78.07
77.72
77.37
77.09
76.79
76.50
76.18
75.89
75.56
75.19
75.00
74.57
74.23
73.92
73.62
73.25
73.02
72.60
72.20
71.81
71.48
71.11
70.73
70.35
70.16
69.84
69.54
69.25
68.95
68.64
68.34
68.05
67.75
67.49
67.17
66.87
66.53
66.20
65.86
65.56
65.27
64.92
64.61
64.31
64.00
63.77
63.58
63.36
63.17
62.94
62.72
62.47
62.22
62.01
61.80
61.58
61.36
61.18
60.98
60.77
60.56
60.36
60.15
59.96
59.70
59.47
59.24
59.01
58.81
58.56
58.29
58.05
57.78
57.52
57.33
57.12
56.91
56.72
56.48
56.25
56.03
55.75
55.42
55.42
55.30
55.12
55.02
54.81
54.57
54.38
54.11
53.87
53.64
53.50
53.37
53.26
53.14
52.94
52.81
52.70
52.61
52.47
52.36
52.20
52.10
51.99
51.86
51.75
51.63
51.50
51.38
51.29
51.15
51.04
50.93
50.82
50.72
50.63
50.51
50.41
50.30
50.20
50.07
49.97
49.80
49.71
49.58
49.49
49.38
49.27
49.15
49.01
48.90
48.79
