98.29
98.08
97.86
97.64
97.34
97.14
96.94
96.67
96.33
96.01
95.72
95.43
95.09
94.86
94.52
94.22
94.01
93.73
93.52
93.19
92.96
92.64
92.32
92.03
91.74
91.40
91.06
90.76
90.45
90.12
89.79
89.46
89.19
88.86
88.52
88.30
87.96
87.64
87.23
86.90
86.56
86.32
86.00
85.59
85.35
85.03
84.57
84.39
83.94
83.61
83.31
83.01
82.72
82.42
82.06
81.73
81.46
81.24
80.87
80.54
80.25
79.93
79.65
79.34
79.07
78.81
78.49
78.19
77.86
77.59
77.39
77.17
76.93
76.75
76.56
76.32
76.08
75.85
75.64
75.43
75.21
75.00
74.78
74.56
74.34
74.13
73.93
73.71
73.46
73.21
72.99
72.78
72.57
72.35
72.35
72.27
72.15
71.97
71.81
71.63
71.54
71.44
71.34
71.23
71.11
71.00
70.87
70.63
70.40
70.23
70.06
69.94
69.71
69.49
69.31
69.06
68.85
68.61
68.49
68.36
68.23
68.15
67.96
67.78
67.67
67.55
67.47
67.36
67.20
67.09
66.97
66.86
66.73
66.61
66.51
66.40
66.30
66.16
66.07
65.94
65.80
65.69
65.58
65.44
65.31
65.20
65.12
65.01
64.89
64.74
64.64
64.53
64.45
64.34
64.23
64.13
64.02
63.88
63.75
