77.12
76.93
76.71
76.48
76.48
76.39
76.29
76.20
75.98
75.75
75.54
75.34
75.11
74.88
74.68
74.45
74.24
74.12
73.92
73.81
73.58
73.43
73.24
73.06
72.84
72.65
72.45
72.27
72.06
71.82
71.60
71.37
71.13
70.95
70.77
70.53
70.43
70.19
69.93
69.71
69.49
69.27
69.07
68.91
68.68
68.48
68.29
68.08
67.85
67.62
67.38
67.14
66.96
66.70
66.48
66.24
65.97
65.80
65.61
65.41
65.16
64.95
64.73
64.52
64.27
64.04
63.83
63.61
63.41
63.22
63.08
62.98
62.87
62.76
62.64
62.52
62.40
62.29
62.11
62.01
61.88
61.76
61.64
61.53
61.40
61.29
61.15
61.04
60.90
60.76
60.63
60.50
60.37
60.27
60.18
60.03
59.86
59.71
59.52
59.30
59.19
59.08
58.98
58.85
58.72
58.58
58.46
58.24
58.02
57.85
57.67
57.55
57.36
57.14
56.96
56.70
56.43
56.19
56.05
55.94
55.82
55.72
55.54
55.36
55.26
55.14
55.04
54.93
54.79
54.66
54.55
54.43
54.29
54.18
54.05
53.93
53.82
53.70
53.58
53.46
53.34
53.26
53.16
53.05
52.94
52.81
52.69
52.59
52.47
52.33
52.21
52.11
52.01
51.88
51.78
51.67
51.53
51.40
51.26
