79.18
79.00
78.77
78.58
78.30
78.10
77.90
77.60
77.28
76.98
76.69
76.38
76.09
75.82
75.52
75.23
75.00
74.69
74.46
74.14
73.94
73.50
73.12
72.76
72.40
72.03
71.70
71.30
71.06
70.74
70.74
70.63
70.43
70.23
70.01
69.74
69.62
69.36
69.11
68.95
68.73
68.50
68.29
68.10
67.91
67.71
67.49
67.29
67.07
66.88
66.62
66.34
66.15
65.91
65.73
65.50
65.30
65.06
64.84
64.60
64.35
64.12
63.87
63.63
63.36
63.12
62.92
62.67
62.45
62.26
62.03
61.91
61.80
61.67
61.55
61.43
61.31
61.18
61.03
60.92
60.81
60.70
60.59
60.49
60.35
60.27
60.17
60.08
59.96
59.84
59.67
59.57
59.46
59.36
59.27
59.12
58.96
58.81
58.64
58.44
58.35
58.24
58.10
58.00
57.88
57.77
57.66
57.47
57.21
57.06
56.89
56.77
56.55
56.33
56.17
55.97
55.73
55.50
55.37
55.24
55.08
54.98
54.84
54.70
54.60
54.45
54.32
54.21
54.05
53.95
53.82
53.72
53.60
53.48
53.37
53.26
53.17
53.02
52.93
52.79
52.67
52.56
52.46
52.32
52.18
52.08
51.98
51.87
51.75
51.61
51.51
51.40
51.29
51.16
51.08
50.95
50.84
50.73
50.60
