85.03
84.82
84.62
84.41
84.14
83.96
83.76
83.44
83.15
82.85
82.55
82.23
81.90
81.61
81.35
81.01
80.79
80.45
80.24
79.92
79.70
79.40
79.13
78.83
78.57
78.22
77.90
77.56
77.22
76.95
76.68
76.39
76.10
75.77
75.48
75.25
74.92
74.64
74.34
74.04
73.68
73.37
73.16
72.84
72.53
72.22
71.93
71.60
71.31
70.92
70.54
70.24
69.89
69.59
69.28
68.92
68.60
68.28
68.00
67.69
67.39
67.05
66.72
66.41
66.12
65.81
65.49
65.17
64.88
64.51
64.30
64.05
63.83
63.63
63.44
63.24
62.99
62.74
62.52
62.28
62.05
61.84
61.63
61.39
61.17
60.94
60.73
60.52
60.27
60.03
59.81
59.58
59.36
59.13
58.86
58.60
58.33
58.04
58.04
57.93
57.80
57.69
57.57
57.46
57.36
57.26
56.98
56.65
56.53
56.34
56.20
56.08
55.88
55.66
55.48
55.28
55.07
54.84
54.72
54.60
54.45
54.36
54.18
54.02
53.92
53.79
53.70
53.58
53.45
53.36
53.24
53.12
52.99
52.87
52.74
52.62
52.51
52.40
52.30
52.19
52.09
52.00
51.93
51.79
51.67
51.54
51.44
51.34
51.23
51.08
50.97
50.86
50.76
50.66
50.57
50.46
50.33
50.20
50.09
