97.22
97.02
96.80
96.59
96.31
96.11
95.84
95.51
95.28
94.88
94.59
94.41
94.09
93.79
93.47
93.19
92.84
92.63
92.40
92.08
91.85
91.52
91.17
90.92
90.65
90.32
89.98
89.52
89.21
88.90
88.62
88.40
88.10
87.80
87.48
87.27
86.94
86.65
86.37
86.02
85.68
85.36
85.13
84.83
84.48
84.13
83.82
83.45
83.15
82.82
82.51
82.21
81.91
81.62
81.29
80.98
80.70
80.38
80.10
79.80
79.38
79.09
78.76
78.44
78.12
77.78
77.48
77.18
76.90
76.65
76.46
76.25
76.03
75.82
75.63
75.41
75.20
74.96
74.76
74.55
74.31
74.10
73.90
73.67
73.46
73.25
73.04
72.82
72.60
72.37
72.14
71.92
71.72
71.50
71.27
71.08
70.84
70.55
70.26
70.06
69.85
69.61
69.41
69.19
68.98
68.80
68.46
68.13
67.85
67.85
67.76
67.66
67.46
67.25
67.07
66.83
66.61
66.41
66.31
66.18
66.07
65.98
65.75
65.56
65.46
65.32
65.22
65.09
64.94
64.84
64.72
64.58
64.47
64.38
64.27
64.15
64.07
63.96
63.87
63.76
63.65
63.56
63.45
63.35
63.25
63.14
63.02
62.91
62.81
62.64
62.53
62.44
62.34
62.25
62.15
62.02
61.88
61.73
61.59
