85.53
85.33
85.12
84.93
84.66
84.47
84.27
83.96
83.63
83.30
83.01
82.70
82.39
82.09
81.80
81.46
81.26
80.97
80.74
80.42
80.22
79.91
79.64
79.32
79.05
78.76
78.45
78.17
77.75
77.43
77.13
76.83
76.53
76.14
75.94
75.65
75.22
75.00
74.72
74.39
74.06
73.73
73.43
73.17
72.72
72.39
72.16
71.84
71.52
71.16
70.76
70.37
70.18
69.82
69.48
69.15
68.87
68.52
68.18
67.84
67.53
67.23
66.92
66.60
66.28
65.95
65.62
65.31
64.99
64.66
64.45
64.24
64.02
63.81
63.62
63.38
63.17
62.90
62.70
62.50
62.26
62.07
61.86
61.68
61.48
61.25
61.04
60.84
60.62
60.38
60.18
59.99
59.77
59.55
59.28
59.06
58.78
58.52
58.25
58.02
57.83
57.61
57.40
57.19
56.94
56.75
56.46
56.15
55.87
55.61
55.40
55.10
54.78
54.50
54.18
53.85
53.52
53.30
53.07
52.83
52.64
52.37
52.37
52.29
52.20
52.07
51.95
51.84
51.69
51.58
51.48
51.35
51.25
51.14
51.00
50.89
50.80
50.71
50.58
50.47
50.38
50.29
50.17
50.06
49.97
49.82
49.72
49.62
49.51
49.37
49.26
49.16
49.05
48.95
48.84
48.74
48.61
48.47
48.34
