92.96
92.74
92.52
92.32
92.09
91.90
91.69
91.42
91.07
90.69
90.40
90.10
89.87
89.59
89.33
89.01
88.81
88.52
88.30
87.98
87.75
87.39
87.06
86.70
86.37
86.04
85.73
85.40
85.09
84.80
84.49
84.17
83.87
83.60
83.30
82.98
82.75
82.41
82.14
81.70
81.50
81.20
80.82
80.58
80.17
79.87
79.60
79.36
78.93
78.58
78.18
77.81
77.44
77.25
76.92
76.61
76.33
76.01
75.65
75.34
75.01
74.67
74.34
74.04
73.54
73.20
72.83
72.46
72.26
72.00
71.78
71.59
71.40
71.19
71.00
70.77
70.57
70.34
70.14
69.94
69.72
69.49
69.30
69.09
68.91
68.69
68.48
68.28
68.09
67.82
67.58
67.37
67.16
66.97
66.70
66.49
66.22
65.95
65.65
65.45
65.25
65.04
64.87
64.62
64.38
64.19
63.88
63.57
63.33
63.08
62.66
62.25
62.03
61.54
61.15
60.75
60.56
60.35
60.16
59.96
59.76
59.43
59.15
58.96
58.73
58.50
58.29
58.29
58.20
58.11
58.00
57.87
57.75
57.64
57.52
57.40
57.29
57.18
57.05
56.94
56.85
56.74
56.62
56.48
56.39
56.27
56.18
56.11
56.02
55.87
55.78
55.68
55.57
55.47
55.38
55.27
55.14
55.04
54.94
