88.25
88.02
87.81
87.59
87.36
87.16
86.86
86.49
86.16
85.82
85.50
85.14
84.80
84.47
84.11
83.90
83.69
83.36
83.06
82.77
82.42
82.23
82.02
81.69
81.37
81.01
80.71
80.35
80.13
79.86
79.59
79.39
79.13
78.79
78.46
78.15
77.93
77.62
77.37
77.15
76.94
76.71
76.49
76.28
75.96
75.66
75.39
75.06
74.74
74.40
74.03
73.72
73.51
73.17
72.92
72.74
72.53
72.34
72.14
71.92
71.68
71.46
71.27
71.00
70.83
70.62
70.40
70.21
70.01
69.66
69.35
69.07
68.83
68.59
68.26
67.99
67.70
67.41
67.10
66.89
66.68
66.46
66.23
66.04
65.81
65.58
65.34
65.12
64.87
64.68
64.49
64.25
63.83
63.48
63.14
62.76
62.42
62.04
61.71
61.50
61.16
60.80
60.44
60.12
59.76
59.46
59.19
58.89
58.55
58.32
58.08
57.83
57.59
57.36
57.14
56.84
56.61
56.61
56.48
56.27
56.07
55.88
55.65
55.47
55.30
55.14
54.92
54.80
54.64
54.52
54.36
54.23
54.10
54.00
53.84
53.74
53.64
53.53
53.36
53.24
53.13
53.02
52.93
52.82
52.71
52.61
52.50
52.38
52.25
52.12
51.99
51.88
51.80
51.68
51.58
51.45
51.34
51.23
51.14
51.03
50.91
50.79
50.68
50.58
50.45
50.36
50.24
50.15
50.03
49.93
49.80
49.68
49.54
49.41
49.26
49.16
49.06
48.95
48.85
48.71
48.58
48.47
48.34
48.23
48.10
48.00
47.90
47.78
47.67
47.55
47.43
47.32
47.19
47.08
46.91
46.78
46.66
46.54
46.39
46.30
46.19
46.06
45.95
45.84
45.73
45.61
45.50
45.40
45.28
45.20
45.09
44.97
44.86
44.78
44.67
44.58
44.50
44.39
44.26
44.14
44.02
43.90
43.80
43.69
43.58
43.47
43.37
43.28
43.16
43.07
