89.13
88.90
88.71
88.52
88.31
88.09
87.79
87.48
87.11
86.82
86.39
86.11
85.82
85.53
85.27
85.01
84.78
84.47
84.07
83.86
83.52
83.34
83.11
82.77
82.47
82.12
81.84
81.59
81.37
81.10
80.83
80.62
80.29
79.96
79.62
79.35
79.09
78.76
78.52
78.31
78.11
77.91
77.72
77.50
77.17
76.90
76.55
76.22
75.87
75.47
75.13
74.90
74.56
74.36
74.06
73.85
73.63
73.41
73.19
72.96
72.72
72.51
72.12
71.92
71.71
71.51
71.28
71.07
70.86
70.64
70.33
70.02
69.75
69.34
68.97
68.62
68.39
68.11
67.81
67.61
67.39
67.15
66.93
66.75
66.52
66.28
66.07
65.84
65.62
65.41
65.17
64.92
64.58
64.20
63.82
63.63
63.32
63.00
62.68
62.33
62.03
61.69
61.32
61.05
60.74
60.49
60.16
59.89
59.62
59.41
59.13
58.90
58.68
58.43
58.19
57.94
57.70
57.42
57.12
56.83
56.47
56.47
56.30
56.02
55.80
55.61
55.38
55.28
55.17
55.05
54.88
54.76
54.65
54.55
54.42
54.32
54.21
54.12
53.95
53.85
53.75
53.63
53.52
53.43
53.32
53.22
53.08
52.97
52.83
52.69
52.58
52.46
52.34
52.23
52.13
52.01
51.92
51.80
51.69
51.59
51.47
51.37
51.23
51.12
50.97
50.82
50.71
50.60
50.51
50.42
50.31
50.19
50.07
49.91
49.79
49.70
49.59
49.47
49.38
49.27
49.13
49.02
48.93
48.83
48.70
48.58
48.49
48.39
48.29
48.17
48.07
47.92
47.80
47.69
47.60
47.49
47.39
47.24
47.11
47.00
46.87
46.73
46.61
46.50
46.37
46.24
46.14
46.03
45.90
45.80
45.71
45.61
45.49
45.39
45.29
45.17
45.06
44.97
44.85
44.72
44.59
44.48
44.39
44.28
44.16
44.06
43.95
43.85
43.74
43.64
