88.94
88.70
88.49
88.27
88.04
87.84
87.53
87.22
86.90
86.56
86.25
85.91
85.64
85.30
85.01
84.76
84.55
84.19
83.91
83.62
83.29
83.08
82.87
82.58
82.30
81.96
81.67
81.38
81.15
80.86
80.62
80.42
80.07
79.73
79.40
79.09
78.87
78.59
78.35
78.15
77.94
77.68
77.47
77.26
76.97
76.69
76.34
76.02
75.71
75.38
75.03
74.67
74.44
74.16
73.89
73.67
73.48
73.25
73.01
72.75
72.52
72.32
72.12
71.81
71.60
71.40
71.13
70.93
70.71
70.50
70.16
69.85
69.54
69.32
69.02
68.74
68.40
68.13
67.84
67.61
67.41
67.20
67.00
66.82
66.60
66.34
66.10
65.87
65.64
65.43
65.22
64.98
64.79
64.51
64.18
63.91
63.54
63.25
62.90
62.59
62.59
62.44
62.23
61.98
61.75
61.31
61.01
60.69
60.38
60.28
60.17
60.01
59.92
59.78
59.60
59.50
59.35
59.24
59.03
58.82
58.66
58.40
58.17
57.95
57.73
57.52
57.30
57.20
57.12
57.02
56.85
56.72
56.56
56.46
56.33
56.21
56.08
55.96
55.79
55.68
55.55
55.42
55.28
55.18
55.06
54.96
54.83
54.70
54.60
54.52
54.41
54.31
54.20
54.09
53.97
53.87
53.77
53.65
53.54
53.43
53.33
53.20
53.08
53.00
52.84
52.73
52.61
52.52
52.39
52.30
52.17
52.04
51.91
51.76
51.66
51.58
51.49
51.38
51.30
51.21
51.06
50.94
50.80
50.68
50.57
50.48
50.39
50.29
50.18
50.06
49.95
49.86
49.75
49.63
49.49
49.35
49.24
49.12
49.00
48.87
48.78
48.66
48.57
48.47
48.36
48.23
48.15
48.02
47.93
47.82
47.70
47.60
47.51
47.42
47.32
47.19
47.08
46.97
46.87
46.76
46.65
46.55
46.46
46.32
46.19
46.09
46.00
45.89
45.80
45.70
