87.27
87.02
86.81
86.56
86.34
86.15
85.82
85.47
85.13
84.82
84.49
84.16
83.83
83.50
83.24
83.00
82.78
82.46
82.13
81.83
81.50
81.31
80.93
80.54
80.16
79.79
79.58
79.21
79.01
78.70
78.70
78.61
78.31
77.99
77.65
77.30
77.17
77.04
76.83
76.68
76.57
76.46
76.31
76.19
76.09
75.90
75.69
75.44
75.22
75.00
74.77
74.53
74.24
74.11
73.92
73.75
73.65
73.54
73.44
73.32
73.23
73.10
72.99
72.89
72.68
72.55
72.46
72.37
72.24
72.13
72.01
71.82
71.59
71.37
71.26
71.03
70.84
70.68
70.49
70.32
70.18
70.07
69.95
69.83
69.72
69.58
69.46
69.32
69.20
69.09
68.99
68.87
68.76
68.64
68.44
68.19
68.00
67.81
67.57
67.31
67.12
66.90
66.70
66.49
66.28
66.04
65.82
65.63
65.40
65.19
65.08
64.91
64.80
64.66
64.47
64.37
64.22
64.09
63.88
63.71
63.49
63.21
62.99
62.74
62.58
62.41
62.17
62.09
61.97
61.84
61.68
61.55
61.45
61.35
61.18
61.06
60.95
60.83
60.67
60.57
60.46
60.32
60.19
60.05
59.93
59.85
59.74
59.63
59.53
59.42
59.33
59.23
59.13
59.03
58.91
58.80
58.70
58.58
58.48
58.37
58.29
58.16
58.04
57.94
57.85
57.75
57.64
57.54
57.41
57.30
57.17
57.07
56.96
56.82
56.70
56.59
56.47
56.38
56.26
56.15
56.03
55.90
55.76
55.64
55.51
55.41
55.28
55.19
55.10
54.98
54.86
54.71
54.59
54.47
54.30
54.15
54.05
53.91
53.78
53.68
53.57
53.44
53.34
53.22
53.12
53.04
52.94
52.82
52.71
52.61
52.51
52.39
52.28
52.19
52.06
51.95
51.84
51.76
51.62
51.49
51.36
51.27
51.18
51.08
50.96
50.85
50.75
50.66
50.54
50.44
