87.04
86.79
86.58
86.36
86.16
85.95
85.63
85.63
85.48
85.26
85.01
84.77
84.54
84.30
84.09
83.84
83.70
83.58
83.34
83.13
82.91
82.71
82.60
82.46
82.22
82.03
81.78
81.57
81.30
81.19
81.00
80.86
80.75
80.50
80.27
80.07
79.86
79.75
79.54
79.38
79.28
79.11
78.97
78.85
78.78
78.60
78.39
78.10
77.88
77.64
77.43
77.21
76.95
76.84
76.65
76.46
76.35
76.21
76.11
76.01
75.87
75.75
75.63
75.53
75.37
75.23
75.12
75.01
74.89
74.78
74.67
74.45
74.27
74.04
73.94
73.71
73.52
73.28
73.03
72.80
72.68
72.56
72.46
72.36
72.27
72.12
72.00
71.85
71.71
71.57
71.46
71.35
71.18
71.06
70.84
70.61
70.43
70.23
70.05
69.83
69.60
69.39
69.19
68.97
68.75
68.52
68.33
68.14
67.98
67.80
67.71
67.52
67.37
67.25
67.11
66.98
66.78
66.67
66.45
66.28
66.08
65.83
65.57
65.32
65.10
64.93
64.67
64.58
64.45
64.34
64.19
64.06
63.99
63.88
63.71
63.61
63.49
63.36
63.23
63.13
63.03
62.93
62.83
62.71
62.60
62.48
62.36
62.24
62.13
61.99
61.88
61.78
61.67
61.52
61.41
61.30
61.19
61.10
60.99
60.90
60.82
60.71
60.58
60.47
60.30
60.19
60.09
59.98
59.90
59.80
59.67
59.52
59.42
59.30
59.18
59.07
58.98
58.89
58.81
58.70
58.59
58.49
58.36
58.23
58.10
57.99
57.90
57.81
57.71
57.62
57.51
57.37
57.27
57.10
56.99
56.85
56.73
56.63
56.52
56.43
56.32
56.19
56.08
55.94
55.81
55.64
55.53
55.42
55.31
55.22
55.12
55.00
54.90
54.80
54.69
54.57
54.44
54.29
54.16
54.03
53.89
53.77
53.63
53.55
53.45
53.34
53.24
53.14
53.02
52.91
