88.07
87.84
87.62
87.39
87.19
86.99
86.66
86.27
85.90
85.57
85.36
85.05
84.76
84.44
84.14
83.93
83.70
83.39
82.91
82.71
82.42
82.23
82.00
81.67
81.33
81.01
80.67
80.39
80.16
79.89
79.63
79.41
79.12
78.82
78.49
78.21
77.98
77.65
77.40
77.19
76.98
76.77
76.56
76.17
75.83
75.47
75.09
74.86
74.57
74.24
73.94
73.63
73.41
73.10
72.78
72.57
72.36
72.15
71.94
71.74
71.51
71.32
71.12
70.81
70.59
70.39
70.17
69.97
69.77
69.56
69.24
68.93
68.65
68.43
68.13
67.80
67.44
67.08
66.74
66.47
66.23
65.99
65.76
65.55
65.34
65.14
64.94
64.75
64.53
64.34
64.10
63.84
63.61
63.28
62.82
62.60
62.14
61.94
61.47
61.27
60.83
60.42
60.06
59.86
59.57
59.21
58.89
58.60
58.26
58.04
57.78
57.55
57.33
57.01
56.78
56.78
56.69
56.36
56.05
55.73
55.63
55.38
55.16
54.93
54.72
54.57
54.34
54.22
54.11
53.97
53.81
53.70
53.58
53.49
53.28
53.17
53.08
52.96
52.76
52.67
52.57
52.46
52.34
52.23
52.09
51.98
51.86
51.73
51.60
51.49
51.39
51.29
51.20
51.09
50.96
50.84
50.72
50.61
50.46
50.35
50.25
50.16
50.02
49.91
49.77
49.67
49.57
49.47
49.35
49.25
49.13
49.01
48.91
48.81
48.69
48.60
48.48
48.38
48.28
48.15
48.03
47.95
47.82
47.69
47.54
47.45
47.34
47.25
47.14
47.05
46.93
46.80
46.73
46.61
46.47
46.35
46.23
46.11
45.99
45.89
45.76
45.61
45.52
45.43
45.34
45.22
45.12
44.99
44.88
44.79
44.68
44.55
44.47
44.39
44.25
44.13
44.03
43.90
43.76
43.66
43.55
43.45
43.32
43.21
43.10
42.98
42.89
42.81
42.68
42.58
