89.19
88.97
88.77
88.52
88.32
88.10
87.78
87.45
87.11
86.79
86.46
86.13
85.79
85.53
85.16
84.90
84.69
84.39
84.11
83.85
83.56
83.35
83.11
82.80
82.37
82.09
81.78
81.52
81.24
81.03
80.72
80.50
80.17
79.88
79.57
79.24
79.01
78.68
78.44
78.24
78.00
77.77
77.54
77.27
76.95
76.65
76.26
76.05
75.70
75.38
75.07
74.72
74.50
74.17
73.89
73.69
73.48
73.28
73.07
72.83
72.62
72.42
72.23
71.99
71.78
71.57
71.34
71.15
70.96
70.74
70.39
70.11
69.83
69.63
69.33
69.04
68.76
68.46
68.19
67.97
67.73
67.52
67.33
67.12
66.88
66.67
66.45
66.21
65.99
65.80
65.57
65.35
65.08
64.67
64.38
64.15
63.84
63.56
63.23
62.91
62.60
62.27
61.86
61.54
61.25
61.01
60.69
60.38
60.09
59.85
59.61
59.39
59.16
58.85
58.65
58.37
58.19
57.89
57.61
57.16
56.74
56.36
55.98
55.58
55.23
55.03
54.83
54.61
54.42
54.18
53.98
53.79
53.58
53.58
53.48
53.36
53.24
53.14
52.96
52.85
52.74
52.61
52.52
52.42
52.29
52.19
52.07
51.94
51.84
51.72
51.62
51.52
51.44
51.35
51.24
51.13
51.03
50.94
50.84
50.70
50.58
50.46
50.35
50.27
50.14
50.05
49.97
49.87
49.75
49.64
49.53
49.41
49.33
49.23
49.11
49.00
48.91
48.79
48.68
48.58
48.47
48.38
48.27
48.14
48.04
47.93
47.79
47.67
47.55
47.46
47.35
47.23
47.12
47.02
46.92
46.80
46.68
46.54
46.41
46.32
46.21
46.08
45.96
45.84
45.75
45.64
45.54
45.42
45.30
45.18
45.09
44.97
44.85
44.75
44.64
44.56
44.46
44.38
44.24
44.12
44.01
43.90
43.81
43.73
43.63
43.52
43.39
43.27
43.15
43.04
