87.58
87.34
87.13
86.88
86.64
86.44
86.14
85.79
85.42
85.09
84.78
84.43
84.09
83.77
83.46
83.23
83.02
83.02
82.86
82.63
82.40
82.17
82.07
81.92
81.70
81.47
81.23
81.01
80.77
80.63
80.43
80.26
80.16
79.96
79.75
79.49
79.27
79.14
78.94
78.81
78.70
78.59
78.49
78.37
78.24
78.09
77.91
77.67
77.43
77.22
77.02
76.78
76.56
76.46
76.24
76.05
75.95
75.86
75.77
75.68
75.61
75.50
75.39
75.30
75.09
74.97
74.87
74.78
74.65
74.56
74.46
74.26
74.07
73.85
73.74
73.52
73.36
73.16
72.96
72.79
72.65
72.52
72.41
72.26
72.15
72.02
71.94
71.81
71.71
71.57
71.44
71.31
71.16
71.05
70.83
70.55
70.37
70.19
70.03
69.82
69.60
69.38
69.18
68.98
68.76
68.52
68.28
68.05
67.83
67.66
67.52
67.36
67.22
67.09
66.94
66.82
66.67
66.55
66.37
66.19
66.00
65.73
65.51
65.30
65.10
64.92
64.70
64.56
64.41
64.30
64.16
64.05
63.94
63.85
63.68
63.60
63.49
63.38
63.20
63.09
62.98
62.86
62.78
62.68
62.56
62.48
62.35
62.22
62.13
62.01
61.88
61.75
61.64
61.53
61.44
61.31
61.21
61.06
60.92
60.82
60.68
60.57
60.43
60.32
60.19
60.09
59.99
59.90
59.80
59.69
59.57
59.47
59.38
59.25
59.15
59.07
58.96
58.85
58.74
58.65
58.55
58.43
58.30
58.19
58.06
57.95
57.83
57.73
57.61
57.50
57.38
57.23
57.12
56.99
56.88
56.75
56.63
56.50
56.40
56.28
56.18
56.08
55.97
55.85
55.75
55.65
55.57
55.41
55.29
55.17
55.07
54.96
54.87
54.79
54.66
54.56
54.45
54.34
54.23
54.12
54.01
53.90
53.75
53.66
53.53
53.43
53.30
53.18
53.04
52.94
