88.04
87.81
87.61
87.35
87.11
86.90
86.61
86.27
85.90
85.57
85.20
84.89
84.59
84.27
83.93
83.67
83.47
83.14
82.86
82.56
82.25
82.03
81.81
81.50
81.19
80.91
80.60
80.24
80.01
79.71
79.42
79.20
78.87
78.53
78.22
77.89
77.63
77.31
77.08
76.88
76.65
76.42
76.18
75.94
75.67
75.33
75.06
74.76
74.44
74.17
73.90
73.57
73.37
73.09
72.84
72.63
72.42
72.20
72.01
71.80
71.57
71.37
71.15
70.85
70.66
70.44
70.23
70.04
69.84
69.63
69.34
69.05
68.70
68.50
68.23
67.91
67.61
67.34
67.09
66.86
66.66
66.46
66.23
66.04
65.77
65.54
65.32
65.10
64.88
64.66
64.47
64.24
63.95
63.65
63.37
63.02
62.74
62.39
62.10
61.88
61.59
61.24
60.91
60.59
60.28
59.93
59.62
59.32
59.02
58.80
58.53
58.29
58.06
58.06
57.96
57.82
57.64
57.53
57.30
57.09
56.88
56.59
56.35
56.20
56.00
55.79
55.58
55.45
55.32
55.20
55.06
54.95
54.81
54.68
54.51
54.42
54.31
54.16
54.00
53.90
53.79
53.70
53.57
53.46
53.34
53.23
53.10
53.00
52.88
52.78
52.67
52.58
52.47
52.38
52.28
52.18
52.07
51.94
51.84
51.72
51.62
51.48
51.37
51.25
51.08
50.97
50.89
50.78
50.67
50.59
50.47
50.37
50.27
50.14
50.00
49.91
49.80
49.68
49.58
49.43
49.30
49.20
49.08
48.97
48.86
48.77
48.67
48.56
48.45
48.32
48.21
48.06
47.93
47.82
47.70
47.62
47.49
47.34
47.23
47.13
47.01
46.91
46.80
46.70
46.61
46.52
46.42
46.29
46.19
46.07
45.97
45.83
45.73
45.63
45.52
45.39
45.26
45.13
45.01
44.90
44.77
44.66
44.53
44.41
44.29
44.17
44.05
43.95
43.85
43.73
