87.12
86.91
86.71
86.47
86.27
85.92
85.51
85.09
84.73
84.27
83.94
83.56
83.21
82.85
82.64
82.41
82.19
81.87
81.55
81.23
81.23
81.11
81.02
80.89
80.73
80.49
80.25
80.03
79.78
79.67
79.47
79.29
79.18
78.96
78.76
78.53
78.29
78.16
77.90
77.74
77.63
77.47
77.34
77.21
77.09
76.91
76.69
76.46
76.25
76.03
75.81
75.62
75.35
75.23
75.02
74.83
74.71
74.57
74.48
74.38
74.28
74.15
74.02
73.90
73.69
73.58
73.47
73.39
73.28
73.15
73.03
72.83
72.65
72.44
72.31
72.08
71.87
71.65
71.43
71.19
71.09
70.98
70.87
70.76
70.66
70.53
70.40
70.27
70.15
70.04
69.92
69.82
69.70
69.56
69.39
69.14
68.93
68.65
68.46
68.24
68.05
67.80
67.57
67.38
67.16
66.92
66.69
66.49
66.26
66.07
65.95
65.79
65.68
65.57
65.43
65.30
65.14
65.00
64.80
64.59
64.41
64.18
63.94
63.78
63.58
63.42
63.21
63.07
62.96
62.83
62.69
62.58
62.47
62.38
62.24
62.14
62.02
61.88
61.69
61.60
61.49
61.37
61.26
61.17
61.05
60.93
60.80
60.68
60.56
60.43
60.32
60.21
60.11
60.02
59.90
59.78
59.68
59.59
59.45
59.32
59.22
59.12
58.99
58.86
58.71
58.60
58.52
58.41
58.31
58.21
58.10
58.01
57.88
57.74
57.62
57.52
57.42
57.31
57.21
57.10
56.98
56.85
56.73
56.61
56.49
56.38
56.28
56.15
56.05
55.94
55.84
55.72
55.63
55.52
55.43
55.26
55.14
55.00
54.89
54.78
54.66
54.55
54.44
54.35
54.22
54.10
53.99
53.87
53.75
53.62
53.52
53.38
53.28
53.17
53.07
52.96
52.86
52.75
52.65
52.52
52.41
52.32
52.21
52.11
52.00
51.90
51.76
51.63
51.51
51.41
