88.58
88.34
88.12
87.89
87.67
87.47
87.18
86.85
86.47
86.16
85.85
85.53
85.20
84.93
84.60
84.31
83.97
83.67
83.46
83.05
82.85
82.65
82.42
82.12
81.80
81.50
81.21
80.92
80.71
80.41
80.16
79.93
79.67
79.32
79.01
78.68
78.41
78.07
77.88
77.66
77.43
77.23
77.02
76.81
76.56
76.26
75.91
75.57
75.26
74.97
74.70
74.35
74.12
73.83
73.56
73.35
73.15
72.95
72.76
72.51
72.29
72.10
71.89
71.57
71.35
71.14
70.93
70.72
70.52
70.32
69.95
69.69
69.36
69.13
68.79
68.51
68.19
67.92
67.63
67.43
67.20
66.96
66.71
66.52
66.29
66.09
65.90
65.69
65.48
65.27
65.05
64.80
64.61
64.31
63.96
63.70
63.39
63.04
63.04
62.92
62.74
62.54
62.33
62.11
61.90
61.67
61.45
61.24
61.02
60.79
60.68
60.54
60.41
60.29
60.14
60.01
59.84
59.74
59.56
59.37
59.18
58.91
58.65
58.50
58.34
58.16
57.98
57.84
57.72
57.61
57.46
57.36
57.23
57.15
56.98
56.88
56.75
56.63
56.45
56.34
56.26
56.14
56.04
55.94
55.85
55.76
55.63
55.51
55.40
55.27
55.19
55.07
54.95
54.82
54.72
54.59
54.48
54.39
54.27
54.15
54.04
53.94
53.81
53.68
53.57
53.47
53.38
53.28
53.17
53.06
52.95
52.84
52.74
52.62
52.47
52.35
52.26
52.15
52.05
51.93
51.79
51.69
51.58
51.45
51.34
51.22
51.11
51.00
50.91
50.79
50.68
50.55
50.47
50.38
50.25
50.14
50.03
49.90
49.75
49.66
49.53
49.41
49.29
49.16
49.05
48.94
48.85
48.73
48.61
48.52
48.42
48.28
48.17
48.06
47.96
47.85
47.72
47.59
47.45
47.35
47.20
47.10
46.99
46.89
46.79
46.69
46.57
46.48
46.37
46.26
