88.42
88.20
88.00
87.78
87.55
87.36
87.06
86.73
86.39
86.07
85.72
85.40
85.13
84.83
84.50
84.26
84.06
83.74
83.43
83.14
82.81
82.61
82.41
82.11
81.80
81.45
81.13
80.79
80.58
80.29
80.04
79.69
79.33
78.91
78.70
78.40
78.01
77.79
77.58
77.40
77.17
76.95
76.75
76.49
76.24
75.95
75.60
75.33
75.01
74.71
74.35
74.05
73.82
73.54
73.20
73.00
72.80
72.59
72.41
72.17
71.95
71.73
71.50
71.19
70.98
70.76
70.54
70.32
70.11
69.91
69.60
69.35
69.08
68.84
68.56
68.08
67.73
67.35
67.14
66.90
66.68
66.47
66.28
66.09
65.87
65.66
65.46
65.25
65.04
64.85
64.64
64.39
64.18
63.90
63.58
63.26
62.83
62.63
62.19
61.84
61.55
61.23
60.94
60.56
60.34
59.99
59.69
59.42
59.14
58.93
58.66
58.43
58.20
57.92
57.72
57.48
57.13
56.74
56.37
56.17
55.79
55.43
55.12
54.87
54.58
54.27
54.05
53.79
53.55
53.55
53.46
53.36
53.25
53.14
52.94
52.84
52.72
52.60
52.43
52.32
52.20
52.07
51.97
51.85
51.76
51.64
51.52
51.43
51.32
51.20
51.09
50.98
50.88
50.78
50.66
50.54
50.44
50.32
50.19
50.06
49.95
49.83
49.72
49.63
49.50
49.41
49.30
49.23
49.13
49.03
48.90
48.78
48.65
48.55
48.44
48.34
48.24
48.13
48.03
47.93
47.82
47.68
47.53
47.44
47.32
47.19
47.04
46.92
46.82
46.69
46.56
46.44
46.37
46.25
46.07
45.95
45.83
45.70
45.59
45.48
45.38
45.26
45.17
45.06
44.95
44.83
44.73
44.61
44.50
44.37
44.28
44.13
43.98
43.88
43.77
43.67
43.57
43.45
43.32
43.20
43.08
42.98
42.90
42.78
42.67
42.57
42.44
42.33
42.20
42.11
