87.72
87.48
87.29
87.06
86.85
86.64
86.36
86.06
85.73
85.42
85.11
84.62
84.24
83.85
83.65
83.41
83.20
82.71
82.50
82.19
81.85
81.63
81.37
81.09
80.77
80.47
80.13
79.81
79.60
79.32
79.32
79.21
79.12
78.85
78.68
78.45
78.23
78.09
77.88
77.70
77.60
77.49
77.36
77.24
77.13
76.93
76.74
76.50
76.26
75.99
75.80
75.62
75.34
75.22
75.02
74.84
74.74
74.61
74.50
74.40
74.28
74.17
74.05
73.94
73.76
73.66
73.58
73.48
73.36
73.26
73.14
72.93
72.76
72.53
72.39
72.23
72.04
71.83
71.65
71.44
71.27
71.14
71.03
70.90
70.80
70.67
70.56
70.45
70.32
70.21
70.09
69.98
69.84
69.74
69.55
69.27
69.06
68.82
68.59
68.40
68.20
67.98
67.74
67.51
67.28
67.07
66.84
66.62
66.38
66.21
66.08
65.91
65.76
65.62
65.43
65.28
65.09
64.99
64.75
64.54
64.32
64.08
63.86
63.61
63.45
63.30
63.10
62.99
62.86
62.75
62.58
62.44
62.34
62.22
62.09
62.00
61.91
61.79
61.67
61.56
61.45
61.32
61.22
61.10
60.98
60.87
60.75
60.64
60.53
60.44
60.31
60.21
60.11
59.99
59.86
59.74
59.65
59.53
59.42
59.32
59.23
59.11
59.00
58.89
58.78
58.67
58.57
58.49
58.37
58.27
58.15
58.04
57.94
57.80
57.70
57.61
57.51
57.43
57.33
57.23
57.08
56.96
56.82
56.70
56.58
56.48
56.37
56.27
56.16
56.05
55.93
55.83
55.71
55.58
55.48
55.36
55.23
55.07
54.94
54.83
54.72
54.61
54.49
54.40
54.27
54.18
54.07
53.94
53.80
53.69
53.60
53.50
53.39
53.28
53.16
53.08
52.97
52.87
52.79
52.66
52.56
52.46
52.34
52.25
52.13
52.00
51.89
51.78
51.66
51.55
