89.04
88.79
88.58
88.35
88.16
87.86
87.54
87.20
86.87
86.56
86.23
86.04
85.76
85.45
85.15
84.92
84.69
84.36
84.10
83.80
83.50
83.32
83.12
82.83
82.50
82.17
81.86
81.55
81.34
81.03
80.76
80.48
80.20
79.86
79.66
79.33
78.99
78.79
78.56
78.35
78.13
77.90
77.68
77.47
77.19
76.79
76.43
76.09
75.78
75.45
75.09
74.90
74.69
74.38
74.10
73.89
73.71
73.52
73.27
73.02
72.80
72.59
72.28
72.06
71.86
71.62
71.39
71.17
70.96
70.74
70.40
70.10
69.80
69.45
69.13
68.83
68.65
68.34
68.00
67.76
67.53
67.34
67.11
66.89
66.68
66.48
66.23
66.04
65.82
65.60
65.40
65.15
64.92
64.61
64.31
63.98
63.66
63.33
63.03
62.69
62.36
62.03
61.59
61.20
60.81
60.58
60.32
60.04
59.70
59.51
59.24
59.06
58.84
58.56
58.35
58.06
57.84
57.53
57.53
57.40
57.01
56.68
56.36
56.02
55.70
55.40
55.29
55.17
55.07
54.96
54.82
54.71
54.58
54.48
54.31
54.24
54.13
54.00
53.83
53.71
53.59
53.46
53.36
53.24
53.12
53.00
52.88
52.77
52.68
52.55
52.44
52.34
52.25
52.15
52.04
51.94
51.85
51.74
51.62
51.52
51.43
51.32
51.19
51.08
50.92
50.82
50.73
50.61
50.48
50.35
50.25
50.15
50.04
49.90
49.78
49.66
49.55
49.44
49.34
49.24
49.11
48.99
48.88
48.74
48.61
48.52
48.41
48.30
48.18
48.10
48.00
47.88
47.76
47.66
47.57
47.38
47.29
47.20
47.12
47.02
46.91
46.81
46.72
46.62
46.46
46.35
46.25
46.12
45.99
45.90
45.82
45.71
45.61
45.50
45.40
45.28
45.13
45.00
44.89
44.78
44.66
44.56
44.41
44.31
44.21
44.11
44.01
43.93
43.82
43.73
