1	88.25	88.42	88.35	88.60	88.58	88.86	88.94	89.04	89.13	89.19	87.04	89.30	87.12	87.27	87.58	87.72	87.81	87.79	88.04	88.07
2	88.02	88.20	88.12	88.38	88.34	88.60	88.70	88.79	88.90	88.97	86.79	89.06	86.91	87.02	87.34	87.48	87.59	87.58	87.81	87.84
3	87.81	88.00	87.91	88.17	88.12	88.39	88.49	88.58	88.71	88.77	86.58	88.86	86.71	86.81	87.13	87.29	87.38	87.38	87.61	87.62
4	87.59	87.78	87.69	87.96	87.89	88.19	88.27	88.35	88.52	88.52	86.36	88.64	86.47	86.56	86.88	87.06	87.15	87.16	87.35	87.39
5	87.36	87.55	87.48	87.76	87.67	87.97	88.04	88.16	88.31	88.32	86.16	88.43	86.27	86.34	86.64	86.85	86.94	86.96	87.11	87.19
6	87.16	87.36	87.27	87.57	87.47	87.69	87.84	87.86	88.09	88.10	85.95	88.22	85.92	86.15	86.44	86.64	86.60	86.75	86.90	86.99
7	86.86	87.06	86.96	87.25	87.18	87.39	87.53	87.54	87.79	87.78	85.63	87.89	85.51	85.82	86.14	86.36	86.24	86.46	86.61	86.66
8	86.49	86.73	86.65	86.93	86.85	87.08	87.22	87.20	87.48	87.45	85.63	87.49	85.09	85.47	85.79	86.06	85.89	86.12	86.27	86.27
9	86.16	86.39	86.33	86.60	86.47	86.74	86.90	86.87	87.11	87.11	85.48	87.26	84.73	85.13	85.42	85.73	85.54	85.79	85.90	85.90
10	85.82	86.07	85.99	86.24	86.16	86.43	86.56	86.56	86.82	86.79	85.26	86.83	84.27	84.82	85.09	85.42	85.18	85.43	85.57	85.57
11	85.50	85.72	85.70	85.90	85.85	86.14	86.25	86.23	86.39	86.46	85.01	86.53	83.94	84.49	84.78	85.11	84.83	85.10	85.20	85.36
12	85.14	85.40	85.40	85.48	85.53	85.77	85.91	86.04	86.11	86.13	84.77	86.21	83.56	84.16	84.43	84.62	84.62	84.78	84.89	85.05
13	84.80	85.13	85.05	85.17	85.20	85.54	85.64	85.76	85.82	85.79	84.54	85.98	83.21	83.83	84.09	84.24	84.31	84.46	84.59	84.76
14	84.47	84.83	84.75	84.85	84.93	85.22	85.30	85.45	85.53	85.53	84.30	85.66	82.85	83.50	83.77	83.85	83.98	84.17	84.27	84.44
15	84.11	84.50	84.40	84.63	84.60	84.90	85.01	85.15	85.27	85.16	84.09	85.36	82.64	83.24	83.46	83.65	83.62	83.83	83.93	84.14
16	83.90	84.26	84.17	84.41	84.31	84.64	84.76	84.92	85.01	84.90	83.84	85.15	82.41	83.00	83.23	83.41	83.37	83.61	83.67	83.93
17	83.69	84.06	83.96	84.20	83.97	84.43	84.55	84.69	84.78	84.69	83.70	84.95	82.19	82.78	83.02	83.20	82.98	83.39	83.47	83.70
18	83.36	83.74	83.65	83.77	83.67	84.09	84.19	84.36	84.47	84.39	83.58	84.63	81.87	82.46	83.02	82.71	82.60	83.06	83.14	83.39
19	83.06	83.43	83.35	83.53	83.46	83.80	83.91	84.10	84.07	84.11	83.34	84.33	81.55	82.13	82.86	82.50	82.40	82.76	82.86	82.91
20	82.77	83.14	83.06	83.24	83.05	83.47	83.62	83.80	83.86	83.85	83.13	84.08	81.23	81.83	82.63	82.19	81.92	82.48	82.56	82.71
21	82.42	82.81	82.71	82.93	82.85	83.12	83.29	83.50	83.52	83.56	82.91	83.79	81.23	81.50	82.40	81.85	81.70	82.15	82.25	82.42
22	82.23	82.61	82.50	82.71	82.65	82.91	83.08	83.32	83.34	83.35	82.71	83.59	81.11	81.31	82.17	81.63	81.48	81.96	82.03	82.23
23	82.02	82.41	82.27	82.47	82.42	82.71	82.87	83.12	83.11	83.11	82.60	83.35	81.02	80.93	82.07	81.37	81.26	81.65	81.81	82.00
24	81.69	82.11	81.99	82.15	82.12	82.39	82.58	82.83	82.77	82.80	82.46	83.06	80.89	80.54	81.92	81.09	80.96	81.35	81.50	81.67
25	81.37	81.80	81.69	81.83	81.80	82.09	82.30	82.50	82.47	82.37	82.22	82.79	80.73	80.16	81.70	80.77	80.68	81.04	81.19	81.33
26	81.01	81.45	81.36	81.47	81.50	81.83	81.96	82.17	82.12	82.09	82.03	82.46	80.49	79.79	81.47	80.47	80.33	80.69	80.91	81.01
27	80.71	81.13	81.07	81.14	81.21	81.55	81.67	81.86	81.84	81.78	81.78	82.13	80.25	79.58	81.23	80.13	80.03	80.30	80.60	80.67
28	80.35	80.79	80.73	80.81	80.92	81.24	81.38	81.55	81.59	81.52	81.57	81.79	80.03	79.21	81.01	79.81	79.68	80.08	80.24	80.39
29	80.13	80.58	80.52	80.58	80.71	81.04	81.15	81.34	81.37	81.24	81.30	81.59	79.78	79.01	80.77	79.60	79.48	79.70	80.01	80.16
30	79.86	80.29	80.21	80.28	80.41	80.73	80.86	81.03	81.10	81.03	81.19	81.32	79.67	78.70	80.63	79.32	79.20	79.50	79.71	79.89
32	79.59	80.04	79.94	80.04	80.16	80.45	80.62	80.76	80.83	80.72	81.00	81.02	79.47	78.70	80.43	79.32	78.95	79.24	79.42	79.63
33	79.39	79.69	79.73	79.85	79.93	80.24	80.42	80.48	80.62	80.50	80.86	80.79	79.29	78.61	80.26	79.21	78.70	78.88	79.20	79.41
34	79.13	79.33	79.41	79.54	79.67	79.94	80.07	80.20	80.29	80.17	80.75	80.48	79.18	78.31	80.16	79.12	78.43	78.45	78.87	79.12
35	78.79	78.91	79.05	79.18	79.32	79.62	79.73	79.86	79.96	79.88	80.50	80.13	78.96	77.99	79.96	78.85	78.09	78.08	78.53	78.82
36	78.46	78.70	78.72	78.84	79.01	79.31	79.40	79.66	79.62	79.57	80.27	79.77	78.76	77.65	79.75	78.68	77.78	77.69	78.22	78.49
37	78.15	78.40	78.39	78.56	78.68	78.98	79.09	79.33	79.35	79.24	80.07	79.46	78.53	77.30	79.49	78.45	77.48	77.48	77.89	78.21
38	77.93	78.01	78.15	78.34	78.41	78.73	78.87	78.99	79.09	79.01	79.86	79.24	78.29	77.17	79.27	78.23	77.26	77.29	77.63	77.98
39	77.62	77.79	77.84	78.09	78.07	78.40	78.59	78.79	78.76	78.68	79.75	78.94	78.16	77.04	79.14	78.09	76.95	76.96	77.31	77.65
40	77.37	77.58	77.64	77.84	77.88	78.11	78.35	78.56	78.52	78.44	79.54	78.69	77.90	76.83	78.94	77.88	76.69	76.67	77.08	77.40
41	77.15	77.40	77.43	77.60	77.66	77.88	78.15	78.35	78.31	78.24	79.38	78.46	77.74	76.68	78.81	77.70	76.49	76.47	76.88	77.19
42	76.94	77.17	77.20	77.36	77.43	77.64	77.94	78.13	78.11	78.00	79.28	78.24	77.63	76.57	78.70	77.60	76.30	76.21	76.65	76.98
43	76.71	76.95	77.02	77.14	77.23	77.41	77.68	77.90	77.91	77.77	79.11	78.00	77.47	76.46	78.59	77.49	76.06	75.96	76.42	76.77
44	76.49	76.75	76.81	76.92	77.02	77.19	77.47	77.68	77.72	77.54	78.97	77.78	77.34	76.31	78.49	77.36	75.84	75.75	76.18	76.56
45	76.28	76.49	76.61	76.70	76.81	76.98	77.26	77.47	77.50	77.27	78.85	77.55	77.21	76.19	78.37	77.24	75.64	75.54	75.94	76.17
46	75.96	76.24	76.34	76.41	76.56	76.72	76.97	77.19	77.17	76.95	78.78	77.26	77.09	76.09	78.24	77.13	75.37	75.23	75.67	75.83
47	75.66	75.95	76.06	76.12	76.26	76.39	76.69	76.79	76.90	76.65	78.60	76.95	76.91	75.90	78.09	76.93	74.88	74.90	75.33	75.47
48	75.39	75.60	75.78	75.86	75.91	76.08	76.34	76.43	76.55	76.26	78.39	76.70	76.69	75.69	77.91	76.74	74.53	74.56	75.06	75.09
49	75.06	75.33	75.40	75.56	75.57	75.72	76.02	76.09	76.22	76.05	78.10	76.40	76.46	75.44	77.67	76.50	74.13	74.26	74.76	74.86
50	74.74	75.01	75.10	75.27	75.26	75.37	75.71	75.78	75.87	75.70	77.88	76.08	76.25	75.22	77.43	76.26	73.73	73.91	74.44	74.57
51	74.40	74.71	74.79	74.94	74.97	75.08	75.38	75.45	75.47	75.38	77.64	75.76	76.03	75.00	77.22	75.99	73.34	73.59	74.17	74.24
52	74.03	74.35	74.45	74.65	74.70	74.77	75.03	75.09	75.13	75.07	77.43	75.48	75.81	74.77	77.02	75.80	72.97	73.26	73.90	73.94
53	73.72	74.05	74.08	74.30	74.35	74.44	74.67	74.90	74.90	74.72	77.21	75.13	75.62	74.53	76.78	75.62	72.77	72.93	73.57	73.63
54	73.51	73.82	73.87	74.09	74.12	74.21	74.44	74.69	74.56	74.50	76.95	74.92	75.35	74.24	76.56	75.34	72.39	72.71	73.37	73.41
55	73.17	73.54	73.56	73.83	73.83	73.93	74.16	74.38	74.36	74.17	76.84	74.66	75.23	74.11	76.46	75.22	72.21	72.42	73.09	73.10
56	72.92	73.20	73.25	73.48	73.56	73.67	73.89	74.10	74.06	73.89	76.65	74.36	75.02	73.92	76.24	75.02	72.21	72.16	72.84	72.78
57	72.74	73.00	73.04	73.27	73.35	73.45	73.67	73.89	73.85	73.69	76.46	74.15	74.83	73.75	76.05	74.84	72.10	71.96	72.63	72.57
58	72.53	72.80	72.81	73.07	73.15	73.23	73.48	73.71	73.63	73.48	76.35	73.94	74.71	73.65	75.95	74.74	72.01	71.75	72.42	72.36
59	72.34	72.59	72.59	72.85	72.95	73.04	73.25	73.52	73.41	73.28	76.21	73.73	74.57	73.54	75.86	74.61	71.87	71.56	72.20	72.15
60	72.14	72.41	72.40	72.62	72.76	72.84	73.01	73.27	73.19	73.07	76.11	73.53	74.48	73.44	75.77	74.50	71.75	71.32	72.01	71.94
61	71.92	72.17	72.16	72.39	72.51	72.60	72.75	73.02	72.96	72.83	76.01	73.32	74.38	73.32	75.68	74.40	71.62	71.08	71.80	71.74
62	71.68	71.95	71.96	72.13	72.29	72.38	72.52	72.80	72.72	72.62	75.87	73.11	74.28	73.23	75.61	74.28	71.46	70.87	71.57	71.51
63	71.46	71.73	71.73	71.92	72.10	72.18	72.32	72.59	72.51	72.42	75.75	72.92	74.15	73.10	75.50	74.17	71.33	70.66	71.37	71.32
64	71.27	71.50	71.51	71.72	71.89	71.96	72.12	72.28	72.12	72.23	75.63	72.70	74.02	72.99	75.39	74.05	71.25	70.46	71.15	71.12
65	71.00	71.19	71.21	71.42	71.57	71.66	71.81	72.06	71.92	71.99	75.53	72.38	73.90	72.89	75.30	73.94	71.13	70.17	70.85	70.81
66	70.83	70.98	71.00	71.20	71.35	71.46	71.60	71.86	71.71	71.78	75.37	72.18	73.69	72.68	75.09	73.76	70.96	69.96	70.66	70.59
67	70.62	70.76	70.80	70.98	71.14	71.24	71.40	71.62	71.51	71.57	75.23	71.97	73.58	72.55	74.97	73.66	70.83	69.74	70.44	70.39
68	70.40	70.54	70.58	70.78	70.93	71.04	71.13	71.39	71.28	71.34	75.12	71.77	73.47	72.46	74.87	73.58	70.70	69.53	70.23	70.17
69	70.21	70.32	70.37	70.59	70.72	70.83	70.93	71.17	71.07	71.15	75.01	71.56	73.39	72.37	74.78	73.48	70.58	69.33	70.04	69.97
70	70.01	70.11	70.18	70.38	70.52	70.64	70.71	70.96	70.86	70.96	74.89	71.36	73.28	72.24	74.65	73.36	70.50	69.11	69.84	69.77
71	69.66	69.91	69.97	70.17	70.32	70.42	70.50	70.74	70.64	70.74	74.78	71.17	73.15	72.13	74.56	73.26	70.40	68.74	69.63	69.56
72	69.35	69.60	69.65	69.89	69.95	70.11	70.16	70.40	70.33	70.39	74.67	70.84	73.03	72.01	74.46	73.14	70.30	68.35	69.34	69.24
73	69.07	69.35	69.34	69.60	69.69	69.83	69.85	70.10	70.02	70.11	74.45	70.54	72.83	71.82	74.26	72.93	70.07	68.01	69.05	68.93
74	68.83	69.08	69.01	69.31	69.36	69.55	69.54	69.80	69.75	69.83	74.27	70.24	72.65	71.59	74.07	72.76	69.89	67.78	68.70	68.65
75	68.59	68.84	68.81	69.09	69.13	69.34	69.32	69.45	69.34	69.63	74.04	70.03	72.44	71.37	73.85	72.53	69.67	67.57	68.50	68.43
76	68.26	68.56	68.53	68.78	68.79	69.03	69.02	69.13	68.97	69.33	73.94	69.74	72.31	71.26	73.74	72.39	69.56	67.25	68.23	68.13
77	67.99	68.08	68.27	68.38	68.51	68.76	68.74	68.83	68.62	69.04	73.71	69.45	72.08	71.03	73.52	72.23	69.37	66.94	67.91	67.80
78	67.70	67.73	68.00	68.03	68.19	68.45	68.40	68.65	68.39	68.76	73.52	69.18	71.87	70.84	73.36	72.04	69.16	66.64	67.61	67.44
79	67.41	67.35	67.74	67.73	67.92	68.17	68.13	68.34	68.11	68.46	73.28	68.90	71.65	70.68	73.16	71.83	68.99	66.33	67.34	67.08
80	67.10	67.14	67.41	67.52	67.63	67.87	67.84	68.00	67.81	68.19	73.03	68.60	71.43	70.49	72.96	71.65	68.81	66.01	67.09	66.74
81	66.89	66.90	67.17	67.29	67.43	67.63	67.61	67.76	67.61	67.97	72.80	68.38	71.19	70.32	72.79	71.44	68.63	65.77	66.86	66.47
82	66.68	66.68	66.95	67.07	67.20	67.40	67.41	67.53	67.39	67.73	72.68	68.14	71.09	70.18	72.65	71.27	68.52	65.56	66.66	66.23
83	66.46	66.47	66.70	66.85	66.96	67.17	67.20	67.34	67.15	67.52	72.56	67.92	70.98	70.07	72.52	71.14	68.39	65.33	66.46	65.99
84	66.23	66.28	66.47	66.63	66.71	66.93	67.00	67.11	66.93	67.33	72.46	67.73	70.87	69.95	72.41	71.03	68.28	65.11	66.23	65.76
85	66.04	66.09	66.28	66.43	66.52	66.74	66.82	66.89	66.75	67.12	72.36	67.54	70.76	69.83	72.26	70.90	68.19	64.90	66.04	65.55
86	65.81	65.87	66.04	66.19	66.29	66.51	66.60	66.68	66.52	66.88	72.27	67.32	70.66	69.72	72.15	70.80	68.06	64.68	65.77	65.34
87	65.58	65.66	65.81	65.96	66.09	66.30	66.34	66.48	66.28	66.67	72.12	67.11	70.53	69.58	72.02	70.67	67.93	64.43	65.54	65.14
88	65.34	65.46	65.59	65.75	65.90	66.06	66.10	66.23	66.07	66.45	72.00	66.90	70.40	69.46	71.94	70.56	67.79	64.20	65.32	64.94
89	65.12	65.25	65.37	65.55	65.69	65.83	65.87	66.04	65.84	66.21	71.85	66.70	70.27	69.32	71.81	70.45	67.68	63.97	65.10	64.75
90	64.87	65.04	65.17	65.36	65.48	65.64	65.64	65.82	65.62	65.99	71.71	66.47	70.15	69.20	71.71	70.32	67.57	63.72	64.88	64.53
91	64.68	64.85	64.97	65.16	65.27	65.40	65.43	65.60	65.41	65.80	71.57	66.24	70.04	69.09	71.57	70.21	67.45	63.49	64.66	64.34
92	64.49	64.64	64.78	64.96	65.05	65.19	65.22	65.40	65.17	65.57	71.46	66.00	69.92	68.99	71.44	70.09	67.38	63.30	64.47	64.10
93	64.25	64.39	64.54	64.71	64.80	64.94	64.98	65.15	64.92	65.35	71.35	65.80	69.82	68.87	71.31	69.98	67.28	63.09	64.24	63.84
94	63.83	64.18	64.35	64.50	64.61	64.73	64.79	64.92	64.58	65.08	71.18	65.57	69.70	68.76	71.16	69.84	67.13	62.87	63.95	63.61
95	63.48	63.90	64.06	64.19	64.31	64.43	64.51	64.61	64.20	64.67	71.06	65.27	69.56	68.64	71.05	69.74	67.02	62.54	63.65	63.28
96	63.14	63.58	63.78	63.78	63.96	64.07	64.18	64.31	63.82	64.38	70.84	64.90	69.39	68.44	70.83	69.55	66.83	62.25	63.37	62.82
97	62.76	63.26	63.48	63.56	63.70	64.07	63.91	63.98	63.63	64.15	70.61	64.60	69.14	68.19	70.55	69.27	66.61	61.95	63.02	62.60
98	62.42	62.83	63.15	63.23	63.39	63.97	63.54	63.66	63.32	63.84	70.43	64.16	68.93	68.00	70.37	69.06	66.42	61.62	62.74	62.14
99	62.04	62.63	62.81	62.90	63.04	63.55	63.25	63.33	63.00	63.56	70.23	63.81	68.65	67.81	70.19	68.82	66.20	61.32	62.39	61.94
100	61.71	62.19	62.52	62.58	63.04	63.24	62.90	63.03	62.68	63.23	70.05	63.44	68.46	67.57	70.03	68.59	66.04	60.97	62.10	61.47
101	61.50	61.84	62.22	62.18	62.92	62.89	62.59	62.69	62.33	62.91	69.83	63.07	68.24	67.31	69.82	68.40	65.81	60.66	61.88	61.27
102	61.16	61.55	61.92	61.95	62.74	62.61	62.59	62.36	62.03	62.60	69.60	62.73	68.05	67.12	69.60	68.20	65.59	60.37	61.59	60.83
103	60.80	61.23	61.59	61.51	62.54	62.31	62.44	62.03	61.69	62.27	69.39	62.32	67.80	66.90	69.38	67.98	65.35	60.06	61.24	60.42
104	60.44	60.94	61.25	61.16	62.33	61.99	62.23	61.59	61.32	61.86	69.19	62.11	67.57	66.70	69.18	67.74	65.13	59.73	60.91	60.06
105	60.12	60.56	60.91	60.85	62.11	61.85	61.98	61.20	61.05	61.54	68.97	61.79	67.38	66.49	68.98	67.51	64.88	59.73	60.59	59.86
106	59.76	60.34	60.62	60.63	61.90	61.63	61.75	60.81	60.74	61.25	68.75	61.29	67.16	66.28	68.76	67.28	64.68	59.58	60.28	59.57
107	59.46	59.99	60.31	60.28	61.67	61.40	61.31	60.58	60.49	61.01	68.52	60.92	66.92	66.04	68.52	67.07	64.45	59.36	59.93	59.21
108	59.19	59.69	59.99	59.99	61.45	61.20	61.01	60.32	60.16	60.69	68.33	60.55	66.69	65.82	68.28	66.84	64.19	59.18	59.62	58.89
109	58.89	59.42	59.65	59.70	61.24	61.04	60.69	60.04	59.89	60.38	68.14	60.18	66.49	65.63	68.05	66.62	63.96	58.93	59.32	58.60
110	58.55	59.14	59.34	59.40	61.02	60.84	60.38	59.70	59.62	60.09	67.98	59.99	66.26	65.40	67.83	66.38	63.77	58.73	59.02	58.26
111	58.32	58.93	59.12	59.18	60.79	60.62	60.28	59.51	59.41	59.85	67.80	59.78	66.07	65.19	67.66	66.21	63.59	58.54	58.80	58.04
112	58.08	58.66	58.87	58.91	60.68	60.52	60.17	59.24	59.13	59.61	67.71	59.78	65.95	65.08	67.52	66.08	63.47	58.44	58.53	57.78
113	57.83	58.43	58.61	58.68	60.54	60.41	60.01	59.06	58.90	59.39	67.52	59.67	65.79	64.91	67.36	65.91	63.29	58.32	58.29	57.55
114	57.59	58.20	58.40	58.47	60.41	60.28	59.92	58.84	58.68	59.16	67.37	59.55	65.68	64.80	67.22	65.76	63.15	58.18	58.06	57.33
115	57.36	57.92	58.15	58.18	60.29	60.15	59.78	58.56	58.43	58.85	67.25	59.44	65.57	64.66	67.09	65.62	63.05	58.07	58.06	57.01
116	57.14	57.72	57.94	57.98	60.14	59.98	59.60	58.35	58.19	58.65	67.11	59.24	65.43	64.47	66.94	65.43	62.87	57.93	57.96	56.78
117	56.84	57.48	57.67	57.72	60.01	59.87	59.50	58.06	57.94	58.37	66.98	59.14	65.30	64.37	66.82	65.28	62.76	57.80	57.82	56.78
118	56.61	57.13	57.46	57.53	59.84	59.72	59.35	57.84	57.70	58.19	66.78	58.97	65.14	64.22	66.67	65.09	62.61	57.61	57.64	56.69
119	56.61	56.74	57.13	57.23	59.74	59.61	59.24	57.53	57.42	57.89	66.67	58.86	65.00	64.09	66.55	64.99	62.50	57.48	57.53	56.36
120	56.48	56.37	56.80	56.95	59.56	59.40	59.03	57.53	57.12	57.61	66.45	58.68	64.80	63.88	66.37	64.75	62.28	57.32	57.30	56.05
121	56.27	56.17	56.52	56.65	59.37	59.21	58.82	57.40	56.83	57.16	66.28	58.52	64.59	63.71	66.19	64.54	62.08	57.11	57.09	55.73
122	56.07	55.79	56.21	56.35	59.18	58.98	58.66	57.01	56.47	56.74	66.08	58.31	64.41	63.49	66.00	64.32	61.89	56.94	56.88	55.63
123	55.88	55.43	56.21	56.00	58.91	58.77	58.40	56.68	56.47	56.36	65.83	58.03	64.18	63.21	65.73	64.08	61.62	56.70	56.59	55.38
124	55.65	55.12	56.06	55.65	58.65	58.55	58.17	56.36	56.30	55.98	65.57	57.79	63.94	62.99	65.51	63.86	61.37	56.54	56.35	55.16
125	55.47	54.87	55.82	55.32	58.50	58.37	57.95	56.02	56.02	55.58	65.32	57.56	63.78	62.74	65.30	63.61	61.14	56.30	56.20	54.93
126	55.30	54.58	55.59	55.01	58.34	58.15	57.73	55.70	55.80	55.23	65.10	57.38	63.58	62.58	65.10	63.45	60.93	56.09	56.00	54.72
127	55.14	54.27	55.34	54.70	58.16	57.97	57.52	55.40	55.61	55.03	64.93	57.21	63.42	62.41	64.92	63.30	60.74	55.85	55.79	54.57
128	54.92	54.05	55.09	54.48	57.98	57.77	57.30	55.29	55.38	54.83	64.67	57.01	63.21	62.17	64.70	63.10	60.50	55.66	55.58	54.34
129	54.80	53.79	54.97	54.25	57.84	57.69	57.20	55.17	55.28	54.61	64.58	56.91	63.07	62.09	64.56	62.99	60.38	55.56	55.45	54.22
130	54.64	53.55	54.87	54.04	57.72	57.56	57.12	55.07	55.17	54.42	64.45	56.81	62.96	61.97	64.41	62.86	60.27	55.43	55.32	54.11
131	54.52	53.55	54.74	53.77	57.61	57.43	57.02	54.96	55.05	54.18	64.34	56.64	62.83	61.84	64.30	62.75	60.12	55.33	55.20	53.97
132	54.36	53.46	54.60	53.55	57.46	57.27	56.85	54.82	54.88	53.98	64.19	56.48	62.69	61.68	64.16	62.58	59.91	55.13	55.06	53.81
133	54.23	53.36	54.49	53.29	57.36	57.17	56.72	54.71	54.76	53.79	64.06	56.38	62.58	61.55	64.05	62.44	59.79	55.05	54.95	53.70
134	54.10	53.25	54.37	53.09	57.23	57.06	56.56	54.58	54.65	53.58	63.99	56.25	62.47	61.45	63.94	62.34	59.67	54.94	54.81	53.58
135	54.00	53.14	54.26	52.78	57.15	56.94	56.46	54.48	54.55	53.58	63.88	56.14	62.38	61.35	63.85	62.22	59.56	54.84	54.68	53.49
136	53.84	52.94	54.09	52.57	56.98	56.81	56.33	54.31	54.42	53.48	63.71	55.94	62.24	61.18	63.68	62.09	59.37	54.69	54.51	53.28
137	53.74	52.84	53.99	52.35	56.88	56.71	56.21	54.24	54.32	53.36	63.61	55.83	62.14	61.06	63.60	62.00	59.27	54.57	54.42	53.17
138	53.64	52.72	53.87	52.11	56.75	56.60	56.08	54.13	54.21	53.24	63.49	55.71	62.02	60.95	63.49	61.91	59.17	54.46	54.31	53.08
139	53.53	52.60	53.75	52.11	56.63	56.50	55.96	54.00	54.12	53.14	63.36	55.62	61.88	60.83	63.38	61.79	59.02	54.36	54.16	52.96
140	53.36	52.43	53.57	52.03	56.45	56.35	55.79	53.83	53.95	52.96	63.23	55.48	61.69	60.67	63.20	61.67	58.88	54.20	54.00	52.76
141	53.24	52.32	53.48	51.93	56.34	56.22	55.68	53.71	53.85	52.85	63.13	55.35	61.60	60.57	63.09	61.56	58.77	54.08	53.90	52.67
142	53.13	52.20	53.38	51.83	56.26	56.10	55.55	53.59	53.75	52.74	63.03	55.24	61.49	60.46	62.98	61.45	58.67	53.97	53.79	52.57
143	53.02	52.07	53.27	51.70	56.14	55.94	55.42	53.46	53.63	52.61	62.93	55.15	61.37	60.32	62.86	61.32	58.52	53.84	53.70	52.46
144	52.93	51.97	53.14	51.58	56.04	55.83	55.28	53.36	53.52	52.52	62.83	55.04	61.26	60.19	62.78	61.22	58.40	53.73	53.57	52.34
145	52.82	51.85	53.04	51.48	55.94	55.71	55.18	53.24	53.43	52.42	62.71	54.91	61.17	60.05	62.68	61.10	58.27	53.62	53.46	52.23
146	52.71	51.76	52.90	51.38	55.85	55.61	55.06	53.12	53.32	52.29	62.60	54.77	61.05	59.93	62.56	60.98	58.14	53.50	53.34	52.09
147	52.61	51.64	52.77	51.29	55.76	55.50	54.96	53.00	53.22	52.19	62.48	54.66	60.93	59.85	62.48	60.87	58.06	53.40	53.23	51.98
148	52.50	51.52	52.67	51.17	55.63	55.40	54.83	52.88	53.08	52.07	62.36	54.52	60.80	59.74	62.35	60.75	57.93	53.28	53.10	51.86
149	52.38	51.43	52.54	51.05	55.51	55.25	54.70	52.77	52.97	51.94	62.24	54.42	60.68	59.63	62.22	60.64	57.81	53.17	53.00	51.73
150	52.25	51.32	52.43	50.96	55.40	55.14	54.60	52.68	52.83	51.84	62.13	54.30	60.56	59.53	62.13	60.53	57.73	53.06	52.88	51.60
151	52.12	51.20	52.33	50.82	55.27	55.03	54.52	52.55	52.69	51.72	61.99	54.18	60.43	59.42	62.01	60.44	57.61	52.95	52.78	51.49
152	51.99	51.09	52.21	50.71	55.19	54.93	54.41	52.44	52.58	51.62	61.88	54.08	60.32	59.33	61.88	60.31	57.51	52.84	52.67	51.39
153	51.88	50.98	52.08	50.58	55.07	54.80	54.31	52.34	52.46	51.52	61.78	53.96	60.21	59.23	61.75	60.21	57.38	52.74	52.58	51.29
154	51.80	50.88	51.97	50.46	54.95	54.70	54.20	52.25	52.34	51.44	61.67	53.87	60.11	59.13	61.64	60.11	57.29	52.65	52.47	51.20
155	51.68	50.78	51.87	50.36	54.82	54.60	54.09	52.15	52.23	51.35	61.52	53.77	60.02	59.03	61.53	59.99	57.18	52.52	52.38	51.09
156	51.58	50.66	51.76	50.26	54.72	54.47	53.97	52.04	52.13	51.24	61.41	53.66	59.90	58.91	61.44	59.86	57.05	52.39	52.28	50.96
157	51.45	50.54	51.67	50.14	54.59	54.33	53.87	51.94	52.01	51.13	61.30	53.57	59.78	58.80	61.31	59.74	56.93	52.25	52.18	50.84
158	51.34	50.44	51.57	50.04	54.48	54.24	53.77	51.85	51.92	51.03	61.19	53.46	59.68	58.70	61.21	59.65	56.83	52.17	52.07	50.72
159	51.23	50.32	51.44	49.92	54.39	54.13	53.65	51.74	51.80	50.94	61.10	53.35	59.59	58.58	61.06	59.53	56.72	52.06	51.94	50.61
160	51.14	50.19	51.34	49.79	54.27	54.03	53.54	51.62	51.69	50.84	60.99	53.24	59.45	58.48	60.92	59.42	56.59	51.94	51.84	50.46
161	51.03	50.06	51.23	49.69	54.15	53.91	53.43	51.52	51.59	50.70	60.90	53.13	59.32	58.37	60.82	59.32	56.46	51.84	51.72	50.35
162	50.91	49.95	51.12	49.59	54.04	53.80	53.33	51.43	51.47	50.58	60.82	53.02	59.22	58.29	60.68	59.23	56.34	51.75	51.62	50.25
163	50.79	49.83	51.01	49.49	53.94	53.68	53.20	51.32	51.37	50.46	60.71	52.89	59.12	58.16	60.57	59.11	56.22	51.63	51.48	50.16
164	50.68	49.72	50.91	49.36	53.81	53.56	53.08	51.19	51.23	50.35	60.58	52.76	58.99	58.04	60.43	59.00	56.12	51.52	51.37	50.02
165	50.58	49.63	50.81	49.25	53.68	53.48	53.00	51.08	51.12	50.27	60.47	52.65	58.86	57.94	60.32	58.89	56.03	51.41	51.25	49.91
166	50.45	49.50	50.69	49.11	53.57	53.37	52.84	50.92	50.97	50.14	60.30	52.54	58.71	57.85	60.19	58.78	55.90	51.24	51.08	49.77
167	50.36	49.41	50.58	48.98	53.47	53.29	52.73	50.82	50.82	50.05	60.19	52.42	58.60	57.75	60.09	58.67	55.80	51.12	50.97	49.67
168	50.24	49.30	50.46	48.86	53.38	53.18	52.61	50.73	50.71	49.97	60.09	52.31	58.52	57.64	59.99	58.57	55.69	51.01	50.89	49.57
169	50.15	49.23	50.35	48.76	53.28	53.06	52.52	50.61	50.60	49.87	59.98	52.20	58.41	57.54	59.90	58.49	55.61	50.91	50.78	49.47
170	50.03	49.13	50.21	48.65	53.17	52.95	52.39	50.48	50.51	49.75	59.90	52.10	58.31	57.41	59.80	58.37	55.50	50.82	50.67	49.35
171	49.93	49.03	50.12	48.55	53.06	52.86	52.30	50.35	50.42	49.64	59.80	51.99	58.21	57.30	59.69	58.27	55.41	50.72	50.59	49.25
172	49.80	48.90	50.01	48.45	52.95	52.75	52.17	50.25	50.31	49.53	59.67	51.86	58.10	57.17	59.57	58.15	55.24	50.59	50.47	49.13
173	49.68	48.78	49.89	48.35	52.84	52.63	52.04	50.15	50.19	49.41	59.52	51.76	58.01	57.07	59.47	58.04	55.13	50.46	50.37	49.01
174	49.54	48.65	49.78	48.23	52.74	52.50	51.91	50.04	50.07	49.33	59.42	51.68	57.88	56.96	59.38	57.94	55.03	50.37	50.27	48.91
175	49.41	48.55	49.63	48.09	52.62	52.34	51.76	49.90	49.91	49.23	59.30	51.57	57.74	56.82	59.25	57.80	54.89	50.26	50.14	48.81
176	49.26	48.44	49.52	47.96	52.47	52.22	51.66	49.78	49.79	49.11	59.18	51.44	57.62	56.70	59.15	57.70	54.77	50.13	50.00	48.69
177	49.16	48.34	49.42	47.88	52.35	52.12	51.58	49.66	49.70	49.00	59.07	51.35	57.52	56.59	59.07	57.61	54.69	50.03	49.91	48.60
178	49.06	48.24	49.28	47.79	52.26	52.02	51.49	49.55	49.59	48.91	58.98	51.24	57.42	56.47	58.96	57.51	54.60	49.93	49.80	48.48
179	48.95	48.13	49.17	47.70	52.15	51.93	51.38	49.44	49.47	48.79	58.89	51.12	57.31	56.38	58.85	57.43	54.52	49.82	49.68	48.38
180	48.85	48.03	49.05	47.57	52.05	51.82	51.30	49.34	49.38	48.68	58.81	51.01	57.21	56.26	58.74	57.33	54.40	49.71	49.58	48.28
181	48.71	47.93	48.94	47.46	51.93	51.72	51.21	49.24	49.27	48.58	58.70	50.92	57.10	56.15	58.65	57.23	54.29	49.60	49.43	48.15
182	48.58	47.82	48.80	47.32	51.79	51.62	51.06	49.11	49.13	48.47	58.59	50.79	56.98	56.03	58.55	57.08	54.14	49.44	49.30	48.03
183	48.47	47.68	48.67	47.21	51.69	51.50	50.94	48.99	49.02	48.38	58.49	50.70	56.85	55.90	58.43	56.96	54.02	49.31	49.20	47.95
184	48.34	47.53	48.54	47.09	51.58	51.36	50.80	48.88	48.93	48.27	58.36	50.58	56.73	55.76	58.30	56.82	53.92	49.20	49.08	47.82
185	48.23	47.44	48.41	46.98	51.45	51.23	50.68	48.74	48.83	48.14	58.23	50.47	56.61	55.64	58.19	56.70	53.80	49.09	48.97	47.69
186	48.10	47.32	48.27	46.85	51.34	51.10	50.57	48.61	48.70	48.04	58.10	50.35	56.49	55.51	58.06	56.58	53.65	48.97	48.86	47.54
187	48.00	47.19	48.15	46.74	51.22	50.99	50.48	48.52	48.58	47.93	57.99	50.23	56.38	55.41	57.95	56.48	53.52	48.84	48.77	47.45
188	47.90	47.04	48.05	46.60	51.11	50.89	50.39	48.41	48.49	47.79	57.90	50.11	56.28	55.28	57.83	56.37	53.40	48.71	48.67	47.34
189	47.78	46.92	47.95	46.50	51.00	50.80	50.29	48.30	48.39	47.67	57.81	49.99	56.15	55.19	57.73	56.27	53.32	48.61	48.56	47.25
190	47.67	46.82	47.82	46.38	50.91	50.67	50.18	48.18	48.29	47.55	57.71	49.88	56.05	55.10	57.61	56.16	53.19	48.46	48.45	47.14
191	47.55	46.69	47.70	46.27	50.79	50.56	50.06	48.10	48.17	47.46	57.62	49.78	55.94	54.98	57.50	56.05	53.09	48.35	48.32	47.05
192	47.43	46.56	47.59	46.15	50.68	50.44	49.95	48.00	48.07	47.35	57.51	49.68	55.84	54.86	57.38	55.93	52.98	48.25	48.21	46.93
193	47.32	46.44	47.50	46.07	50.55	50.35	49.86	47.88	47.92	47.23	57.37	49.55	55.72	54.71	57.23	55.83	52.84	48.14	48.06	46.80
194	47.19	46.37	47.39	45.96	50.47	50.26	49.75	47.76	47.80	47.12	57.27	49.44	55.63	54.59	57.12	55.71	52.73	48.02	47.93	46.73
195	47.08	46.25	47.28	45.86	50.38	50.14	49.63	47.66	47.69	47.02	57.10	49.32	55.52	54.47	56.99	55.58	52.60	47.93	47.82	46.61
196	46.91	46.07	47.16	45.75	50.25	50.04	49.49	47.57	47.60	46.92	56.99	49.16	55.43	54.30	56.88	55.48	52.44	47.78	47.70	46.47
197	46.78	45.95	47.06	45.65	50.14	49.90	49.35	47.38	47.49	46.80	56.85	49.08	55.26	54.15	56.75	55.36	52.34	47.65	47.62	46.35
198	46.66	45.83	46.94	45.56	50.03	49.79	49.24	47.29	47.39	46.68	56.73	48.98	55.14	54.05	56.63	55.23	52.24	47.54	47.49	46.23
199	46.54	45.70	46.84	45.44	49.90	49.68	49.12	47.20	47.24	46.54	56.63	48.87	55.00	53.91	56.50	55.07	52.10	47.42	47.34	46.11
200	46.39	45.59	46.72	45.34	49.75	49.59	49.00	47.12	47.11	46.41	56.52	48.77	54.89	53.78	56.40	54.94	51.99	47.32	47.23	45.99
201	46.30	45.48	46.61	45.23	49.66	49.49	48.87	47.02	47.00	46.32	56.43	48.69	54.78	53.68	56.28	54.83	51.89	47.22	47.13	45.89
202	46.19	45.38	46.50	45.11	49.53	49.38	48.78	46.91	46.87	46.21	56.32	48.57	54.66	53.57	56.18	54.72	51.77	47.11	47.01	45.76
203	46.06	45.26	46.40	45.01	49.41	49.26	48.66	46.81	46.73	46.08	56.19	48.46	54.55	53.44	56.08	54.61	51.63	46.97	46.91	45.61
204	45.95	45.17	46.30	44.93	49.29	49.15	48.57	46.72	46.61	45.96	56.08	48.34	54.44	53.34	55.97	54.49	51.53	46.86	46.80	45.52
205	45.84	45.06	46.19	44.82	49.16	49.03	48.47	46.62	46.50	45.84	55.94	48.25	54.35	53.22	55.85	54.40	51.40	46.75	46.70	45.43
206	45.73	44.95	46.07	44.71	49.05	48.92	48.36	46.46	46.37	45.75	55.81	48.13	54.22	53.12	55.75	54.27	51.28	46.63	46.61	45.34
207	45.61	44.83	45.97	44.61	48.94	48.80	48.23	46.35	46.24	45.64	55.64	48.01	54.10	53.04	55.65	54.18	51.16	46.52	46.52	45.22
208	45.50	44.73	45.86	44.51	48.85	48.70	48.15	46.25	46.14	45.54	55.53	47.90	53.99	52.94	55.57	54.07	51.05	46.42	46.42	45.12
209	45.40	44.61	45.73	44.39	48.73	48.58	48.02	46.12	46.03	45.42	55.42	47.76	53.87	52.82	55.41	53.94	50.93	46.29	46.29	44.99
210	45.28	44.50	45.60	44.27	48.61	48.45	47.93	45.99	45.90	45.30	55.31	47.62	53.75	52.71	55.29	53.80	50.81	46.16	46.19	44.88
211	45.20	44.37	45.52	44.16	48.52	48.34	47.82	45.90	45.80	45.18	55.22	47.49	53.62	52.61	55.17	53.69	50.71	46.05	46.07	44.79
212	45.09	44.28	45.42	44.05	48.42	48.26	47.70	45.82	45.71	45.09	55.12	47.40	53.52	52.51	55.07	53.60	50.61	45.97	45.97	44.68
213	44.97	44.13	45.30	43.93	48.28	48.14	47.60	45.71	45.61	44.97	55.00	47.29	53.38	52.39	54.96	53.50	50.50	45.88	45.83	44.55
214	44.86	43.98	45.19	43.82	48.17	48.03	47.51	45.61	45.49	44.85	54.90	47.20	53.28	52.28	54.87	53.39	50.39	45.80	45.73	44.47
215	44.78	43.88	45.09	43.71	48.06	47.92	47.42	45.50	45.39	44.75	54.80	47.08	53.17	52.19	54.79	53.28	50.29	45.68	45.63	44.39
216	44.67	43.77	44.97	43.60	47.96	47.82	47.32	45.40	45.29	44.64	54.69	46.99	53.07	52.06	54.66	53.16	50.18	45.56	45.52	44.25
217	44.58	43.67	44.87	43.48	47.85	47.73	47.19	45.28	45.17	44.56	54.57	46.89	52.96	51.95	54.56	53.08	50.07	45.45	45.39	44.13
218	44.50	43.57	44.76	43.39	47.72	47.61	47.08	45.13	45.06	44.46	54.44	46.79	52.86	51.84	54.45	52.97	49.96	45.34	45.26	44.03
219	44.39	43.45	44.63	43.28	47.59	47.45	46.97	45.00	44.97	44.38	54.29	46.65	52.75	51.76	54.34	52.87	49.85	45.23	45.13	43.90
220	44.26	43.32	44.52	43.14	47.45	47.33	46.87	44.89	44.85	44.24	54.16	46.56	52.65	51.62	54.23	52.79	49.72	45.13	45.01	43.76
221	44.14	43.20	44.39	43.01	47.35	47.20	46.76	44.78	44.72	44.12	54.03	46.45	52.52	51.49	54.12	52.66	49.61	44.99	44.90	43.66
222	44.02	43.08	44.27	42.90	47.20	47.09	46.65	44.66	44.59	44.01	53.89	46.33	52.41	51.36	54.01	52.56	49.50	44.89	44.77	43.55
223	43.90	42.98	44.14	42.81	47.10	46.97	46.55	44.56	44.48	43.90	53.77	46.23	52.32	51.27	53.90	52.46	49.42	44.80	44.66	43.45
224	43.80	42.90	44.04	42.70	46.99	46.85	46.46	44.41	44.39	43.81	53.63	46.11	52.21	51.18	53.75	52.34	49.30	44.70	44.53	43.32
225	43.69	42.78	43.94	42.61	46.89	46.75	46.32	44.31	44.28	43.73	53.55	46.01	52.11	51.08	53.66	52.25	49.20	44.58	44.41	43.21
226	43.58	42.67	43.83	42.51	46.79	46.66	46.19	44.21	44.16	43.63	53.45	45.90	52.00	50.96	53.53	52.13	49.10	44.46	44.29	43.10
227	43.47	42.57	43.71	42.38	46.69	46.56	46.09	44.11	44.06	43.52	53.34	45.82	51.90	50.85	53.43	52.00	48.97	44.34	44.17	42.98
228	43.37	42.44	43.59	42.24	46.57	46.46	46.00	44.01	43.95	43.39	53.24	45.71	51.76	50.75	53.30	51.89	48.86	44.23	44.05	42.89
229	43.28	42.33	43.49	42.14	46.48	46.36	45.89	43.93	43.85	43.27	53.14	45.62	51.63	50.66	53.18	51.78	48.76	44.13	43.95	42.81
230	43.16	42.20	43.40	42.03	46.37	46.26	45.80	43.82	43.74	43.15	53.02	45.51	51.51	50.54	53.04	51.66	48.66	44.03	43.85	42.68
	43.07	42.11	43.30	41.92	46.26	46.14	45.70	43.73	43.64	43.04	52.91	45.41	51.41	50.44	52.94	51.55	48.56	43.92	43.73	42.58
