108.99
108.75
108.53
108.31
108.08
107.62
107.35
107.00
106.67
106.35
106.05
105.69
105.32
104.88
104.88
104.70
104.46
104.08
103.88
103.63
103.10
103.02
102.72
102.38
102.28
102.09
101.86
101.53
101.27
101.11
100.83
100.70
100.54
100.32
100.18
99.94
99.68
99.43
99.29
99.08
98.88
98.66
98.44
98.25
98.03
97.86
97.74
97.64
97.49
97.30
97.06
96.90
96.77
96.60
96.50
96.36
96.25
96.13
95.90
95.72
95.47
95.36
95.18
95.03
94.89
94.70
94.46
94.23
94.02
93.74
93.50
93.27
93.13
93.01
92.90
92.77
92.60
92.48
92.35
92.22
92.13
91.96
91.83
91.71
91.54
91.41
91.34
91.19
91.06
90.87
90.75
90.63
90.52
90.37
90.25
90.09
89.98
89.81
89.64
89.52
89.34
89.16
88.89
88.69
88.53
88.31
88.15
87.98
87.77
87.56
87.35
87.07
86.88
86.79
86.63
86.35
86.21
86.11
85.99
85.85
85.70
85.57
85.43
85.20
85.09
84.96
84.84
84.65
84.50
84.37
84.30
84.15
84.02
83.88
83.73
83.61
83.49
83.32
83.21
83.07
82.87
82.77
82.54
82.40
82.22
82.11
81.99
81.76
81.62
81.52
81.37
81.25
81.15
