110.50
110.28
110.02
109.79
109.60
109.25
108.89
108.58
108.24
107.93
107.49
107.17
106.86
106.51
106.16
105.82
105.48
105.12
104.73
104.40
104.06
103.81
103.48
103.13
102.77
102.42
102.06
101.73
101.49
101.14
100.89
100.60
100.35
100.15
99.83
99.54
99.18
98.89
98.61
98.32
97.97
97.66
97.33
97.03
96.74
96.52
96.28
96.06
95.76
95.45
95.19
94.96
94.66
94.43
94.13
93.89
93.66
93.33
93.07
92.75
92.55
92.23
91.98
91.77
91.43
91.13
90.74
90.42
90.08
89.81
89.54
89.27
89.01
88.80
88.61
88.38
88.17
87.96
87.74
87.50
87.23
86.98
86.77
86.52
86.29
86.04
85.78
85.61
85.39
85.14
84.90
84.67
84.45
84.21
83.88
83.67
83.39
83.09
82.79
82.57
82.31
81.99
81.73
81.47
81.21
80.98
80.70
80.40
80.09
79.79
79.41
79.11
78.88
78.60
78.27
78.01
77.78
77.53
77.27
77.03
76.82
76.56
76.29
76.10
75.90
75.69
75.46
75.25
74.96
74.72
74.43
74.20
73.95
73.73
73.50
73.25
72.96
72.73
72.49
72.49
72.39
72.23
72.09
71.96
71.78
71.65
71.52
71.31
71.05
70.93
70.81
70.71
70.61
