111.01
110.78
110.52
110.30
110.11
109.76
109.43
109.08
108.63
108.24
107.93
107.60
107.25
106.86
106.53
106.14
105.76
105.35
104.92
104.70
104.39
104.18
103.87
103.54
103.23
102.92
102.51
102.14
101.84
101.49
101.29
101.01
100.68
100.45
100.10
99.80
99.49
99.19
98.84
98.55
98.19
97.88
97.59
97.27
97.04
96.81
96.51
96.24
95.92
95.63
95.35
95.12
94.79
94.58
94.31
94.09
93.76
93.41
93.10
92.89
92.51
92.30
92.04
91.62
91.22
90.81
90.44
90.22
89.75
89.26
89.06
88.78
88.52
88.28
88.02
87.78
87.57
87.37
87.14
86.90
86.61
86.40
86.15
85.88
85.64
85.40
85.18
84.98
84.62
84.37
84.13
83.93
83.70
83.50
83.23
82.99
82.74
82.47
82.17
81.95
81.63
81.26
80.98
80.68
80.40
80.11
79.81
79.51
79.22
78.89
78.50
78.18
77.93
77.65
77.32
77.11
76.85
76.60
76.37
76.12
75.85
75.65
75.38
75.17
74.95
74.72
74.44
74.22
73.96
73.76
73.48
73.25
73.01
72.74
72.49
72.49
72.37
72.20
72.08
71.93
71.73
71.58
71.32
71.21
71.10
70.97
70.83
70.66
70.43
70.27
70.16
70.04
69.93
