110.72
110.44
110.18
109.97
109.76
109.33
109.01
108.72
108.38
108.04
107.66
107.40
107.06
106.64
106.45
106.11
105.79
105.37
105.00
104.67
104.35
104.15
103.85
103.49
103.18
102.83
102.42
102.06
101.75
101.38
101.15
100.87
100.62
100.40
100.08
99.76
99.47
99.19
98.89
98.57
98.26
97.93
97.66
97.40
97.10
96.84
96.54
96.26
95.90
95.57
95.29
95.07
94.83
94.61
94.35
94.13
93.92
93.58
93.29
93.02
92.80
92.45
92.21
91.96
91.66
91.31
91.02
90.65
90.31
90.01
89.69
89.41
89.15
88.93
88.73
88.48
88.24
87.99
87.76
87.56
87.31
87.09
86.89
86.63
86.39
86.16
85.94
85.69
85.44
85.19
84.94
84.71
84.51
84.28
84.04
83.80
83.80
83.70
83.53
83.35
83.22
83.06
82.81
82.62
82.42
82.23
82.07
81.93
81.74
81.54
81.33
81.04
80.88
80.77
80.65
80.42
80.27
80.10
79.98
79.86
79.70
79.47
79.36
79.19
79.06
78.89
78.75
78.58
78.49
78.33
78.20
78.02
77.89
77.73
77.59
77.48
77.34
77.13
77.02
76.86
76.70
76.52
76.34
76.20
76.10
76.00
75.85
75.67
75.44
75.26
75.07
74.93
74.81
