109.49
109.26
109.00
108.81
108.61
108.19
107.82
107.51
107.17
106.80
106.46
106.15
105.79
105.39
105.04
104.72
104.25
103.80
103.47
103.19
102.86
102.64
102.33
102.05
101.69
101.38
101.00
100.63
100.36
99.95
99.70
99.42
99.42
99.26
99.13
98.92
98.71
98.49
98.29
98.11
97.90
97.65
97.39
97.20
96.96
96.77
96.66
96.52
96.33
96.13
95.88
95.67
95.55
95.37
95.28
95.15
95.01
94.88
94.61
94.44
94.26
94.15
93.97
93.78
93.62
93.45
93.24
93.04
92.82
92.63
92.37
92.10
91.98
91.81
91.69
91.58
91.46
91.32
91.23
91.11
90.95
90.81
90.68
90.59
90.43
90.29
90.16
90.02
89.88
89.69
89.54
89.44
89.35
89.25
89.11
88.94
88.82
88.67
88.49
88.29
88.15
87.93
87.64
87.47
87.34
87.10
86.96
86.83
86.64
86.43
86.20
85.94
85.77
85.66
85.54
85.32
85.17
85.00
84.85
84.73
84.55
84.43
84.33
84.15
83.99
83.86
83.70
83.48
83.37
83.24
83.14
82.98
82.88
82.70
82.57
82.41
82.25
82.08
81.95
81.81
81.64
81.46
81.25
81.13
80.97
80.85
80.70
80.46
80.13
79.98
79.86
79.76
79.64
