109.17
108.94
108.68
108.48
108.24
107.84
107.54
107.17
106.82
106.49
105.97
105.60
105.26
104.94
104.62
104.27
103.98
103.58
103.27
102.93
102.58
102.35
102.35
102.17
101.77
101.45
101.14
100.71
100.60
100.19
99.97
99.87
99.71
99.52
99.44
99.28
99.07
98.90
98.72
98.53
98.35
98.14
97.89
97.69
97.49
97.27
97.14
97.00
96.83
96.61
96.41
96.20
96.07
95.87
95.75
95.56
95.43
95.32
95.09
94.90
94.66
94.53
94.31
94.17
94.01
93.83
93.68
93.51
93.26
93.04
92.80
92.58
92.45
92.30
92.17
92.01
91.86
91.74
91.63
91.49
91.38
91.24
91.13
91.02
90.84
90.71
90.60
90.50
90.41
90.19
90.04
89.89
89.76
89.62
89.52
89.39
89.23
89.10
88.91
88.71
88.55
88.33
88.13
87.98
87.76
87.52
87.34
87.15
86.97
86.72
86.45
86.19
85.97
85.83
85.67
85.48
85.36
85.20
85.04
84.88
84.72
84.55
84.41
84.26
84.14
84.02
83.89
83.76
83.64
83.45
83.32
83.16
83.00
82.87
82.71
82.60
82.46
82.27
82.15
82.04
81.85
81.71
81.42
81.25
81.16
81.05
80.90
80.68
80.34
80.23
80.08
79.96
79.85
