111.03
110.81
110.52
110.28
110.06
109.67
109.33
109.02
108.62
108.29
107.95
107.58
107.28
106.84
106.53
106.17
105.70
105.43
105.09
104.79
104.47
104.27
103.96
103.62
103.30
103.00
102.64
102.30
102.00
101.60
101.34
101.08
100.85
100.45
100.19
99.77
99.38
99.00
98.65
98.27
97.83
97.59
97.31
96.99
96.69
96.44
96.22
95.85
95.52
95.22
95.01
94.81
94.47
94.24
93.99
93.77
93.52
93.18
92.89
92.56
92.32
92.00
91.71
91.47
91.13
90.80
90.29
89.95
89.55
89.15
88.90
88.66
88.40
88.20
87.98
87.69
87.46
87.26
87.02
86.79
86.51
86.31
86.07
85.86
85.60
85.35
85.13
84.93
84.62
84.36
84.09
83.85
83.65
83.33
83.07
82.84
82.60
82.40
82.11
81.87
81.61
81.24
81.00
80.67
80.31
80.10
79.82
79.52
79.17
78.58
78.15
77.91
77.66
77.25
76.98
76.76
76.54
76.30
76.06
75.77
75.52
75.29
75.04
74.79
74.54
74.31
74.31
74.19
74.07
73.90
73.83
73.65
73.51
73.36
73.22
73.08
72.88
72.74
72.61
72.47
72.28
72.11
71.92
71.80
71.66
71.55
71.45
71.22
70.94
70.81
70.70
70.61
70.50
