110.40
110.17
109.93
109.71
109.48
109.08
108.74
108.41
108.03
107.70
107.38
107.03
106.66
106.27
105.97
105.63
105.28
104.96
104.62
104.34
104.00
103.77
103.43
103.12
102.71
102.37
101.95
101.60
101.34
100.93
100.70
100.46
100.19
99.93
99.57
99.23
98.87
98.58
98.30
97.96
97.61
97.32
96.98
96.67
96.36
96.12
95.86
95.60
95.34
95.02
94.68
94.26
94.01
93.81
93.52
93.29
93.08
92.75
92.46
92.14
91.93
91.61
91.36
91.13
90.76
90.46
90.16
89.84
89.53
89.18
88.85
88.60
88.36
88.16
87.98
87.70
87.47
87.22
87.02
86.77
86.52
86.32
86.14
85.90
85.68
85.47
85.23
84.98
84.69
84.40
84.22
84.00
83.78
83.56
83.36
83.14
82.89
82.60
82.33
82.13
81.91
81.59
81.31
81.05
80.75
80.54
80.28
80.02
79.76
79.41
78.99
78.69
78.47
78.18
77.79
77.57
77.32
77.13
76.87
76.60
76.32
76.09
76.09
75.94
75.83
75.72
75.59
75.46
75.34
75.14
75.02
74.87
74.75
74.62
74.45
74.31
74.14
73.96
73.84
73.68
73.51
73.31
73.15
73.01
72.84
72.73
72.57
72.34
72.04
71.91
71.83
71.72
71.62
