109.98
109.75
109.49
109.27
109.07
108.62
108.28
108.09
107.58
107.27
106.72
106.35
105.94
105.44
105.06
104.85
104.56
104.21
103.86
103.56
103.21
102.98
102.70
102.38
102.04
101.69
101.29
100.91
100.65
100.32
100.11
99.86
99.54
99.31
98.98
98.67
98.33
98.08
97.78
97.47
97.14
96.75
96.44
96.14
95.84
95.65
95.40
95.01
94.63
94.26
94.06
93.86
93.55
93.33
93.08
92.84
92.59
92.29
92.01
91.66
91.40
91.07
90.78
90.53
90.15
89.83
89.49
89.13
88.78
88.46
88.09
87.86
87.60
87.38
87.19
86.95
86.76
86.53
86.32
86.11
85.86
85.65
85.42
85.22
84.97
84.74
84.51
84.30
84.03
83.81
83.54
83.33
83.09
82.86
82.57
82.36
82.13
81.88
81.60
81.34
81.04
80.69
80.41
80.13
79.80
79.49
79.18
78.90
78.58
78.22
77.79
77.50
77.24
76.98
76.60
76.36
76.12
75.87
75.70
75.70
75.59
75.45
75.33
75.16
74.99
74.88
74.76
74.57
74.45
74.24
74.13
74.00
73.88
73.74
73.60
73.45
73.31
73.10
72.98
72.86
72.70
72.54
72.33
72.16
72.01
71.91
71.80
71.59
71.33
71.23
71.10
71.00
70.89
