108.84
108.61
108.34
108.14
107.95
107.48
107.13
106.92
106.43
106.43
106.12
105.82
105.51
105.17
104.80
104.48
104.13
103.83
103.46
103.13
103.02
102.74
102.61
102.39
102.15
101.90
101.67
101.38
101.16
100.99
100.70
100.59
100.43
100.26
100.12
99.90
99.64
99.40
99.20
99.04
98.81
98.56
98.30
98.11
97.93
97.74
97.59
97.46
97.33
97.14
96.95
96.78
96.66
96.46
96.33
96.15
96.03
95.89
95.73
95.54
95.35
95.23
95.02
94.82
94.71
94.52
94.32
94.08
93.87
93.62
93.44
93.18
93.03
92.90
92.81
92.64
92.49
92.36
92.24
92.10
91.99
91.84
91.71
91.62
91.47
91.36
91.26
91.11
90.97
90.77
90.62
90.51
90.41
90.28
90.14
89.98
89.86
89.72
89.55
89.36
89.21
89.07
88.83
88.68
88.50
88.28
88.12
87.91
87.69
87.46
87.22
86.96
86.74
86.63
86.45
86.18
86.04
85.88
85.70
85.56
85.38
85.24
85.12
84.99
84.86
84.75
84.63
84.49
84.37
84.24
84.13
83.97
83.85
83.70
83.54
83.38
83.19
82.99
82.86
82.74
82.54
82.34
82.08
81.93
81.78
81.69
81.56
81.39
81.18
81.08
80.94
80.81
80.72
