111.23
110.99
110.72
110.53
110.30
109.90
109.58
109.04
108.71
108.38
108.06
107.83
107.38
107.01
106.75
106.39
106.06
105.69
105.37
105.04
104.69
104.47
104.16
103.83
103.52
103.20
102.87
102.50
102.23
101.81
101.61
101.38
101.12
100.91
100.64
100.33
100.03
99.74
99.47
99.19
98.86
98.52
98.20
97.87
97.58
97.35
97.07
96.83
96.49
96.17
95.90
95.69
95.36
95.14
94.83
94.59
94.35
94.03
93.77
93.45
93.23
92.93
92.60
92.36
92.08
91.77
91.44
91.11
90.81
90.43
90.08
89.82
89.56
89.34
89.15
88.90
88.64
88.43
88.23
88.01
87.75
87.52
87.35
87.06
86.82
86.57
86.34
86.12
85.86
85.61
85.38
85.16
84.94
84.65
84.44
84.24
83.97
83.68
83.41
83.15
82.75
82.51
82.07
81.76
81.53
81.28
80.82
80.42
80.06
79.69
79.36
78.97
78.77
78.77
78.65
78.37
78.23
78.09
77.94
77.81
77.61
77.47
77.28
77.12
77.01
76.87
76.74
76.59
76.46
76.29
76.21
76.02
75.92
75.78
75.66
75.52
75.32
75.16
75.02
74.87
74.70
74.56
74.37
74.25
74.08
73.97
73.84
73.69
73.43
73.32
73.20
73.06
72.94
