121.58
121.34
120.97
120.72
120.37
120.12
119.81
119.51
119.21
118.79
118.31
118.00
117.65
117.19
116.83
116.51
116.22
115.81
115.45
115.11
114.81
114.57
114.31
114.05
113.67
113.38
113.09
112.73
112.36
112.06
111.67
111.33
110.99
110.67
110.34
110.04
109.75
109.43
109.23
108.90
108.58
108.29
107.95
107.64
107.37
107.03
106.72
106.39
106.08
105.77
105.43
105.01
104.72
104.52
104.22
103.92
103.65
103.44
103.15
102.87
102.51
102.25
101.92
101.59
101.38
101.03
100.80
100.55
100.32
100.05
99.79
99.55
99.34
98.99
98.65
98.35
98.02
97.72
97.39
97.08
96.86
96.65
96.46
96.23
96.01
95.69
95.43
95.22
94.98
94.98
94.88
94.77
94.56
94.45
94.33
94.08
93.72
93.60
93.21
92.84
92.74
92.55
92.06
91.95
91.81
91.68
91.57
91.44
91.27
91.08
90.59
90.46
90.09
89.94
89.64
89.32
89.01
88.69
88.57
88.32
88.17
87.97
87.77
87.62
87.43
87.23
87.08
86.84
86.62
86.53
86.41
86.31
86.14
85.99
85.86
85.76
85.61
85.45
85.32
85.18
85.08
84.97
84.83
84.74
84.60
84.37
84.22
84.07
83.96
83.78
83.65
83.52
83.39
83.25
83.11
82.98
82.87
82.76
82.68
82.49
82.39
