121.80
121.60
121.25
121.02
120.77
120.43
120.15
119.85
119.46
119.05
118.63
118.23
117.84
117.43
117.09
116.79
116.49
116.16
115.87
115.50
115.18
114.97
114.62
114.30
113.91
113.56
113.22
112.90
112.58
112.23
111.83
111.49
111.15
110.86
110.53
110.33
109.98
109.78
109.50
109.18
108.84
108.56
108.22
108.00
107.72
107.34
106.99
106.68
106.38
106.04
105.71
105.31
104.96
104.77
104.51
104.21
103.89
103.68
103.43
103.08
102.67
102.33
101.98
101.60
101.39
101.13
100.88
100.63
100.40
100.13
99.92
99.68
99.50
99.18
98.83
98.57
98.28
97.91
97.59
97.35
97.14
96.90
96.68
96.45
96.23
95.93
95.65
95.44
95.16
94.89
94.69
94.37
94.15
93.87
93.58
93.26
93.01
92.70
92.34
92.03
91.73
91.41
91.04
90.81
90.59
90.37
90.16
89.91
89.71
89.39
89.03
88.73
88.42
88.22
87.92
87.61
87.31
86.94
86.59
86.24
86.24
86.14
85.95
85.78
85.62
85.50
85.37
85.13
84.96
84.83
84.70
84.59
84.46
84.32
84.13
83.97
83.86
83.72
83.59
83.46
83.35
83.21
83.02
82.91
82.75
82.55
82.38
82.27
82.17
81.92
81.80
81.66
81.54
81.41
81.25
81.06
80.93
80.82
80.71
80.55
80.43
