120.55
120.31
119.98
119.68
119.32
118.91
118.53
118.13
117.88
117.42
117.08
116.70
116.36
115.86
115.53
115.23
114.91
114.57
114.23
113.93
113.58
113.31
113.11
112.85
112.52
112.19
111.85
111.44
111.07
110.75
110.34
110.02
109.68
109.32
108.95
108.68
108.38
108.04
107.83
107.35
107.13
106.64
106.27
105.81
105.45
105.04
104.61
104.16
103.95
103.66
103.36
103.04
102.73
102.52
102.25
101.94
101.59
101.39
101.11
100.84
100.50
100.23
99.82
99.53
99.32
99.32
99.15
99.05
98.95
98.80
98.63
98.50
98.36
98.23
98.02
97.79
97.58
97.34
97.07
96.81
96.67
96.54
96.43
96.30
96.16
96.03
95.81
95.66
95.50
95.31
95.15
95.05
94.84
94.73
94.59
94.41
94.23
94.08
93.92
93.66
93.47
93.27
93.07
92.85
92.70
92.58
92.49
92.38
92.19
92.04
91.77
91.56
91.36
91.10
90.97
90.77
90.48
90.25
89.96
89.77
89.54
89.40
89.19
89.03
88.84
88.70
88.56
88.33
88.08
87.95
87.83
87.69
87.56
87.42
87.24
87.14
87.04
86.89
86.80
86.68
86.56
86.47
86.31
86.14
85.95
85.69
85.56
85.46
85.23
85.00
84.85
84.71
84.59
84.47
84.34
84.14
84.01
83.90
83.79
83.60
83.48
