119.43
119.20
118.87
118.63
118.21
117.99
117.52
117.22
116.87
116.53
116.02
115.69
115.31
114.88
114.42
114.02
113.68
113.68
113.58
113.35
113.16
112.87
112.73
112.59
112.40
112.18
111.97
111.73
111.45
111.18
110.91
110.70
110.49
110.24
109.95
109.64
109.42
109.21
108.98
108.89
108.71
108.53
108.38
108.10
107.85
107.58
107.37
107.14
106.89
106.68
106.44
106.22
105.90
105.68
105.52
105.37
105.11
104.92
104.79
104.54
104.38
104.11
103.88
103.60
103.35
103.21
102.90
102.76
102.61
102.46
102.32
102.16
102.03
101.90
101.72
101.46
101.27
101.00
100.74
100.51
100.38
100.28
100.17
100.04
99.92
99.81
99.62
99.46
99.30
99.14
98.96
98.84
98.72
98.58
98.47
98.32
98.10
97.91
97.70
97.48
97.23
96.96
96.70
96.47
96.35
96.25
96.17
96.05
95.89
95.78
95.55
95.29
95.11
94.84
94.72
94.51
94.32
94.09
93.80
93.50
93.29
93.17
93.01
92.83
92.63
92.52
92.41
92.20
91.98
91.87
91.72
91.62
91.47
91.30
91.11
90.97
90.80
90.64
90.53
90.41
90.31
90.19
89.98
89.84
89.68
89.48
89.35
89.22
89.09
88.85
88.73
88.57
88.45
88.34
88.19
88.11
87.98
87.89
87.75
87.56
87.43
