121.46
121.28
120.93
120.66
120.39
120.06
119.79
119.47
119.17
118.80
118.37
118.06
117.77
117.36
117.06
116.69
116.36
115.98
115.61
115.24
114.94
114.73
114.49
114.17
113.85
113.59
113.26
112.89
112.58
112.23
111.83
111.49
111.12
110.80
110.44
110.12
109.85
109.51
109.30
108.96
108.58
108.27
107.93
107.62
107.36
106.98
106.66
106.38
106.10
105.79
105.44
105.10
104.75
104.54
104.25
103.99
103.67
103.28
102.92
102.58
102.14
101.80
101.36
101.11
100.90
100.62
100.41
100.19
99.95
99.70
99.45
99.26
99.06
98.76
98.41
98.13
97.83
97.48
97.18
96.91
96.68
96.46
96.23
96.01
95.62
95.35
95.09
94.88
94.62
94.35
94.14
93.87
93.67
93.38
92.96
92.69
92.43
92.13
91.83
91.53
91.20
90.82
90.54
90.33
90.11
89.88
89.64
89.38
89.16
88.75
88.38
88.15
87.85
87.50
87.12
86.76
86.55
86.23
85.88
85.52
85.22
84.94
84.69
84.36
84.07
83.81
83.49
83.22
83.02
82.81
82.58
82.30
82.06
82.06
81.96
81.85
81.75
81.60
81.48
81.36
81.27
81.17
81.02
80.91
80.75
80.56
80.37
80.25
80.01
79.75
79.64
79.51
79.39
79.26
79.08
78.96
78.83
78.74
78.65
78.45
78.33
