120.89
120.66
120.37
120.11
119.85
119.48
119.00
118.71
118.35
117.97
117.49
116.97
116.48
116.05
115.84
115.54
115.10
114.71
114.48
114.11
113.76
113.49
113.27
112.94
112.58
112.25
111.90
111.52
111.19
110.87
110.49
110.15
109.76
109.42
109.07
108.77
108.46
108.18
107.98
107.66
107.35
107.02
106.68
106.34
106.05
105.70
105.30
104.95
104.59
104.28
103.95
103.60
103.30
103.08
102.81
102.47
102.16
101.95
101.66
101.38
101.01
100.73
100.47
100.15
99.93
99.64
99.38
99.10
98.83
98.60
98.33
98.10
97.88
97.51
97.21
96.91
96.57
96.20
95.87
95.63
95.41
95.18
94.97
94.76
94.52
94.19
93.95
93.74
93.50
93.20
93.01
92.67
92.49
92.21
91.85
91.57
91.26
90.95
90.55
90.20
89.80
89.45
89.20
88.97
88.66
88.45
88.23
87.97
87.74
87.37
87.06
86.79
86.43
86.19
85.87
85.57
85.25
84.91
84.54
84.54
84.38
84.24
84.08
83.86
83.70
83.52
83.31
83.10
82.94
82.82
82.69
82.56
82.42
82.28
82.10
81.99
81.86
81.74
81.59
81.47
81.33
81.21
81.01
80.88
80.71
80.54
80.42
80.28
80.20
80.00
79.86
79.72
79.58
79.45
79.33
79.18
79.05
78.95
78.84
78.69
78.59
