121.35
121.12
120.78
120.50
120.26
119.92
119.64
119.31
118.99
118.55
118.11
117.81
117.47
117.04
116.70
116.35
116.02
115.66
115.34
115.02
114.67
114.41
114.19
113.88
113.53
113.21
112.87
112.50
112.10
111.75
111.34
111.02
110.68
110.36
109.99
109.65
109.40
109.09
108.90
108.51
108.15
107.82
107.45
107.08
106.81
106.43
106.11
105.79
105.47
105.15
104.78
104.40
104.06
103.86
103.61
103.32
103.01
102.80
102.52
102.22
101.87
101.58
101.21
100.87
100.67
100.37
100.15
99.87
99.63
99.39
99.13
98.92
98.71
98.39
98.02
97.69
97.36
97.01
96.68
96.45
96.21
95.98
95.74
95.50
95.26
94.91
94.63
94.40
94.13
93.87
93.67
93.36
93.12
92.84
92.60
92.29
91.81
91.46
91.09
90.89
90.63
90.34
90.05
89.79
89.56
89.35
89.13
88.91
88.63
88.26
87.92
87.65
87.33
87.11
86.84
86.53
86.20
85.83
85.49
85.15
84.88
84.61
84.28
84.00
83.79
83.53
83.22
83.22
83.11
82.98
82.85
82.72
82.65
82.50
82.36
82.22
82.11
81.93
81.80
81.66
81.53
81.40
81.22
81.12
80.96
80.75
80.61
80.49
80.37
80.15
79.99
79.84
79.71
79.61
79.48
79.32
79.17
79.04
78.85
78.65
78.55
