120.81
120.59
120.25
119.97
119.72
119.37
119.07
118.74
118.38
117.98
117.51
117.20
116.81
116.39
116.06
115.74
115.43
115.09
114.77
114.48
114.15
113.83
113.57
113.31
112.94
112.64
112.32
111.99
111.63
111.30
110.95
110.65
110.36
110.05
109.72
109.41
109.13
108.83
108.61
108.32
108.02
107.74
107.40
107.03
106.73
106.40
106.13
105.83
105.50
105.17
104.90
104.46
104.16
103.92
103.62
103.29
102.96
102.75
102.47
102.20
101.84
101.52
101.17
100.88
100.58
100.37
100.16
99.92
99.65
99.39
99.17
98.95
98.76
98.38
97.92
97.60
97.25
96.94
96.69
96.38
96.15
95.90
95.69
95.47
95.27
94.95
94.71
94.50
94.24
93.98
93.78
93.49
93.24
92.97
92.53
92.23
92.02
91.51
91.28
90.82
90.43
90.07
89.83
89.60
89.40
89.18
88.92
88.63
88.42
88.09
87.78
87.51
87.07
86.82
86.38
86.02
85.69
85.44
85.13
84.84
84.58
84.58
84.46
84.28
84.16
84.04
83.85
83.60
83.45
83.30
83.18
83.07
82.93
82.81
82.68
82.58
82.42
82.30
82.16
82.00
81.87
81.80
81.65
81.53
81.42
81.22
81.11
80.97
80.86
80.60
80.47
80.31
80.19
80.02
79.91
79.77
79.66
79.53
79.41
79.24
79.15
