119.62
119.37
119.05
118.79
118.52
118.20
117.71
117.35
116.96
116.48
116.48
116.14
115.79
115.33
114.98
114.66
114.32
113.92
113.56
113.24
112.81
112.73
112.58
112.46
112.29
112.06
111.85
111.65
111.40
111.18
110.95
110.66
110.43
110.21
109.96
109.69
109.47
109.30
109.09
108.99
108.78
108.53
108.32
108.09
107.85
107.62
107.37
107.04
106.85
106.62
106.43
106.17
105.88
105.65
105.54
105.33
105.10
104.90
104.80
104.62
104.47
104.23
103.98
103.67
103.45
103.32
103.14
103.05
102.86
102.70
102.57
102.42
102.27
102.15
101.93
101.69
101.51
101.32
101.14
100.88
100.63
100.53
100.40
100.29
100.17
100.07
99.87
99.71
99.58
99.42
99.26
99.12
98.90
98.81
98.68
98.47
98.31
98.11
97.87
97.62
97.37
97.18
96.98
96.76
96.62
96.52
96.41
96.25
96.10
95.95
95.65
95.40
95.20
94.93
94.80
94.60
94.37
94.11
93.84
93.59
93.40
93.28
93.10
92.94
92.75
92.64
92.52
92.30
92.13
92.03
91.91
91.78
91.61
91.46
91.27
91.18
91.02
90.87
90.74
90.64
90.52
90.40
90.26
90.12
89.93
89.78
89.67
89.52
89.42
89.25
89.07
88.97
88.83
88.72
88.56
88.44
88.30
88.19
88.07
87.86
87.75
