121.35
121.13
120.80
120.51
120.33
119.99
119.69
119.37
119.09
118.71
118.28
117.95
117.59
117.16
116.82
116.50
116.15
115.81
115.45
115.10
114.81
114.59
114.39
114.13
113.78
113.42
113.09
112.71
112.38
112.05
111.64
111.26
110.93
110.60
110.25
109.92
109.62
109.27
109.07
108.74
108.40
108.10
107.74
107.40
107.10
106.73
106.37
106.06
105.76
105.45
105.11
104.76
104.42
104.22
103.92
103.60
103.31
103.13
102.78
102.50
102.11
101.86
101.48
101.17
100.75
100.51
100.28
100.05
99.79
99.58
99.35
99.02
98.82
98.35
97.96
97.61
97.31
96.90
96.68
96.44
96.22
95.98
95.80
95.57
95.32
95.00
94.76
94.51
94.22
93.93
93.71
93.42
93.18
92.82
92.53
92.17
91.89
91.59
91.19
90.87
90.48
90.22
89.87
89.62
89.37
89.16
88.91
88.66
88.42
88.06
87.73
87.44
87.09
86.76
86.35
85.99
85.68
85.38
85.08
84.73
84.50
84.23
83.93
83.64
83.42
83.19
82.87
82.55
82.34
82.15
81.95
81.74
81.49
81.49
81.34
81.23
81.14
81.01
80.85
80.70
80.56
80.42
80.24
80.14
79.99
79.78
79.61
79.52
79.42
79.18
79.01
78.84
78.72
78.63
78.50
78.35
78.24
78.11
77.99
77.78
77.66
