100.97
100.81
100.66
100.47
100.29
100.15
100.02
99.88
99.76
99.56
99.42
99.28
99.08
98.91
98.75
98.58
98.43
98.28
98.11
97.97
97.82
97.67
97.52
97.37
97.22
97.07
96.92
96.70
96.49
96.34
96.18
96.04
95.82
95.66
95.51
95.32
95.12
94.97
94.77
94.60
94.45
94.25
94.11
93.93
93.75
93.55
93.35
93.21
93.07
92.85
92.71
92.57
92.35
92.13
91.99
91.80
91.62
91.48
91.30
91.11
90.92
90.77
90.63
90.45
90.31
90.16
90.03
89.91
89.74
89.58
89.43
89.28
89.14
88.95
88.79
88.65
88.45
88.29
88.14
87.99
87.84
87.70
87.52
87.32
87.13
86.92
86.72
86.50
86.36
86.17
85.97
85.83
85.68
85.53
85.39
85.24
85.06
84.86
84.68
84.53
84.36
84.14
83.98
83.78
83.61
83.43
83.25
83.10
82.95
82.83
82.67
82.53
82.33
82.13
81.98
81.98
81.95
81.93
81.84
81.67
81.63
81.57
81.52
81.48
81.40
81.30
81.17
81.13
81.05
81.02
80.91
80.83
80.72
80.69
80.65
80.54
80.52
80.42
80.32
80.21
80.13
80.02
79.97
79.93
79.83
79.79
79.69
79.60
79.54
79.49
79.44
79.40
79.33
79.28
79.19
79.14
79.09
79.05
78.99
78.96
