80.59
80.45
80.30
80.16
79.95
79.79
79.64
79.49
79.36
79.19
79.04
78.90
78.71
78.55
78.39
78.21
78.04
77.90
77.71
77.56
77.41
77.27
77.11
76.97
76.83
76.68
76.53
76.39
76.23
76.03
75.87
75.74
75.54
75.38
75.24
75.04
74.85
74.70
74.52
74.39
74.23
74.10
73.95
73.81
73.61
73.47
73.27
73.13
72.99
72.84
72.70
72.52
72.30
72.30
72.23
72.19
72.10
72.00
71.92
71.83
71.72
71.68
71.64
71.58
71.54
71.44
71.36
71.31
71.26
71.21
71.13
71.08
71.03
70.99
70.94
70.83
70.78
70.73
70.66
70.57
70.52
70.42
70.30
70.24
70.21
70.16
70.03
69.99
69.91
69.80
69.75
69.71
69.67
69.63
69.53
69.49
69.37
69.33
69.28
69.19
69.15
68.97
68.89
68.77
68.68
68.64
68.61
68.46
68.40
68.37
68.35
68.28
68.22
68.17
68.10
68.05
68.00
67.92
67.81
67.77
67.67
67.61
67.56
67.52
67.43
67.39
67.34
67.30
67.23
67.18
67.14
67.10
67.05
66.95
66.91
66.80
66.75
66.70
66.65
66.60
66.56
66.48
66.40
66.31
66.27
66.22
66.14
66.09
66.06
66.01
65.90
65.82
65.79
65.75
65.67
65.56
65.51
65.48
65.43
65.33
65.22
65.19
65.15
65.11
