78.30
78.15
78.01
77.89
77.66
77.50
77.35
77.18
76.98
76.84
76.68
76.49
76.30
76.14
75.95
75.80
75.66
75.47
75.32
75.17
75.01
74.87
74.73
74.60
74.46
74.33
74.18
74.03
73.89
73.73
73.56
73.40
73.40
73.38
73.29
73.24
73.15
73.11
73.06
72.99
72.94
72.88
72.82
72.74
72.70
72.60
72.53
72.44
72.40
72.31
72.26
72.15
72.11
72.01
71.91
71.87
71.78
71.74
71.70
71.61
71.57
71.48
71.44
71.38
71.34
71.30
71.23
71.16
71.12
71.07
70.99
70.92
70.87
70.83
70.78
70.74
70.63
70.58
70.49
70.40
70.36
70.31
70.25
70.15
70.10
70.05
70.01
69.93
69.83
69.75
69.70
69.66
69.54
69.45
69.41
69.30
69.26
69.16
69.05
68.98
68.90
68.85
68.78
68.67
68.60
68.49
68.42
68.33
68.24
68.21
68.15
68.07
68.02
67.92
67.83
67.77
67.64
67.57
67.48
67.35
67.28
67.24
67.20
67.16
67.10
67.02
66.89
66.87
66.81
66.77
66.66
66.56
66.47
66.43
66.39
66.26
66.16
66.14
66.08
66.01
65.92
65.88
65.78
65.74
65.62
65.57
65.53
65.45
65.40
65.30
65.24
65.16
65.09
65.05
65.01
64.93
64.83
64.74
64.68
64.62
