98.79
98.66
98.51
98.31
98.13
97.99
97.84
97.69
97.56
97.40
97.18
97.04
96.84
96.68
96.49
96.34
96.19
96.05
95.91
95.75
95.59
95.45
95.30
95.17
95.02
94.89
94.74
94.60
94.46
94.26
94.11
93.97
93.76
93.60
93.45
93.25
93.06
92.84
92.65
92.48
92.34
92.14
92.01
91.83
91.64
91.44
91.30
91.11
90.97
90.76
90.62
90.49
90.24
90.09
89.88
89.73
89.58
89.45
89.25
89.03
88.89
88.74
88.59
88.43
88.31
88.15
88.01
87.87
87.70
87.57
87.40
87.22
87.08
86.95
86.75
86.54
86.40
86.20
85.99
85.85
85.67
85.52
85.32
85.16
85.02
84.83
84.69
84.56
84.35
84.18
84.05
83.87
83.71
83.58
83.36
83.21
83.07
82.89
82.69
82.53
82.35
82.19
81.98
81.83
81.62
81.48
81.32
81.32
81.30
81.24
81.19
81.11
81.08
81.05
80.93
80.89
80.80
80.71
80.62
80.57
80.46
80.40
80.35
80.30
80.25
80.17
80.13
80.09
80.02
79.97
79.92
79.88
79.82
79.72
79.63
79.59
79.55
79.47
79.42
79.35
79.29
79.27
79.18
79.07
79.02
78.98
78.94
78.84
78.79
78.75
78.69
78.58
78.53
78.48
78.41
78.34
78.30
78.21
78.16
78.11
78.06
78.02
77.94
