92.34
92.18
92.03
91.84
91.66
91.52
91.37
91.21
91.02
90.80
90.67
90.46
90.30
90.14
89.94
89.79
89.58
89.46
89.29
89.15
88.97
88.83
88.68
88.54
88.39
88.24
88.10
87.89
87.73
87.56
87.40
87.18
87.00
86.78
86.63
86.48
86.33
86.05
85.93
85.76
85.55
85.41
85.22
85.05
84.85
84.71
84.51
84.37
84.16
84.02
83.88
83.65
83.50
83.37
83.16
83.02
82.85
82.66
82.44
82.29
82.14
81.98
81.85
81.73
81.56
81.41
81.26
81.12
80.96
80.79
80.66
80.51
80.36
80.21
80.06
79.91
79.70
79.56
79.36
79.22
79.07
78.88
78.70
78.55
78.40
78.25
78.10
77.91
77.71
77.52
77.33
77.14
76.99
76.77
76.63
76.44
76.24
76.04
75.84
75.84
75.82
75.68
75.63
75.53
75.49
75.43
75.30
75.26
75.21
75.18
75.12
75.08
75.00
74.95
74.91
74.83
74.74
74.64
74.52
74.45
74.40
74.36
74.31
74.21
74.17
74.09
73.98
73.96
73.89
73.84
73.71
73.63
73.53
73.43
73.33
73.28
73.18
73.14
73.05
72.96
72.87
72.82
72.77
72.72
72.67
72.63
72.55
72.51
72.40
72.37
72.27
72.23
72.15
72.04
71.94
71.81
71.74
71.71
71.61
