78.03
77.89
77.73
77.61
77.34
77.20
77.05
76.90
76.75
76.56
76.41
76.27
76.10
75.87
75.68
75.53
75.38
75.20
75.06
74.91
74.78
74.61
74.45
74.31
74.16
74.02
73.87
73.72
73.58
73.44
73.29
73.13
72.92
72.75
72.61
72.41
72.27
72.12
71.86
71.71
71.56
71.43
71.28
71.13
70.99
70.81
70.61
70.40
70.18
70.03
69.89
69.75
69.56
69.56
69.54
69.49
69.45
69.35
69.31
69.27
69.23
69.12
69.08
68.96
68.88
68.84
68.75
68.71
68.66
68.59
68.54
68.47
68.43
68.38
68.33
68.28
68.22
68.19
68.09
68.04
68.01
67.89
67.87
67.76
67.66
67.62
67.58
67.50
67.38
67.33
67.28
67.23
67.14
67.02
66.99
66.91
66.80
66.75
66.71
66.66
66.58
66.53
66.47
66.42
66.32
66.29
66.18
66.14
66.07
65.96
65.90
65.83
65.74
65.67
65.61
65.54
65.50
65.41
65.33
65.29
65.23
65.20
65.13
65.09
65.06
65.03
65.01
64.93
64.91
64.79
64.71
64.67
64.62
64.58
64.47
64.38
64.32
64.28
64.18
64.13
64.08
63.97
63.89
63.81
63.73
63.69
63.64
63.60
63.52
63.47
63.44
63.33
63.27
63.18
63.13
63.05
62.95
62.91
62.82
62.77
62.73
62.66
62.61
62.55
