72.74
72.61
72.46
72.31
72.31
72.29
72.23
72.18
72.13
72.08
72.00
71.94
71.87
71.83
71.80
71.73
71.66
71.61
71.55
71.50
71.46
71.40
71.34
71.29
71.24
71.21
71.14
71.08
71.04
70.95
70.89
70.81
70.76
70.65
70.58
70.54
70.44
70.40
70.31
70.18
70.15
70.09
70.07
70.00
69.95
69.91
69.82
69.77
69.68
69.63
69.55
69.51
69.39
69.28
69.19
69.14
69.04
68.92
68.87
68.84
68.73
68.67
68.63
68.54
68.49
68.45
68.38
68.30
68.26
68.20
68.15
68.10
68.06
68.02
67.99
67.97
67.93
67.89
67.83
67.79
67.69
67.64
67.55
67.50
67.39
67.27
67.23
67.19
67.14
67.05
66.97
66.86
66.79
66.74
66.70
66.58
66.49
66.43
66.39
66.35
66.23
66.18
66.12
66.06
65.99
65.94
65.82
65.77
65.75
65.57
65.51
65.47
65.45
65.39
65.33
65.28
65.18
65.13
64.96
64.89
64.81
64.70
64.65
64.60
64.56
64.50
64.42
64.38
64.34
64.27
64.21
64.17
64.12
64.06
64.02
63.97
63.92
63.86
63.82
63.79
63.73
63.66
63.56
63.46
63.40
63.32
63.28
63.20
63.09
63.03
62.96
62.85
62.83
62.78
62.73
62.63
62.56
62.48
62.39
62.34
62.23
62.18
62.14
62.05
