81.89
81.73
81.58
81.44
81.25
81.10
80.94
80.78
80.63
80.45
80.31
80.12
79.92
79.75
79.57
79.40
79.25
79.06
78.91
78.76
78.62
78.46
78.31
78.16
78.02
77.78
77.64
77.51
77.31
77.17
77.01
76.83
76.67
76.53
76.32
76.18
76.00
75.77
75.63
75.47
75.33
75.20
75.03
74.90
74.72
74.58
74.39
74.24
74.09
73.93
73.72
73.54
73.34
73.20
73.05
72.85
72.71
72.56
72.41
72.28
72.13
71.95
71.82
71.67
71.52
71.34
71.20
71.05
70.90
70.74
70.57
70.42
70.28
70.12
70.00
69.81
69.67
69.48
69.30
69.15
69.00
68.86
68.68
68.48
68.34
68.19
68.05
67.91
67.73
67.60
67.45
67.22
67.07
66.93
66.78
66.58
66.45
66.25
66.05
65.83
65.64
65.48
65.32
65.32
65.29
65.27
65.11
65.04
64.96
64.88
64.83
64.78
64.70
64.67
64.63
64.59
64.49
64.45
64.33
64.28
64.18
64.08
64.01
63.96
63.92
63.81
63.77
63.69
63.55
63.49
63.44
63.40
63.33
63.29
63.23
63.17
63.13
63.08
63.04
62.95
62.86
62.76
62.67
62.60
62.53
62.48
62.43
62.40
62.30
62.26
62.17
62.09
62.00
61.94
61.88
61.81
61.73
61.66
61.60
61.50
61.45
61.39
61.34
