77.35
77.16
76.97
76.75
76.55
76.33
76.10
75.86
75.65
75.45
75.22
75.03
74.81
74.61
74.43
74.21
74.01
73.81
73.58
73.37
73.17
72.94
72.74
72.47
72.26
72.04
71.82
71.61
71.40
71.20
71.00
70.81
70.60
70.39
70.17
69.97
69.74
69.55
69.33
69.09
68.88
68.67
68.48
68.26
68.07
67.87
67.64
67.41
67.21
67.02
66.82
66.61
66.41
66.21
65.98
65.76
65.54
65.31
65.08
64.87
64.66
64.43
64.22
64.01
63.82
63.58
63.39
63.18
62.98
62.76
62.54
62.32
62.09
61.88
61.67
61.48
61.30
61.11
60.92
60.70
60.49
60.25
60.07
59.85
59.63
59.44
59.21
58.97
58.75
58.54
58.35
58.14
57.94
57.73
57.53
57.35
57.13
56.90
56.69
56.47
56.19
55.99
55.77
55.47
55.27
55.05
54.83
54.64
54.44
54.23
54.02
53.82
53.62
53.39
53.18
52.95
52.73
52.55
52.31
52.11
51.90
51.69
51.69
51.57
51.47
51.38
51.29
51.18
51.08
50.96
50.85
50.72
50.60
50.47
50.37
50.26
50.13
50.01
49.81
49.70
49.60
49.48
49.38
49.28
49.17
49.06
48.97
48.87
48.79
48.63
48.53
48.42
48.33
48.25
48.15
48.02
47.93
