70.19
69.95
69.74
69.52
69.30
69.10
68.88
68.63
68.41
68.18
67.97
67.76
67.56
67.36
67.16
66.94
66.74
66.50
66.28
66.05
65.84
65.65
65.44
65.23
65.00
64.78
64.59
64.38
64.19
64.00
63.79
63.60
63.39
63.20
63.00
62.80
62.58
62.37
62.17
61.97
61.75
61.55
61.35
61.14
60.96
60.76
60.58
60.36
60.14
59.93
59.75
59.56
59.35
59.14
58.93
58.70
58.48
58.27
58.05
57.85
57.65
57.43
57.23
57.03
56.78
56.59
56.40
56.20
56.00
55.75
55.51
55.32
55.10
54.90
54.69
54.48
54.28
54.07
53.89
53.68
53.47
53.27
53.06
52.86
52.62
52.38
52.16
51.94
51.74
51.54
51.32
51.11
50.93
50.74
50.55
50.35
50.13
49.91
49.68
49.46
49.46
49.35
49.23
49.13
48.94
48.84
48.72
48.63
48.53
48.40
48.29
48.15
48.05
47.94
47.81
47.69
47.60
47.46
47.33
47.21
47.08
46.95
46.85
46.66
46.57
46.47
46.38
46.27
46.17
46.06
45.94
45.84
45.74
45.63
45.52
45.39
45.29
45.17
44.97
44.85
44.75
44.66
44.57
44.46
44.32
44.23
44.14
44.03
43.92
43.80
43.66
43.53
43.45
43.37
43.27
43.16
43.02
