90.38
90.17
89.98
89.78
89.58
89.37
89.14
88.89
88.69
88.46
88.24
88.04
87.85
87.65
87.45
87.24
87.04
86.82
86.61
86.41
86.22
86.03
85.81
85.61
85.33
85.12
84.90
84.70
84.52
84.31
84.12
83.91
83.71
83.51
83.30
83.09
82.89
82.70
82.50
82.28
82.06
81.85
81.65
81.44
81.22
81.01
80.81
80.58
80.38
80.18
79.99
79.79
79.57
79.35
79.13
78.90
78.71
78.46
78.24
78.04
77.81
77.63
77.42
77.21
77.00
76.79
76.61
76.39
76.17
75.95
75.72
75.51
75.32
75.09
74.90
74.72
74.52
74.33
74.14
73.94
73.71
73.54
73.29
73.06
72.87
72.67
72.43
72.21
71.99
71.77
71.54
71.33
71.14
70.92
70.72
70.53
70.32
70.09
69.87
69.64
69.33
69.15
68.94
68.63
68.43
68.20
68.01
67.81
67.57
67.38
67.17
66.94
66.68
66.48
66.25
66.02
65.80
65.60
65.41
65.18
64.96
64.77
64.46
64.25
64.02
63.83
63.60
63.42
63.19
63.01
62.81
62.63
62.44
62.23
62.01
61.81
61.63
61.63
61.52
61.42
61.32
61.22
61.11
61.02
60.92
60.77
60.67
60.58
60.48
60.39
60.21
60.10
59.99
59.87
59.76
59.66
59.52
