77.26
77.06
76.84
76.63
76.43
76.22
75.95
75.76
75.52
75.31
75.10
74.89
74.69
74.47
74.28
74.07
73.84
73.64
73.43
73.24
73.03
72.82
72.61
72.38
72.17
71.97
71.73
71.52
71.33
71.13
70.92
70.72
70.50
70.30
70.07
69.87
69.67
69.46
69.24
69.02
68.80
68.61
68.42
68.20
67.99
67.78
67.56
67.32
67.12
66.90
66.71
66.51
66.30
66.09
65.89
65.69
65.46
65.26
65.02
64.78
64.58
64.35
64.15
63.91
63.71
63.47
63.27
63.09
62.88
62.67
62.47
62.27
62.06
61.85
61.62
61.44
61.25
61.07
60.87
60.67
60.44
60.19
59.99
59.78
59.55
59.36
59.12
58.87
58.68
58.46
58.27
58.05
57.86
57.67
57.47
57.28
56.99
56.80
56.57
56.34
56.06
55.87
55.66
55.66
55.56
55.46
55.35
55.25
55.16
55.05
54.98
54.88
54.78
54.64
54.47
54.37
54.27
54.14
54.04
53.91
53.83
53.70
53.60
53.37
53.27
53.17
53.06
52.92
52.83
52.73
52.62
52.52
52.44
52.32
52.22
52.09
52.01
51.90
51.68
51.57
51.49
51.40
51.32
51.21
51.10
51.02
50.89
50.80
50.66
50.57
50.39
50.27
50.18
50.09
49.98
49.86
49.70
