51.09
50.84
50.55
50.30
50.06
49.86
49.55
49.13
48.80
48.48
48.18
47.95
47.51
47.24
47.02
46.70
46.37
46.07
45.74
45.43
45.10
44.78
44.46
44.12
43.84
43.53
43.29
43.05
42.76
42.54
42.30
42.06
41.81
41.61
41.36
41.14
40.86
40.61
40.40
40.11
39.90
39.62
39.31
38.98
38.68
38.39
38.11
37.89
37.64
37.43
37.14
36.85
36.62
36.40
36.16
35.87
35.55
35.23
34.95
34.70
34.38
34.08
33.81
33.55
33.25
32.95
32.74
32.46
32.23
31.94
31.70
31.47
31.25
31.03
30.78
30.55
30.28
30.08
29.81
29.58
29.31
29.06
28.76
28.54
28.36
28.10
27.84
27.59
27.37
27.16
26.82
26.56
26.29
25.91
25.64
25.44
25.13
24.82
24.33
23.97
23.54
23.14
22.91
22.49
22.06
21.84
21.64
21.13
20.74
20.33
19.99
19.79
19.44
19.13
18.76
18.41
18.20
17.96
17.96
17.87
17.63
17.47
17.38
17.10
16.92
16.78
16.54
16.37
16.20
16.01
15.82
15.64
15.43
15.24
15.06
14.96
14.82
14.66
14.56
14.45
14.33
14.22
14.11
13.98
13.83
13.72
13.53
13.42
13.29
13.20
13.11
13.00
12.86
12.75
12.55
12.44
12.33
12.22
12.11
12.01
11.89
11.77
11.65
11.49
11.39
11.27
11.15
11.04
10.93
10.83
10.73
10.59
