50.80
50.55
50.24
50.01
49.75
49.49
49.15
48.88
48.57
48.25
47.92
47.60
47.27
46.96
46.67
46.32
45.96
45.62
45.31
44.99
44.62
44.33
43.99
43.70
43.40
43.18
42.87
42.67
42.41
42.19
41.96
41.75
41.51
41.30
41.06
40.79
40.54
40.25
40.05
39.82
39.45
39.16
38.82
38.56
38.23
37.99
37.72
37.44
37.25
37.01
36.75
36.47
36.21
36.02
35.79
35.50
35.16
34.82
34.49
34.25
33.95
33.65
33.36
33.11
32.82
32.57
32.36
32.05
31.82
31.56
31.28
31.07
30.85
30.60
30.34
30.05
29.79
29.54
29.28
28.98
28.75
28.56
28.33
28.09
27.90
27.63
27.37
27.13
26.90
26.68
26.36
26.13
25.85
25.45
25.15
24.95
24.62
24.35
24.06
23.74
23.45
23.07
22.76
22.48
22.13
21.85
21.61
21.32
21.04
20.74
20.41
19.88
19.51
19.11
18.68
18.47
18.12
17.92
17.49
17.26
16.97
16.61
16.24
15.98
15.61
15.24
15.04
14.60
14.40
13.94
13.57
13.17
12.79
12.57
12.37
12.13
12.13
12.02
11.94
11.82
11.69
11.58
11.47
11.26
11.12
11.02
10.79
10.68
10.58
10.47
10.36
10.27
10.17
10.05
9.83
9.72
9.60
9.49
9.39
9.31
9.23
9.12
9.00
8.78
8.67
8.55
8.41
8.31
8.20
8.09
7.98
7.80
