48.84
48.63
48.41
48.18
47.97
47.75
47.45
47.14
46.83
46.50
46.20
45.88
45.54
45.22
44.90
44.57
44.26
43.97
43.68
43.38
43.01
42.66
42.40
42.06
41.82
41.52
41.23
40.98
40.72
40.43
40.16
39.94
39.71
39.51
39.26
39.00
39.00
38.91
38.73
38.61
38.44
38.33
38.19
38.00
37.80
37.62
37.42
37.22
37.07
36.94
36.80
36.55
36.32
36.18
36.06
35.92
35.71
35.48
35.29
35.12
34.97
34.76
34.55
34.32
34.17
33.96
33.82
33.70
33.48
33.41
33.26
33.12
33.00
32.87
32.79
32.66
32.51
32.39
32.26
32.10
31.95
31.76
31.62
31.43
31.34
31.21
31.09
30.92
30.78
30.63
30.50
30.28
30.13
29.99
29.74
29.56
29.44
29.23
29.07
28.88
28.64
28.38
28.20
28.02
27.83
27.63
27.42
27.30
27.12
26.93
26.67
26.45
26.26
26.08
25.84
25.63
25.36
25.21
25.02
24.84
24.65
24.47
24.36
24.11
23.88
23.78
23.56
23.22
23.02
22.80
22.59
22.38
22.23
22.00
21.76
21.67
21.53
21.35
21.25
21.11
21.00
20.88
20.78
20.62
20.46
20.38
20.17
20.06
19.92
19.79
19.65
19.56
19.42
19.31
19.07
18.98
18.86
18.76
18.63
18.53
18.45
18.34
18.23
18.09
18.00
17.86
17.70
17.58
17.42
17.32
17.18
17.04
