48.45
48.26
48.00
47.81
47.60
47.25
47.00
46.59
46.19
45.97
45.54
45.21
44.79
44.58
44.27
43.94
43.60
43.32
42.92
42.54
42.21
41.87
41.56
41.16
40.90
40.61
40.61
40.48
40.39
40.23
40.11
39.94
39.80
39.65
39.55
39.44
39.28
39.07
38.91
38.81
38.64
38.52
38.32
38.06
37.84
37.63
37.47
37.27
37.16
37.04
36.92
36.71
36.55
36.38
36.22
36.09
35.89
35.67
35.43
35.26
35.08
34.84
34.58
34.38
34.20
33.97
33.83
33.73
33.57
33.43
33.30
33.14
33.03
32.88
32.74
32.59
32.47
32.34
32.23
32.14
31.97
31.80
31.68
31.54
31.42
31.32
31.11
31.02
30.92
30.81
30.64
30.45
30.32
30.19
29.95
29.78
29.66
29.46
29.28
29.04
28.82
28.57
28.34
28.12
27.93
27.69
27.48
27.33
27.13
26.93
26.76
26.54
26.31
26.10
25.91
25.63
25.35
25.21
25.02
24.84
24.62
24.48
24.37
24.13
23.93
23.83
23.59
23.40
23.23
23.03
22.82
22.57
22.36
22.17
21.93
21.81
21.67
21.50
21.40
21.30
21.19
21.07
20.92
20.73
20.57
20.43
20.21
20.08
19.97
19.81
19.73
19.63
19.51
19.37
19.19
19.09
18.98
18.86
18.75
18.62
18.53
18.38
18.23
18.02
17.89
17.75
17.60
17.49
17.37
17.27
17.14
