50.04
49.81
49.57
49.36
49.11
48.86
48.55
48.23
47.88
47.56
47.24
46.91
46.60
46.29
45.98
45.67
45.31
45.03
44.67
44.30
43.96
43.67
43.37
43.07
42.82
42.52
42.23
42.01
41.73
41.48
41.25
41.04
40.84
40.58
40.35
40.10
39.86
39.62
39.39
39.12
38.90
38.43
38.10
37.79
37.39
37.06
36.85
36.61
36.39
36.15
35.89
35.59
35.38
35.14
34.92
34.62
34.27
33.92
33.67
33.44
33.14
32.80
32.45
32.21
31.90
31.67
31.45
31.16
30.92
30.61
30.32
30.02
29.79
29.55
29.33
29.12
28.90
28.67
28.40
28.12
27.88
27.63
27.40
27.19
26.97
26.70
26.46
26.21
25.97
25.62
25.41
25.18
24.81
24.59
24.29
23.96
23.65
23.32
23.00
22.77
22.49
22.17
21.90
21.63
21.31
21.02
20.78
20.51
20.23
19.83
19.47
19.19
18.86
18.55
18.18
17.83
17.60
17.30
17.02
16.69
16.41
16.22
15.83
15.53
15.31
14.97
14.65
14.36
14.07
13.73
13.43
13.43
13.31
13.05
12.79
12.67
12.54
12.36
12.24
12.07
11.96
11.86
11.71
11.54
11.37
11.21
11.03
10.92
10.79
10.50
10.38
10.27
10.09
9.97
9.81
9.72
9.63
9.51
9.41
9.29
9.18
9.05
8.89
8.71
8.58
8.44
8.30
8.19
8.06
7.96
7.85
7.77
