49.04
48.83
48.49
48.27
48.06
47.66
47.24
46.89
46.51
46.12
45.77
45.44
45.10
44.87
44.58
44.09
43.64
43.31
42.93
42.53
42.12
41.76
41.38
41.15
40.98
40.66
40.38
40.18
39.93
39.67
39.41
39.17
38.93
38.74
38.53
38.24
37.94
37.70
37.52
37.23
37.01
36.69
36.34
36.04
35.69
35.32
34.96
34.76
34.54
34.31
34.04
33.80
33.57
33.34
32.98
32.60
32.20
31.98
31.98
31.86
31.52
31.15
31.01
30.86
30.55
30.45
30.27
30.18
29.98
29.88
29.77
29.58
29.47
29.33
29.18
29.00
28.85
28.71
28.58
28.46
28.34
28.20
28.04
27.93
27.79
27.65
27.50
27.36
27.26
27.11
26.97
26.79
26.65
26.47
26.22
26.03
25.93
25.72
25.54
25.31
25.06
24.83
24.61
24.30
24.10
23.90
23.69
23.56
23.40
23.23
23.03
22.79
22.59
22.43
22.24
21.99
21.74
21.60
21.41
21.24
21.00
20.86
20.78
20.54
20.36
20.24
20.00
19.79
19.59
19.37
19.19
19.03
18.88
18.67
18.47
18.38
18.23
18.09
18.00
17.88
17.77
17.69
17.53
17.41
17.25
17.12
16.93
16.84
16.72
16.57
16.40
16.28
16.17
16.08
15.85
15.74
15.62
15.51
15.36
15.25
15.14
14.99
14.85
14.69
14.57
14.47
14.39
14.27
14.16
14.07
13.97
13.87
