49.79
49.53
49.23
48.99
48.76
48.40
48.17
47.76
47.43
47.12
46.78
46.49
46.16
45.88
45.56
45.25
44.93
44.56
44.23
43.86
43.52
43.28
42.93
42.61
42.40
42.08
41.79
41.54
41.32
41.09
40.88
40.67
40.44
40.25
40.01
39.73
39.46
39.19
38.95
38.67
38.47
38.19
37.88
37.59
37.29
37.00
36.69
36.41
36.19
35.97
35.66
35.38
35.17
34.93
34.67
34.34
34.02
33.70
33.38
33.11
32.82
32.46
32.19
31.92
31.65
31.40
31.17
30.88
30.66
30.37
30.11
29.89
29.62
29.38
29.11
28.88
28.63
28.41
28.15
27.88
27.59
27.36
27.10
26.89
26.66
26.43
26.20
25.98
25.71
25.47
25.19
24.97
24.66
24.37
24.16
23.94
23.62
23.29
22.95
22.67
22.30
22.01
21.59
21.34
21.03
20.69
20.45
20.13
19.82
19.55
19.23
18.93
18.57
18.29
17.96
17.60
17.41
17.09
16.84
16.51
16.23
16.01
15.71
15.44
15.23
14.94
14.61
14.61
14.48
14.31
14.07
13.85
13.65
13.45
13.23
13.12
12.96
12.79
12.69
12.61
12.52
12.41
12.31
12.23
12.02
11.89
11.68
11.57
11.44
11.29
11.15
11.04
10.90
10.77
10.60
10.47
10.37
10.24
10.13
10.04
9.95
9.84
9.76
9.56
9.44
9.33
9.24
9.12
8.97
8.87
8.76
8.60
