48.60
48.35
48.09
47.86
47.59
47.36
47.04
46.75
46.39
45.94
45.73
45.73
45.40
45.11
44.99
44.79
44.59
44.36
44.16
43.91
43.71
43.48
43.28
43.07
42.81
42.71
42.53
42.38
42.25
42.11
41.93
41.74
41.62
41.44
41.34
41.21
40.98
40.83
40.68
40.60
40.41
40.28
40.09
39.85
39.64
39.45
39.22
38.97
38.82
38.68
38.56
38.37
38.21
38.04
37.89
37.74
37.52
37.30
37.11
36.95
36.83
36.61
36.38
36.20
36.06
35.86
35.67
35.56
35.38
35.26
35.13
34.94
34.85
34.74
34.59
34.41
34.29
34.13
34.01
33.88
33.80
33.61
33.45
33.27
33.10
32.96
32.80
32.68
32.60
32.47
32.33
32.09
31.95
31.80
31.60
31.41
31.25
31.04
30.78
30.56
30.35
30.11
29.88
29.65
29.50
29.28
29.07
28.92
28.75
28.56
28.36
28.11
27.95
27.76
27.54
27.27
26.99
26.89
26.70
26.55
26.32
26.16
26.04
25.85
25.62
25.52
25.26
25.04
24.84
24.65
24.41
24.24
24.06
23.85
23.61
23.51
23.38
23.19
23.10
23.02
22.93
22.83
22.71
22.47
22.33
22.17
21.99
21.88
21.76
21.66
21.56
21.45
21.32
21.20
21.00
20.90
20.79
20.65
20.54
20.45
20.33
20.23
20.08
19.85
19.74
19.66
19.57
19.48
19.37
19.27
19.16
19.08
