49.62
49.39
49.10
48.87
48.62
48.37
48.04
47.74
47.39
47.04
46.69
46.39
46.06
45.71
45.41
45.11
44.80
44.51
44.14
43.83
43.46
43.10
42.78
42.49
42.29
42.04
41.78
41.53
41.30
41.06
40.79
40.56
40.31
40.05
39.82
39.54
39.29
39.03
38.81
38.51
38.29
38.05
37.74
37.45
37.11
36.84
36.51
36.30
36.06
35.82
35.52
35.22
34.97
34.72
34.48
34.15
33.84
33.47
33.22
33.00
32.68
32.37
32.03
31.77
31.46
31.26
31.05
30.75
30.55
30.29
30.04
29.83
29.59
29.35
29.12
28.91
28.66
28.44
28.18
27.83
27.59
27.36
27.08
26.85
26.62
26.29
26.06
25.73
25.52
25.33
25.01
24.78
24.49
24.15
23.87
23.67
23.36
23.07
22.82
22.53
22.19
21.91
21.60
21.37
21.02
21.02
20.89
20.80
20.60
20.42
20.17
19.95
19.75
19.55
19.35
19.13
18.86
18.77
18.57
18.38
18.18
18.00
17.91
17.67
17.49
17.39
17.22
16.98
16.83
16.62
16.42
16.21
16.03
15.81
15.59
15.48
15.35
15.16
15.06
14.96
14.84
14.74
14.61
14.48
14.34
14.19
14.02
13.90
13.79
13.67
13.56
13.45
13.35
13.22
13.06
12.94
12.85
12.71
12.60
12.48
12.39
12.25
12.14
12.00
11.89
11.77
11.69
11.57
11.42
11.30
11.20
11.10
