49.05
48.77
48.55
48.34
48.10
47.88
47.57
47.19
46.89
46.54
46.14
45.84
45.52
45.16
44.78
44.39
44.01
43.68
43.27
42.88
42.62
42.21
41.92
41.55
41.35
41.05
40.79
40.55
40.29
40.00
39.79
39.60
39.36
39.14
38.95
38.68
38.38
38.11
37.89
37.59
37.38
37.09
36.77
36.47
36.18
35.85
35.51
35.27
35.03
34.78
34.78
34.60
34.41
34.32
34.17
34.05
33.81
33.57
33.39
33.20
33.04
32.83
32.62
32.39
32.22
31.99
31.90
31.79
31.62
31.49
31.37
31.21
31.10
30.97
30.78
30.63
30.51
30.35
30.26
30.10
29.93
29.77
29.62
29.46
29.34
29.21
29.04
28.92
28.81
28.66
28.49
28.29
28.16
27.99
27.75
27.60
27.50
27.26
27.07
26.85
26.66
26.44
26.27
26.00
25.84
25.56
25.31
25.20
24.97
24.78
24.60
24.38
24.14
23.93
23.71
23.45
23.18
23.04
22.81
22.64
22.45
22.29
22.18
21.92
21.67
21.55
21.36
21.07
20.90
20.66
20.44
20.20
20.01
19.83
19.61
19.50
19.39
19.22
19.13
19.03
18.93
18.84
18.74
18.61
18.48
18.33
18.11
17.98
17.86
17.75
17.62
17.51
17.39
17.28
17.08
16.95
16.83
16.70
16.60
16.47
16.39
16.27
16.17
15.96
15.84
15.73
15.66
15.56
15.46
15.35
15.26
15.16
