49.69
49.46
49.12
48.90
48.67
48.45
48.14
47.84
47.52
47.19
46.88
46.56
46.20
45.89
45.42
45.05
44.81
44.49
44.13
43.78
43.43
43.08
42.72
42.39
42.18
41.90
41.61
41.37
41.13
40.89
40.64
40.42
40.21
40.03
39.80
39.48
39.20
39.00
38.80
38.54
38.16
37.82
37.46
37.13
36.79
36.56
36.27
36.03
35.83
35.58
35.29
35.01
34.77
34.51
34.28
33.98
33.69
33.38
33.09
32.81
32.52
32.21
31.92
31.66
31.35
31.14
30.93
30.60
30.41
30.17
29.91
29.68
29.47
29.25
29.00
28.81
28.57
28.40
28.16
27.92
27.66
27.37
27.10
26.87
26.67
26.41
26.18
25.98
25.71
25.31
25.10
24.85
24.36
24.12
23.81
23.44
23.07
22.64
22.30
22.08
21.78
21.44
21.08
20.82
20.46
20.19
20.01
19.73
19.46
19.15
18.84
18.50
18.18
18.18
18.04
17.82
17.56
17.45
17.26
17.10
16.90
16.73
16.64
16.42
16.22
16.12
15.85
15.58
15.41
15.01
14.90
14.54
14.18
14.06
13.89
13.79
13.64
13.48
13.38
13.30
13.19
13.07
12.94
12.79
12.66
12.51
12.35
12.23
12.14
12.00
11.80
11.70
11.59
11.48
11.27
11.15
11.01
10.90
10.78
10.68
10.58
10.45
10.30
10.14
10.01
9.91
9.84
9.71
9.59
9.48
9.38
9.29
