114.85
114.61
114.38
114.20
113.93
113.62
113.39
113.01
112.70
112.33
112.05
111.73
111.27
110.94
110.45
110.04
109.69
109.29
109.07
108.84
108.29
107.92
107.47
107.22
106.98
106.71
106.46
106.12
105.80
105.39
105.12
104.74
104.45
104.03
103.67
103.45
103.10
102.77
102.52
102.24
101.96
101.68
101.38
101.06
100.74
100.45
100.06
99.70
99.36
99.03
98.71
98.23
97.95
97.65
97.38
97.01
96.65
96.20
95.83
95.42
95.04
94.65
94.39
94.08
93.79
93.48
93.13
92.85
92.60
92.34
92.06
91.86
91.61
91.43
91.24
91.02
90.82
90.55
90.34
90.02
89.71
89.49
89.18
88.95
88.67
88.47
88.27
88.07
87.80
87.52
87.30
87.10
86.87
86.62
86.25
85.99
85.72
85.41
85.13
84.75
84.44
84.11
83.91
83.58
83.33
82.97
82.58
82.29
81.97
81.68
81.29
80.94
80.58
80.27
80.00
79.74
79.50
79.18
79.18
79.03
78.91
78.72
78.51
78.40
78.19
78.05
77.88
77.77
77.63
77.51
77.40
77.22
77.11
76.95
76.80
76.64
76.46
76.34
76.16
75.95
75.81
75.71
75.51
75.36
75.20
75.06
74.97
74.81
74.70
74.59
74.40
74.31
74.18
74.02
73.79
73.65
73.49
73.38
73.22
73.03
72.93
72.76
72.65
72.54
72.42
72.32
72.20
72.06
71.93
71.68
71.56
