114.54
114.27
114.02
113.79
113.56
113.22
113.01
112.61
112.26
111.92
111.62
111.26
110.98
110.67
110.28
110.00
109.75
109.46
109.14
108.95
108.68
108.36
108.05
107.63
107.41
107.07
106.83
106.47
106.14
105.70
105.39
105.03
104.69
104.46
104.09
103.74
103.38
103.04
102.72
102.41
102.11
101.80
101.51
101.20
100.68
100.27
99.85
99.49
99.11
98.72
98.33
98.01
97.71
97.44
97.05
96.80
96.48
96.12
95.68
95.35
95.01
94.71
94.45
94.12
93.82
93.51
93.13
92.81
92.55
92.31
91.93
91.70
91.48
91.25
91.02
90.77
90.56
90.32
89.95
89.53
89.30
89.10
88.84
88.64
88.40
88.12
87.89
87.68
87.50
87.22
87.00
86.78
86.55
86.36
86.13
85.90
85.58
85.29
84.98
84.73
84.45
84.15
83.91
83.61
83.40
83.08
82.78
82.44
82.12
81.82
81.46
81.16
80.80
80.48
80.20
79.92
79.70
79.42
79.17
78.92
78.61
78.29
78.03
77.73
77.46
77.22
77.03
76.78
76.56
76.34
76.08
75.83
75.58
75.32
75.08
74.82
74.57
74.30
74.04
73.79
73.60
73.60
73.47
73.30
73.17
73.02
72.85
72.71
72.55
72.43
72.26
72.17
72.05
71.87
71.71
71.58
71.41
71.31
71.18
70.98
70.86
70.72
70.57
70.44
70.32
70.19
70.05
69.89
69.78
69.53
69.44
