112.91
112.69
112.47
112.25
112.02
111.71
111.48
111.14
110.84
110.44
110.07
109.72
109.45
109.14
109.14
108.91
108.74
108.49
108.22
108.08
107.92
107.67
107.50
107.24
106.90
106.75
106.59
106.43
106.18
105.94
105.67
105.48
105.23
105.04
104.89
104.60
104.41
104.23
104.01
103.84
103.62
103.45
103.21
103.05
102.87
102.66
102.45
102.15
101.92
101.72
101.45
101.21
100.99
100.77
100.53
100.29
100.04
99.79
99.61
99.36
99.11
98.85
98.64
98.44
98.24
98.09
97.85
97.66
97.44
97.29
97.19
96.95
96.84
96.71
96.61
96.48
96.36
96.26
96.11
96.00
95.81
95.64
95.55
95.36
95.20
95.03
94.90
94.80
94.71
94.60
94.43
94.31
94.23
94.14
94.02
93.76
93.61
93.36
93.18
92.97
92.77
92.54
92.37
92.22
91.93
91.82
91.63
91.42
91.19
90.94
90.75
90.63
90.38
90.15
89.94
89.79
89.63
89.49
89.27
89.05
88.95
88.75
88.57
88.43
88.19
88.04
87.89
87.76
87.59
87.48
87.36
87.12
86.98
86.84
86.63
86.47
86.31
86.20
86.03
85.84
85.65
85.56
85.38
85.24
85.05
84.90
84.77
84.62
84.48
84.37
84.22
84.11
83.99
83.87
83.65
83.52
83.37
83.29
83.15
83.02
82.91
82.80
82.66
82.55
82.43
82.28
82.18
82.07
81.97
81.63
