114.17
113.95
113.70
113.50
113.26
112.94
112.51
112.30
111.81
111.51
111.12
110.81
110.48
110.15
109.74
109.46
109.14
108.79
108.50
108.21
107.88
107.64
107.26
106.86
106.59
106.30
106.11
105.76
105.47
105.06
104.74
104.38
104.08
103.76
103.53
103.27
102.95
102.59
102.29
102.00
101.70
101.37
101.06
100.80
100.44
100.11
99.78
99.47
99.11
98.74
98.43
98.12
97.79
97.30
96.94
96.57
96.36
96.01
95.64
95.27
94.86
94.57
94.30
94.03
93.70
93.41
93.07
92.76
92.46
92.22
91.80
91.60
91.38
91.16
90.95
90.71
90.47
90.27
90.03
89.78
89.45
89.21
88.95
88.73
88.50
88.28
88.07
87.88
87.64
87.35
87.12
86.89
86.70
86.48
86.20
85.94
85.63
85.31
85.00
84.70
84.35
84.07
83.83
83.49
83.28
82.94
82.65
82.30
81.97
81.66
81.26
80.91
80.55
80.23
79.92
79.70
79.41
79.12
78.80
78.56
78.27
77.92
77.65
77.31
77.05
76.81
76.60
76.60
76.50
76.40
76.27
76.12
75.98
75.85
75.71
75.60
75.41
75.30
75.14
74.99
74.83
74.74
74.57
74.46
74.31
74.17
74.04
73.86
73.76
73.59
73.39
73.28
73.15
72.99
72.80
72.69
72.51
72.39
72.26
72.10
71.97
71.85
71.71
71.53
71.41
71.25
71.07
70.94
70.81
70.51
70.33
