113.34
113.11
112.87
112.66
112.41
112.11
111.93
111.58
111.26
110.87
110.55
110.20
109.90
109.56
109.16
108.87
108.52
108.18
107.86
107.62
107.28
106.92
106.57
106.18
105.92
105.62
105.40
105.07
104.64
104.34
103.95
103.57
103.36
103.02
102.81
102.44
102.09
101.75
101.51
101.24
100.93
100.61
100.34
100.06
99.77
99.47
99.11
98.79
98.48
98.21
97.84
97.53
97.21
96.89
96.53
96.11
95.91
95.55
95.55
95.15
94.82
94.45
94.16
93.85
93.73
93.56
93.41
93.20
92.99
92.78
92.66
92.42
92.30
92.16
92.08
91.94
91.82
91.73
91.55
91.43
91.28
91.07
90.97
90.77
90.68
90.53
90.39
90.25
90.15
90.07
89.92
89.79
89.67
89.59
89.48
89.22
89.05
88.88
88.72
88.56
88.44
88.24
87.97
87.85
87.63
87.52
87.27
87.06
86.84
86.63
86.40
86.11
85.89
85.62
85.43
85.21
85.08
84.86
84.67
84.49
84.35
84.13
83.98
83.81
83.60
83.47
83.35
83.26
83.12
83.03
82.91
82.78
82.64
82.47
82.22
82.07
81.90
81.75
81.60
81.44
81.25
81.13
80.96
80.79
80.61
80.44
80.27
80.11
79.96
79.81
79.69
79.57
79.46
79.26
79.08
78.93
78.74
78.61
78.44
78.30
78.15
78.03
77.89
77.76
77.63
77.46
77.34
77.18
77.04
76.76
76.61
