114.02
113.78
113.57
113.36
112.96
112.75
112.52
112.17
111.80
111.42
111.11
110.79
110.51
110.20
109.81
109.51
109.21
108.89
108.57
108.38
108.08
107.73
107.24
106.88
106.53
106.31
106.01
105.64
105.32
104.99
104.55
104.29
103.91
103.67
103.33
103.00
102.65
102.32
102.03
101.71
101.40
101.10
100.76
100.42
100.11
99.76
99.43
99.13
98.81
98.54
98.09
97.77
97.47
97.16
96.82
96.53
96.16
95.83
95.51
95.21
94.85
94.58
94.23
93.91
93.57
93.14
92.76
92.53
92.26
91.93
91.65
91.45
91.22
91.02
90.78
90.57
90.38
90.09
89.68
89.38
89.13
88.93
88.69
88.48
88.24
88.01
87.81
87.61
87.38
87.13
86.91
86.64
86.44
86.22
86.00
85.80
85.53
85.23
84.92
84.63
84.29
83.99
83.72
83.35
83.12
82.76
82.49
82.14
81.79
81.51
81.13
80.80
80.42
80.12
79.78
79.52
79.24
78.96
78.66
78.39
78.13
77.80
77.52
77.13
76.92
76.67
76.47
76.16
75.96
75.75
75.75
75.59
75.41
75.27
75.09
74.94
74.76
74.66
74.49
74.33
74.20
74.11
73.96
73.85
73.71
73.55
73.37
73.18
73.04
72.93
72.77
72.65
72.53
72.37
72.18
72.05
71.91
71.79
71.66
71.48
71.33
71.19
71.07
70.96
70.85
70.70
70.53
70.40
70.26
69.94
69.82
