113.94
113.64
113.41
113.18
112.90
112.56
112.32
111.97
111.67
111.33
110.99
110.66
110.38
110.06
109.66
109.37
109.01
108.70
108.39
108.14
107.83
107.53
107.15
106.73
106.53
106.21
105.98
105.61
105.28
104.89
104.53
104.18
103.85
103.51
103.10
102.81
102.44
102.21
101.95
101.61
101.29
100.95
100.65
100.34
99.97
99.65
99.32
99.00
98.64
98.37
98.02
97.71
97.41
97.13
96.83
96.48
96.18
95.84
95.52
95.18
94.78
94.47
94.14
93.83
93.57
93.29
93.01
92.69
92.44
92.20
91.85
91.66
91.43
91.22
91.01
90.76
90.53
90.25
90.02
89.76
89.45
89.25
88.99
88.79
88.54
88.29
88.05
87.83
87.59
87.33
87.10
86.85
86.65
86.42
86.14
85.91
85.62
85.37
85.09
84.75
84.44
84.15
83.90
83.62
83.41
83.09
82.79
82.43
82.10
82.10
81.97
81.71
81.45
81.19
80.94
80.73
80.51
80.31
80.12
79.94
79.81
79.60
79.40
79.27
79.03
78.86
78.72
78.61
78.40
78.31
78.19
78.03
77.88
77.73
77.57
77.43
77.25
77.14
76.97
76.82
76.64
76.54
76.38
76.25
76.11
75.97
75.82
75.67
75.54
75.44
75.26
75.14
75.02
74.90
74.76
74.63
74.42
74.27
74.17
74.03
73.89
73.75
73.64
73.48
73.35
73.21
73.11
72.99
72.86
72.61
72.51
