113.58
113.35
113.16
112.94
112.74
112.40
112.20
111.81
111.50
111.13
110.78
110.46
110.17
109.87
109.45
109.18
108.85
108.53
108.24
108.04
107.71
107.39
106.99
106.58
106.34
106.03
105.76
105.30
104.94
104.61
104.32
103.91
103.68
103.31
103.03
102.56
102.14
101.74
101.53
101.20
100.88
100.60
100.30
99.98
99.64
99.27
98.89
98.58
98.58
98.41
98.13
97.87
97.67
97.45
97.22
97.00
96.80
96.55
96.27
96.04
95.79
95.52
95.33
95.16
94.94
94.76
94.51
94.29
94.10
93.96
93.80
93.54
93.44
93.31
93.18
93.02
92.89
92.75
92.62
92.53
92.35
92.17
92.04
91.90
91.79
91.66
91.51
91.38
91.29
91.17
90.98
90.86
90.72
90.62
90.46
90.36
90.24
90.00
89.84
89.66
89.43
89.23
88.99
88.84
88.56
88.44
88.18
87.96
87.71
87.51
87.32
87.09
86.88
86.65
86.45
86.22
86.05
85.90
85.73
85.53
85.40
85.17
84.94
84.78
84.55
84.38
84.21
84.11
83.84
83.68
83.59
83.41
83.25
83.10
82.93
82.78
82.61
82.48
82.32
82.16
82.05
81.95
81.75
81.63
81.49
81.36
81.21
81.04
80.93
80.79
80.63
80.52
80.39
80.24
80.08
79.94
79.76
79.65
79.51
79.35
79.22
79.13
79.04
78.89
78.72
78.59
78.47
78.34
78.23
78.07
77.90
