114.61
114.34
114.11
113.88
113.54
113.29
112.99
112.59
112.34
111.91
111.57
111.19
110.89
110.59
110.22
109.93
109.63
109.26
108.98
108.73
108.41
108.07
107.71
107.33
107.09
106.77
106.56
106.19
105.87
105.54
105.19
104.89
104.59
104.36
104.00
103.67
103.27
102.98
102.64
102.38
102.07
101.75
101.45
101.17
100.88
100.59
100.20
99.91
99.60
99.28
98.98
98.65
98.35
98.06
97.73
97.39
97.09
96.77
96.43
96.02
95.66
95.36
95.02
94.68
94.41
94.10
93.79
93.42
93.15
92.91
92.54
92.32
92.11
91.93
91.66
91.46
91.25
91.00
90.72
90.44
90.12
89.91
89.67
89.46
89.17
88.95
88.74
88.53
88.31
88.31
88.20
88.08
87.90
87.75
87.63
87.44
87.31
86.89
86.80
86.39
86.06
85.92
85.74
85.65
85.41
85.31
85.12
84.92
84.68
84.43
84.25
84.01
83.85
83.63
83.42
83.21
83.01
82.87
82.66
82.49
82.34
82.12
81.89
81.78
81.59
81.40
81.30
81.18
81.04
80.93
80.82
80.60
80.45
80.33
80.13
79.97
79.80
79.64
79.48
79.29
79.17
79.04
78.93
78.79
78.67
78.49
78.31
78.18
78.07
77.91
77.71
77.58
77.46
77.30
77.12
76.96
76.77
76.65
76.53
76.39
76.24
76.10
75.96
75.81
75.63
75.52
75.37
75.28
75.16
74.86
74.70
