115.05
114.81
114.59
114.42
114.22
113.88
113.67
113.32
113.01
112.64
112.31
111.99
111.70
111.40
111.01
110.71
110.40
110.07
109.74
109.53
109.24
108.89
108.50
108.09
107.84
107.45
107.26
106.96
106.65
106.20
105.81
105.45
105.14
104.91
104.61
104.31
103.94
103.57
103.22
102.94
102.63
102.28
101.97
101.67
101.34
101.02
100.63
100.32
100.01
99.65
99.19
98.95
98.49
98.12
97.76
97.53
97.20
96.85
96.52
96.18
95.76
95.48
95.15
94.87
94.59
94.30
93.97
93.65
93.41
93.21
92.91
92.70
92.43
92.23
92.00
91.77
91.56
91.37
91.16
90.81
90.50
90.30
90.06
89.82
89.53
89.26
89.05
88.84
88.62
88.33
88.11
87.91
87.66
87.44
87.10
86.71
86.51
86.00
85.78
85.30
84.92
84.70
84.33
84.10
83.75
83.31
82.92
82.52
82.20
81.92
81.56
81.10
80.70
80.51
80.19
79.76
79.40
79.02
78.82
78.42
78.03
77.80
77.34
77.14
76.91
76.68
76.46
76.17
75.94
75.74
75.45
75.23
75.01
74.71
74.49
74.19
73.97
73.97
73.85
73.71
73.58
73.47
73.28
73.14
73.04
72.89
72.66
72.57
72.40
72.31
72.14
72.02
71.89
71.73
71.55
71.42
71.22
71.11
70.98
70.88
70.71
70.61
70.48
70.37
70.24
70.12
69.97
69.81
69.72
69.38
69.22
