113.66
113.36
113.10
112.87
112.59
112.35
112.03
111.72
111.47
111.07
110.72
110.46
110.05
109.82
109.47
109.18
108.86
108.53
108.24
108.00
107.69
107.39
107.05
106.65
106.40
106.08
105.88
105.55
105.24
104.91
104.54
104.17
103.85
103.61
103.28
102.98
102.61
102.27
101.96
101.71
101.38
101.08
100.75
100.45
100.17
99.86
99.55
99.23
98.93
98.64
98.28
97.95
97.64
97.32
97.01
96.69
96.36
96.05
95.74
95.43
94.99
94.74
94.39
94.08
93.81
93.49
93.20
92.87
92.87
92.77
92.66
92.46
92.36
92.19
92.07
91.95
91.83
91.73
91.60
91.46
91.25
91.05
90.97
90.85
90.74
90.56
90.42
90.31
90.19
90.04
89.92
89.84
89.75
89.61
89.46
89.27
89.13
88.95
88.76
88.57
88.37
88.15
87.91
87.80
87.59
87.46
87.26
87.06
86.82
86.59
86.38
86.20
85.94
85.73
85.51
85.28
85.13
84.96
84.76
84.53
84.42
84.19
83.97
83.81
83.55
83.42
83.24
83.14
82.98
82.84
82.73
82.53
82.35
82.21
82.00
81.92
81.74
81.65
81.51
81.38
81.19
81.06
80.89
80.76
80.62
80.46
80.29
80.16
80.04
79.88
79.72
79.53
79.42
79.16
78.93
78.80
78.61
78.50
78.37
78.23
78.11
77.94
77.81
77.61
77.49
77.34
77.18
77.04
76.91
76.62
76.53
