112.98
112.65
112.46
112.26
112.06
111.70
111.49
111.09
110.78
110.42
110.04
109.72
109.32
109.05
108.67
108.36
108.04
107.77
107.46
107.21
106.92
106.61
106.25
105.84
105.59
105.27
104.94
104.60
104.34
103.97
103.68
103.39
103.08
102.84
102.49
102.12
101.80
101.46
101.13
100.82
100.48
100.13
99.86
99.54
99.22
98.91
98.56
98.23
97.90
97.60
97.60
97.42
97.21
97.02
96.82
96.60
96.36
96.09
95.84
95.60
95.34
95.05
94.86
94.69
94.46
94.32
94.08
93.91
93.67
93.51
93.38
93.12
93.01
92.89
92.78
92.64
92.49
92.32
92.14
92.00
91.73
91.46
91.31
91.20
91.06
90.96
90.83
90.70
90.59
90.47
90.25
90.09
89.92
89.79
89.63
89.51
89.38
89.18
89.02
88.82
88.59
88.36
88.18
88.05
87.82
87.71
87.50
87.28
87.08
86.81
86.61
86.35
86.11
85.89
85.67
85.47
85.32
85.11
84.93
84.75
84.60
84.42
84.21
84.04
83.82
83.68
83.54
83.42
83.30
83.18
83.09
82.88
82.75
82.61
82.45
82.30
82.15
82.02
81.85
81.67
81.54
81.40
81.22
81.11
80.97
80.82
80.67
80.51
80.40
80.28
80.14
80.02
79.90
79.75
79.50
79.38
79.30
79.18
79.00
78.87
78.71
78.60
78.46
78.32
78.14
78.01
77.86
77.71
77.61
77.34
77.26
