115.15
114.91
114.66
114.45
114.22
113.90
113.52
113.23
112.76
112.26
111.87
111.66
111.19
110.96
110.59
110.32
109.98
109.70
109.40
109.19
108.89
108.55
108.20
107.78
107.51
107.18
106.98
106.66
106.37
105.97
105.62
105.22
104.88
104.65
104.26
103.94
103.60
103.24
102.90
102.61
102.24
101.90
101.60
101.22
100.92
100.57
100.18
99.82
99.49
99.12
98.89
98.56
98.26
97.96
97.66
97.32
96.99
96.66
96.29
95.98
95.62
95.31
94.93
94.63
94.32
93.97
93.66
93.30
93.01
92.80
92.48
92.29
92.06
91.84
91.63
91.38
91.19
90.96
90.75
90.44
90.11
89.92
89.66
89.43
89.18
88.92
88.72
88.52
88.32
88.06
87.81
87.57
87.37
87.11
86.77
86.54
86.06
85.83
85.34
85.01
84.76
84.47
84.20
83.90
83.66
83.31
83.00
82.66
82.37
82.09
81.71
81.38
81.02
80.68
80.39
80.11
79.82
79.82
79.71
79.49
79.37
79.16
78.95
78.82
78.53
78.38
78.20
78.08
77.98
77.86
77.73
77.56
77.44
77.31
77.14
76.93
76.77
76.66
76.51
76.34
76.25
76.14
75.93
75.79
75.65
75.49
75.33
75.18
75.08
74.96
74.79
74.67
74.55
74.42
74.27
74.16
74.02
73.87
73.73
73.57
73.41
73.30
73.18
72.97
72.86
72.73
72.59
72.45
72.30
72.01
71.92
