89.49
89.27
89.06
88.85
88.65
88.44
88.24
88.02
87.71
87.41
87.17
86.97
86.73
86.48
86.13
85.81
85.50
85.19
84.84
84.52
84.23
83.81
83.54
83.17
82.92
82.63
82.31
82.04
81.69
81.39
81.09
80.75
80.44
79.99
79.61
79.24
78.91
78.52
78.14
77.94
77.72
77.50
77.14
76.75
76.38
76.02
75.67
75.32
74.95
74.63
74.20
73.86
73.53
73.28
72.96
72.73
72.53
72.19
71.86
71.65
71.43
71.23
71.03
70.83
70.64
70.41
70.21
69.97
69.75
69.55
69.31
69.11
68.87
68.67
68.43
68.19
67.95
67.75
67.55
67.35
67.13
66.91
66.71
66.50
66.28
66.05
65.82
65.62
65.42
65.22
64.97
64.75
64.51
64.31
64.11
63.90
63.68
63.49
63.27
63.02
62.83
62.56
62.34
62.06
61.81
61.58
61.30
61.11
60.91
60.66
60.42
60.22
60.01
59.80
59.52
59.32
59.12
58.92
58.64
58.44
58.16
57.94
57.73
57.52
57.30
57.09
56.78
56.54
56.33
56.08
56.08
55.99
55.89
55.78
55.63
55.48
55.38
55.26
55.14
55.04
54.91
54.81
54.71
54.59
54.50
54.35
54.25
54.15
54.04
53.92
53.82
53.71
53.57
53.46
53.36
53.24
53.12
53.02
52.89
52.77
52.68
52.56
52.44
