92.19
91.99
91.77
91.57
91.36
91.12
90.91
90.69
90.50
90.14
89.79
89.56
89.31
89.02
88.72
88.41
88.13
87.84
87.51
87.19
86.92
86.50
86.22
85.84
85.52
85.19
84.89
84.58
84.22
83.89
83.60
83.26
82.92
82.61
82.29
81.97
81.69
81.41
81.10
80.79
80.59
80.38
80.20
79.90
79.58
79.28
78.99
78.67
78.33
78.03
77.69
77.38
77.10
76.76
76.43
76.21
76.00
75.67
75.39
75.17
74.97
74.75
74.52
74.33
74.10
73.88
73.70
73.48
73.28
73.05
72.80
72.59
72.40
72.19
71.98
71.77
71.56
71.37
71.16
70.96
70.76
70.57
70.33
70.12
69.94
69.76
69.51
69.27
69.05
68.85
68.63
68.42
68.22
67.98
67.77
67.56
67.35
67.14
66.94
66.72
66.51
66.26
66.04
65.77
65.58
65.37
65.08
64.84
64.65
64.39
64.15
63.93
63.72
63.51
63.26
63.05
62.85
62.65
62.37
62.15
61.85
61.65
61.44
61.24
61.04
60.86
60.57
60.57
60.46
60.36
60.21
60.04
59.93
59.83
59.72
59.60
59.50
59.36
59.25
59.13
59.02
58.90
58.79
58.69
58.59
58.46
58.35
58.23
58.12
57.98
57.84
57.71
57.61
57.52
57.43
57.31
57.18
57.05
56.93
56.79
56.69
56.57
56.47
