69.23
69.05
68.85
68.66
68.44
68.23
68.00
67.78
67.40
66.98
66.80
66.58
66.32
66.04
65.72
65.40
64.93
64.56
64.19
63.84
63.47
63.47
63.39
62.97
62.61
62.29
61.98
61.64
61.31
60.98
60.87
60.63
60.41
60.19
59.95
59.75
59.54
59.37
59.19
59.01
58.79
58.67
58.54
58.43
58.22
57.99
57.78
57.57
57.37
57.13
56.96
56.72
56.51
56.30
56.12
55.91
55.79
55.69
55.45
55.25
55.15
55.05
54.92
54.78
54.67
54.53
54.41
54.32
54.25
54.16
54.02
53.91
53.79
53.69
53.56
53.43
53.31
53.18
53.08
52.98
52.86
52.74
52.62
52.53
52.41
52.30
52.18
52.09
52.00
51.86
51.75
51.62
51.51
51.39
51.31
51.19
51.07
50.95
50.86
50.76
50.63
50.52
50.41
50.28
50.11
49.99
49.88
49.69
49.59
49.49
49.35
49.24
49.12
49.01
48.89
48.74
48.62
48.54
48.42
48.24
48.14
47.94
47.81
47.69
47.57
47.46
47.38
47.22
47.08
46.99
46.87
46.70
46.61
46.50
46.40
46.27
46.15
46.03
45.90
45.79
45.67
45.53
45.41
45.30
45.15
45.04
44.92
44.82
44.71
44.60
44.46
44.36
44.25
44.14
44.06
43.94
43.85
43.73
43.60
43.45
43.36
43.22
43.14
