94.10
93.87
93.66
93.47
93.25
93.01
92.78
92.58
92.37
92.06
91.71
91.47
91.09
90.79
90.47
90.20
89.89
89.69
89.37
89.05
88.80
88.33
88.04
87.77
87.46
87.14
86.83
86.53
86.22
85.89
85.58
85.23
84.90
84.52
84.20
83.92
83.59
83.30
83.00
82.78
82.58
82.38
82.17
81.84
81.51
81.01
80.62
80.24
79.88
79.49
79.27
78.87
78.56
78.27
78.07
77.86
77.63
77.33
77.01
76.82
76.64
76.41
76.16
75.98
75.79
75.60
75.39
75.13
74.91
74.70
74.50
74.29
74.09
73.88
73.65
73.46
73.25
73.06
72.86
72.65
72.43
72.22
72.03
71.82
71.61
71.38
71.20
70.98
70.78
70.56
70.33
70.10
69.89
69.67
69.45
69.27
69.05
68.82
68.61
68.37
68.15
67.93
67.70
67.44
67.20
67.01
66.73
66.51
66.30
66.04
65.81
65.61
65.40
65.19
64.96
64.74
64.54
64.33
64.33
64.21
64.11
63.98
63.89
63.78
63.67
63.57
63.46
63.28
63.09
62.98
62.89
62.74
62.62
62.50
62.41
62.25
62.13
62.04
61.91
61.81
61.71
61.60
61.49
61.40
61.29
61.16
61.06
60.94
60.82
60.73
60.65
60.56
60.45
60.35
60.25
60.15
60.04
59.93
59.79
59.65
59.56
59.43
59.32
