80.38
80.15
79.95
79.75
79.54
79.34
79.12
78.92
78.71
78.36
78.03
77.82
77.54
77.27
76.98
76.67
76.37
76.07
75.74
75.43
75.15
74.82
74.55
74.19
73.91
73.60
73.29
72.98
72.66
72.34
72.08
71.76
71.43
71.13
70.82
70.82
70.68
70.50
70.35
70.19
70.00
69.88
69.74
69.62
69.49
69.29
69.09
68.87
68.66
68.44
68.24
68.04
67.84
67.68
67.42
67.20
67.09
66.96
66.77
66.57
66.45
66.32
66.21
66.07
65.98
65.85
65.70
65.60
65.47
65.37
65.22
65.08
64.96
64.83
64.71
64.60
64.51
64.37
64.26
64.16
64.06
63.93
63.83
63.73
63.62
63.53
63.39
63.28
63.19
63.06
62.97
62.85
62.71
62.61
62.49
62.39
62.30
62.20
62.08
61.99
61.91
61.78
61.63
61.51
61.34
61.20
61.07
60.92
60.82
60.72
60.55
60.45
60.35
60.22
60.10
59.94
59.83
59.72
59.61
59.43
59.32
59.12
59.01
58.88
58.78
58.68
58.59
58.40
58.26
58.14
58.05
57.91
57.80
57.70
57.57
57.44
57.35
57.21
57.10
56.98
56.89
56.77
56.66
56.56
56.44
56.31
56.19
56.07
55.96
55.82
55.70
55.58
55.46
55.36
55.25
55.14
55.03
54.91
54.79
54.65
54.54
54.41
54.31
