75.35
75.12
74.89
74.68
74.46
74.28
74.05
73.85
73.65
73.32
73.02
72.81
72.55
72.06
71.84
71.40
71.20
70.90
70.59
70.28
69.99
69.50
69.13
68.91
68.61
68.19
67.85
67.50
67.25
66.90
66.47
66.11
65.74
65.39
65.03
64.81
64.49
64.19
63.90
63.58
63.41
63.21
62.99
62.68
62.36
62.03
61.72
61.40
61.11
60.82
60.48
60.48
60.33
60.12
59.86
59.62
59.51
59.39
59.17
58.95
58.83
58.73
58.64
58.55
58.47
58.36
58.23
58.13
58.00
57.90
57.76
57.65
57.51
57.40
57.29
57.14
57.01
56.86
56.75
56.63
56.51
56.40
56.28
56.15
56.03
55.92
55.83
55.72
55.58
55.46
55.35
55.22
55.14
55.02
54.89
54.78
54.66
54.57
54.43
54.33
54.19
54.09
53.97
53.85
53.71
53.59
53.50
53.33
53.21
53.11
52.93
52.82
52.69
52.57
52.45
52.31
52.20
52.10
51.99
51.81
51.72
51.54
51.42
51.31
51.23
51.13
51.04
50.88
50.69
50.60
50.49
50.32
50.21
50.11
50.00
49.86
49.74
49.65
49.55
49.44
49.32
49.19
49.06
48.97
48.84
48.69
48.58
48.47
48.36
48.25
48.14
48.04
47.93
47.83
47.72
47.62
47.52
47.41
47.31
47.17
47.06
46.95
46.83
