71.29
71.06
70.87
70.68
70.48
70.25
70.05
69.85
69.64
69.33
69.03
68.83
68.55
68.28
67.96
67.66
67.66
67.53
67.31
67.09
66.89
66.70
66.38
66.15
65.94
65.71
65.52
65.32
65.12
64.92
64.66
64.44
64.24
64.02
63.78
63.57
63.32
63.14
62.95
62.72
62.52
62.42
62.31
62.19
61.96
61.72
61.52
61.29
61.07
60.84
60.63
60.38
60.15
59.97
59.76
59.58
59.50
59.37
59.18
58.96
58.84
58.75
58.65
58.54
58.44
58.33
58.21
58.11
57.95
57.83
57.74
57.64
57.49
57.37
57.24
57.10
56.99
56.86
56.76
56.64
56.53
56.41
56.30
56.17
56.08
55.99
55.87
55.77
55.66
55.55
55.45
55.31
55.18
55.05
54.93
54.82
54.73
54.62
54.49
54.41
54.27
54.18
54.06
53.93
53.76
53.62
53.52
53.36
53.25
53.14
52.96
52.86
52.76
52.67
52.53
52.37
52.26
52.15
52.03
51.84
51.75
51.56
51.44
51.32
51.22
51.12
50.99
50.76
50.62
50.52
50.42
50.29
50.17
50.06
49.95
49.82
49.73
49.59
49.47
49.38
49.25
49.15
49.02
48.93
48.81
48.69
48.57
48.45
48.34
48.20
48.09
47.97
47.85
47.76
47.64
47.55
47.43
47.32
47.21
47.06
46.95
46.85
46.77
