73.50
73.32
73.10
72.91
72.69
72.49
72.28
72.06
71.88
71.53
71.25
71.03
70.79
70.47
70.14
69.83
69.54
69.28
68.97
68.68
68.41
67.98
67.67
67.30
67.00
66.70
66.36
66.03
65.70
65.36
65.05
64.74
64.38
64.05
63.73
63.38
63.11
62.83
62.54
62.22
62.02
61.82
61.58
61.28
61.28
61.13
60.73
60.42
60.13
59.79
59.43
59.31
59.09
58.87
58.63
58.38
58.25
58.11
57.91
57.68
57.56
57.46
57.35
57.23
57.13
57.00
56.90
56.82
56.72
56.61
56.47
56.36
56.23
56.11
55.98
55.86
55.76
55.66
55.53
55.42
55.30
55.22
55.10
54.96
54.85
54.75
54.64
54.53
54.41
54.31
54.18
54.08
53.96
53.84
53.76
53.66
53.57
53.48
53.37
53.25
53.12
53.01
52.85
52.75
52.58
52.49
52.37
52.19
52.06
51.95
51.77
51.65
51.54
51.44
51.31
51.16
51.06
50.95
50.84
50.66
50.57
50.43
50.30
50.19
50.08
49.96
49.85
49.65
49.51
49.41
49.29
49.14
49.03
48.90
48.78
48.68
48.56
48.43
48.31
48.19
48.09
47.99
47.86
47.76
47.65
47.53
47.43
47.33
47.22
47.08
46.95
46.84
46.74
46.64
46.52
46.42
46.31
46.20
46.09
45.96
45.87
45.76
