82.90
82.69
82.48
82.28
82.05
81.81
81.61
81.39
81.18
80.85
80.58
80.36
80.10
79.80
79.51
79.20
78.90
78.64
78.33
78.04
77.78
77.44
77.16
76.84
76.52
76.23
75.93
75.65
75.28
74.97
74.72
74.41
74.13
73.81
73.48
73.21
72.89
72.57
72.27
71.93
71.73
71.52
71.30
71.05
70.71
70.36
70.05
69.73
69.42
69.13
68.79
68.45
68.17
67.88
67.58
67.36
67.15
66.81
66.49
66.30
66.08
65.88
65.65
65.45
65.22
65.00
64.81
64.60
64.41
64.20
64.00
63.77
63.59
63.35
63.16
62.96
62.73
62.53
62.32
62.12
61.92
61.71
61.46
61.25
61.03
60.81
60.61
60.37
60.19
59.97
59.73
59.50
59.25
59.05
58.85
58.65
58.44
58.22
58.01
57.80
57.59
57.37
57.18
57.18
57.07
56.91
56.83
56.64
56.51
56.41
56.27
56.18
56.06
55.94
55.83
55.66
55.56
55.44
55.34
55.17
55.07
54.87
54.75
54.66
54.53
54.40
54.32
54.11
53.95
53.84
53.72
53.59
53.46
53.36
53.27
53.12
53.00
52.90
52.79
52.71
52.58
52.44
52.33
52.22
52.11
51.98
51.87
51.76
51.66
51.52
51.41
51.29
51.17
51.06
50.96
50.84
50.75
50.64
50.54
50.42
50.31
50.19
50.11
