72.34
72.12
71.92
71.72
71.50
71.32
71.11
70.90
70.69
70.36
70.07
69.85
69.85
69.74
69.54
69.30
69.11
68.90
68.70
68.49
68.27
68.09
67.85
67.65
67.39
67.15
66.96
66.77
66.55
66.32
66.08
65.85
65.66
65.44
65.23
65.00
64.77
64.57
64.35
64.14
63.91
63.80
63.67
63.53
63.31
63.09
62.88
62.65
62.40
62.20
61.97
61.73
61.49
61.29
61.07
60.88
60.78
60.65
60.46
60.22
60.11
60.02
59.91
59.80
59.68
59.57
59.44
59.36
59.17
59.05
58.96
58.82
58.72
58.60
58.51
58.39
58.26
58.12
58.02
57.92
57.81
57.70
57.61
57.49
57.40
57.32
57.20
57.07
56.95
56.83
56.74
56.62
56.52
56.40
56.28
56.18
56.07
55.95
55.82
55.72
55.60
55.50
55.37
55.24
55.09
54.99
54.87
54.70
54.61
54.50
54.34
54.23
54.10
53.97
53.83
53.69
53.57
53.47
53.35
53.20
53.09
52.92
52.79
52.69
52.54
52.42
52.32
52.14
51.99
51.88
51.77
51.60
51.48
51.36
51.27
51.16
51.02
50.90
50.80
50.68
50.58
50.45
50.32
50.22
50.14
50.00
49.87
49.75
49.64
49.50
49.40
49.31
49.20
49.09
48.96
48.85
48.74
48.63
48.51
48.36
48.27
48.14
48.05
