92.99
92.78
92.56
92.36
92.12
91.92
91.71
91.51
91.29
90.94
90.63
90.39
90.14
89.76
89.55
89.14
88.88
88.52
88.22
87.91
87.60
87.36
86.85
86.46
86.07
85.70
85.34
84.98
84.58
84.38
84.09
83.77
83.43
83.09
82.67
82.44
82.15
81.86
81.58
81.26
81.05
80.85
80.61
80.30
79.98
79.67
79.35
79.03
78.73
78.43
78.10
77.61
77.26
76.89
76.68
76.45
76.24
75.90
75.58
75.36
75.15
74.95
74.69
74.50
74.29
74.06
73.85
73.62
73.42
73.19
72.98
72.77
72.57
72.38
72.17
71.97
71.75
71.54
71.35
71.16
70.95
70.74
70.52
70.31
70.10
69.90
69.66
69.44
69.22
69.00
68.78
68.55
68.32
68.11
67.89
67.70
67.50
67.29
67.09
66.87
66.67
66.47
66.24
65.97
65.74
65.53
65.53
65.43
65.33
65.22
65.07
64.94
64.85
64.73
64.62
64.47
64.37
64.25
64.15
63.98
63.88
63.69
63.57
63.45
63.35
63.24
63.16
62.98
62.83
62.73
62.62
62.48
62.39
62.27
62.19
62.09
61.96
61.85
61.73
61.62
61.50
61.40
61.25
61.13
61.02
60.87
60.75
60.64
60.52
60.40
60.29
60.16
60.05
59.95
59.86
59.73
59.64
59.54
59.43
59.28
59.18
59.09
58.99
