93.95
93.73
93.53
93.31
93.09
92.90
92.70
92.48
92.27
91.90
91.59
91.38
91.10
90.81
90.47
90.15
89.86
89.55
89.23
88.88
88.62
88.25
87.96
87.60
87.31
86.94
86.62
86.33
86.08
85.76
85.36
85.17
84.85
84.51
84.19
83.83
83.53
83.24
82.93
82.63
82.43
82.21
81.88
81.55
81.22
80.93
80.63
80.32
80.10
79.79
79.44
79.17
78.88
78.59
78.25
78.04
77.66
77.28
77.07
76.86
76.66
76.45
76.24
76.04
75.83
75.61
75.40
75.19
74.98
74.76
74.56
74.35
74.14
73.91
73.69
73.46
73.25
73.05
72.84
72.63
72.44
72.22
72.00
71.78
71.60
71.38
71.15
70.92
70.72
70.53
70.30
70.07
69.85
69.68
69.48
69.29
69.09
68.87
68.67
68.46
68.26
67.99
67.81
67.57
67.33
67.13
66.84
66.64
66.46
66.22
66.03
65.80
65.60
65.38
65.38
65.30
65.20
65.09
64.99
64.84
64.75
64.61
64.48
64.35
64.23
64.12
64.01
63.82
63.67
63.57
63.46
63.32
63.23
63.12
63.03
62.89
62.75
62.65
62.52
62.42
62.32
62.21
62.08
61.97
61.86
61.73
61.62
61.50
61.38
61.27
61.15
61.04
60.94
60.85
60.75
60.63
60.53
60.43
60.34
60.21
60.10
59.97
59.86
