95.24
95.03
94.84
94.65
94.45
94.24
94.02
93.79
93.58
93.23
92.90
92.61
92.16
91.79
91.59
91.08
90.65
90.22
89.85
89.64
89.43
89.22
89.02
88.79
88.56
88.35
87.97
87.65
87.29
86.85
86.57
86.21
85.88
85.56
85.37
85.17
84.95
84.74
84.55
84.34
84.13
83.89
83.68
83.49
83.27
83.06
82.85
82.62
82.43
82.23
82.01
81.82
81.62
81.43
81.23
81.00
80.78
80.54
80.34
80.11
79.86
79.66
79.48
79.28
79.01
78.80
78.58
78.39
78.18
77.98
77.79
77.58
77.39
77.18
76.98
76.79
76.56
76.33
76.14
75.91
75.69
75.50
75.28
75.07
74.85
74.62
74.42
74.21
74.01
73.80
73.61
73.42
73.22
73.00
72.78
72.59
72.39
72.21
71.91
71.69
71.51
71.32
71.11
70.91
70.69
70.46
69.99
69.58
69.17
68.77
68.37
67.97
67.60
67.21
67.01
66.82
66.60
66.40
66.16
66.16
66.07
65.94
65.82
65.70
65.61
65.50
65.39
65.30
65.21
65.08
64.97
64.85
64.74
64.65
64.55
64.44
64.35
64.25
64.15
64.07
63.97
63.87
63.76
63.65
63.58
63.48
63.38
63.28
63.16
63.04
62.94
62.84
62.73
62.63
62.55
62.44
62.34
62.24
62.15
62.04
61.94
61.83
61.73
61.63
61.53
61.43
61.33
61.23
61.13
61.03
60.92
60.79
60.66
60.55
60.44
60.33
60.19
60.05
59.95
59.86
59.77
59.65
59.54
59.44
59.34
59.24
59.12
59.01
58.85
58.74
58.65
58.55
58.46
58.35
58.25
58.17
58.07
57.97
57.87
57.78
57.70
57.60
57.50
57.38
57.26
57.17
57.06
56.96
56.86
56.76
56.68
56.57
