79.32
79.12
78.91
78.70
78.52
78.34
78.14
77.94
77.74
77.42
77.00
76.79
76.40
76.04
75.53
75.35
75.02
74.66
74.39
74.07
73.85
73.64
73.43
73.23
73.02
72.77
72.43
72.15
71.81
71.50
71.21
70.89
70.52
70.21
70.21
70.06
69.96
69.86
69.75
69.64
69.52
69.39
69.28
69.17
69.04
68.93
68.81
68.70
68.56
68.45
68.36
68.27
68.16
68.07
67.97
67.86
67.74
67.62
67.53
67.45
67.34
67.18
67.07
66.99
66.91
66.69
66.59
66.49
66.37
66.24
66.16
66.03
65.93
65.81
65.70
65.58
65.48
65.36
65.28
65.16
65.06
64.97
64.87
64.76
64.66
64.56
64.43
64.31
64.22
64.11
64.02
63.91
63.81
63.70
63.58
63.47
63.36
63.27
63.14
62.95
62.83
62.71
62.59
62.49
62.40
62.29
62.20
62.04
61.82
61.58
61.34
61.11
60.86
60.63
60.43
60.20
60.09
60.01
59.91
59.81
59.63
59.51
59.39
59.27
59.15
59.03
58.91
58.80
58.70
58.61
58.50
58.41
58.33
58.21
58.14
58.01
57.91
57.81
57.69
57.57
57.48
57.38
57.27
57.16
57.05
56.96
56.87
56.74
56.65
56.53
56.43
56.34
56.22
56.12
56.04
55.92
55.84
55.72
55.57
55.44
55.33
55.24
55.15
55.05
54.94
54.82
54.72
54.62
54.51
54.40
54.29
54.20
54.09
53.98
53.88
53.75
53.66
53.52
53.41
53.31
53.23
53.12
53.01
52.89
52.79
52.68
52.53
52.37
52.25
52.14
52.05
51.96
51.84
51.73
51.61
51.52
51.43
51.33
51.22
51.12
51.03
50.94
50.83
50.73
50.62
50.53
50.43
50.32
50.21
50.11
50.03
49.92
