89.70
89.48
89.29
89.09
88.89
88.67
88.45
88.21
88.02
87.82
87.46
87.09
86.66
86.31
86.00
85.65
85.33
85.00
84.67
84.37
84.16
83.96
83.76
83.59
83.35
83.12
82.76
82.49
82.13
81.77
81.47
81.13
80.79
80.45
80.16
79.97
79.76
79.55
79.35
79.13
78.92
78.73
78.51
78.31
78.10
77.91
77.71
77.48
77.24
77.05
76.86
76.65
76.47
76.26
76.06
75.86
75.61
75.38
75.18
75.00
74.70
74.49
74.30
74.08
73.80
73.58
73.37
73.18
72.96
72.77
72.57
72.36
72.15
71.92
71.65
71.45
71.21
71.03
70.83
70.65
70.44
70.24
70.05
69.85
69.65
69.44
69.24
69.03
68.83
68.63
68.43
68.21
67.99
67.78
67.58
67.37
67.15
66.94
66.67
66.42
66.24
66.04
65.85
65.61
65.40
65.20
65.20
65.10
64.86
64.63
64.39
64.16
63.99
63.74
63.55
63.28
63.17
63.07
62.96
62.85
62.71
62.62
62.50
62.38
62.27
62.15
62.04
61.95
61.82
61.71
61.61
61.47
61.38
61.27
61.19
61.10
61.00
60.90
60.79
60.68
60.56
60.45
60.35
60.25
60.15
60.02
59.92
59.78
59.66
59.56
59.47
59.37
59.26
59.17
59.05
58.94
58.84
58.76
58.66
58.54
58.43
58.33
58.24
58.12
58.01
57.92
57.80
57.70
57.59
57.49
57.38
57.28
57.15
57.05
56.96
56.84
56.75
56.61
56.50
56.40
56.28
56.17
56.06
55.96
55.87
55.77
55.60
55.50
55.38
55.29
55.19
55.09
54.99
54.88
54.76
54.65
54.54
54.45
54.34
54.22
54.11
54.02
53.92
53.82
53.73
53.62
53.49
53.38
53.28
53.18
53.09
52.98
