94.91
94.68
94.49
94.32
94.11
93.91
93.71
93.47
93.27
93.07
92.73
92.37
91.95
91.60
91.29
90.96
90.65
90.31
90.02
89.69
89.46
89.27
89.07
88.89
88.66
88.48
88.17
87.90
87.58
87.21
86.86
86.54
86.18
85.89
85.54
85.34
85.15
84.92
84.71
84.51
84.27
84.07
83.87
83.67
83.45
83.24
83.02
82.83
82.63
82.43
82.22
82.01
81.82
81.61
81.40
81.22
81.02
80.81
80.60
80.42
80.07
79.86
79.66
79.47
79.20
79.00
78.80
78.61
78.38
78.16
77.97
77.77
77.56
77.36
77.13
76.94
76.70
76.51
76.29
76.08
75.85
75.65
75.42
75.22
74.99
74.80
74.59
74.38
74.19
73.97
73.77
73.56
73.37
73.19
72.98
72.78
72.57
72.34
72.02
71.79
71.59
71.37
71.17
70.98
70.73
70.53
70.24
69.91
69.59
69.59
69.44
69.22
69.01
68.79
68.58
68.32
68.22
68.14
68.03
67.93
67.74
67.60
67.50
67.40
67.27
67.16
67.06
66.96
66.86
66.75
66.66
66.52
66.43
66.31
66.22
66.12
66.00
65.90
65.78
65.66
65.52
65.41
65.30
65.21
65.13
65.03
64.94
64.84
64.74
64.64
64.51
64.37
64.26
64.17
64.05
63.94
63.82
63.73
63.61
63.50
63.39
63.31
63.20
63.09
62.97
62.86
62.75
62.64
62.55
62.44
62.31
62.22
62.08
61.98
61.87
61.73
61.63
61.51
61.38
61.28
61.17
61.04
60.91
60.81
60.71
60.62
60.49
60.39
60.28
60.17
60.08
59.99
59.88
59.73
59.66
59.55
59.43
59.32
59.23
59.14
59.03
58.93
58.82
58.72
58.62
58.53
58.44
58.32
58.22
58.13
58.03
57.92
