77.24
77.01
76.76
76.56
76.34
76.16
75.94
75.70
75.50
75.11
74.75
74.36
74.36
74.01
73.67
73.54
73.04
72.71
72.38
72.05
71.97
71.83
71.74
71.65
71.54
71.44
71.04
70.74
70.43
70.06
69.74
69.64
69.40
69.15
68.95
68.70
68.60
68.49
68.40
68.29
68.19
68.06
67.94
67.82
67.72
67.61
67.51
67.41
67.32
67.23
67.14
67.04
66.94
66.85
66.75
66.64
66.52
66.39
66.27
66.17
66.07
65.90
65.79
65.68
65.58
65.39
65.27
65.14
65.04
64.94
64.84
64.75
64.64
64.55
64.41
64.30
64.20
64.12
63.99
63.90
63.80
63.71
63.58
63.47
63.38
63.25
63.15
63.03
62.91
62.77
62.68
62.57
62.44
62.31
62.17
62.08
61.98
61.86
61.77
61.59
61.49
61.38
61.30
61.22
61.12
61.03
60.92
60.76
60.53
60.29
60.09
59.86
59.64
59.40
59.17
58.88
58.77
58.67
58.56
58.42
58.21
58.10
57.99
57.89
57.79
57.69
57.57
57.47
57.36
57.24
57.13
56.99
56.89
56.79
56.69
56.58
56.48
56.38
56.28
56.18
56.05
55.96
55.89
55.80
55.72
55.63
55.51
55.41
55.29
55.17
55.05
54.94
54.83
54.72
54.62
54.51
54.42
54.32
54.22
54.10
53.98
53.88
53.79
53.68
53.59
53.47
53.36
53.21
53.11
53.02
52.91
52.77
52.67
52.59
52.49
52.37
52.25
52.12
52.01
51.90
51.77
51.65
51.55
51.45
51.34
51.20
51.07
50.95
50.86
50.74
50.64
50.55
50.45
50.33
50.20
50.11
50.00
49.90
49.78
49.68
49.58
49.47
49.38
49.30
49.19
49.09
48.98
48.87
48.79
48.70
48.60
48.48
