98.20
97.98
97.76
97.54
97.30
96.97
96.68
96.33
96.03
95.69
95.39
95.07
94.76
94.42
94.03
93.65
93.36
93.02
92.70
92.35
92.07
91.77
91.43
91.07
90.75
90.38
90.12
89.77
89.42
89.01
88.68
88.35
88.09
87.78
87.42
87.13
86.88
86.64
86.35
86.04
85.72
85.43
85.14
84.79
84.41
84.15
83.81
83.58
83.23
82.93
82.60
82.33
82.09
81.88
81.66
81.40
81.18
80.93
80.60
80.41
80.09
79.86
79.64
79.40
79.17
78.86
78.57
78.33
78.02
77.78
77.46
77.24
77.01
76.78
76.56
76.30
76.01
75.78
75.57
75.34
75.10
74.87
74.67
74.44
74.23
74.02
73.83
73.57
73.30
73.09
72.72
72.51
72.25
72.02
71.78
71.46
71.23
71.03
70.70
70.32
70.03
69.71
69.40
69.14
68.78
68.55
68.31
67.99
67.63
67.33
67.03
66.84
66.60
66.25
65.91
65.62
65.39
65.06
64.78
64.53
64.53
64.34
64.21
64.03
63.88
63.73
63.54
63.34
63.16
62.99
62.80
62.69
62.54
62.39
62.27
62.18
62.05
61.89
61.72
61.50
61.38
61.19
60.94
60.80
60.66
60.56
60.44
60.33
60.19
60.07
59.93
59.79
59.59
59.45
59.31
59.15
59.00
58.87
58.77
58.68
58.47
58.35
58.17
58.09
57.98
57.85
57.67
57.54
