98.52
98.26
98.05
97.83
97.52
97.20
96.89
96.65
96.34
96.02
95.72
95.43
95.10
94.77
94.34
94.06
93.80
93.51
93.19
92.81
92.50
92.17
91.88
91.57
91.22
90.85
90.52
90.23
89.94
89.59
89.26
88.90
88.65
88.35
88.00
87.66
87.34
87.08
86.85
86.52
86.21
85.93
85.58
85.34
85.00
84.56
84.28
84.01
83.68
83.37
83.06
82.82
82.60
82.40
82.21
81.98
81.77
81.54
81.28
81.04
80.79
80.58
80.31
80.11
79.86
79.65
79.35
79.11
78.78
78.48
78.13
77.90
77.66
77.38
77.09
76.82
76.55
76.31
76.09
75.87
75.67
75.45
75.22
74.99
74.77
74.52
74.28
74.08
73.80
73.57
73.28
73.08
73.08
72.93
72.79
72.66
72.45
72.31
71.95
71.59
71.13
70.82
70.72
70.28
70.19
69.87
69.71
69.33
68.96
68.56
68.22
68.13
68.02
67.82
67.60
67.38
67.16
67.04
66.77
66.54
66.37
66.17
66.03
65.87
65.70
65.47
65.26
65.10
64.97
64.78
64.60
64.48
64.38
64.23
64.12
63.98
63.81
63.69
63.52
63.30
63.19
62.99
62.76
62.63
62.51
62.40
62.29
62.14
62.03
61.92
61.75
61.62
61.46
61.34
61.21
61.08
60.95
60.81
60.70
60.55
60.37
60.26
60.12
60.00
59.89
59.80
59.65
59.53
