98.95
98.69
98.47
98.25
97.98
97.66
97.29
96.97
96.64
96.28
95.96
95.65
95.31
94.99
94.64
94.25
93.95
93.63
93.29
92.97
92.67
92.37
92.01
91.68
91.22
91.02
90.72
90.37
90.06
89.74
89.42
89.12
88.83
88.44
88.08
87.73
87.50
87.25
87.01
86.71
86.38
86.07
85.71
85.33
84.96
84.65
84.34
84.14
83.73
83.38
83.06
82.76
82.51
82.23
81.99
81.77
81.57
81.34
81.02
80.82
80.59
80.34
80.11
79.88
79.63
79.36
79.11
78.84
78.53
78.20
77.87
77.65
77.41
77.17
76.94
76.71
76.44
76.16
75.94
75.72
75.50
75.28
75.06
74.80
74.57
74.38
74.13
73.89
73.67
73.30
73.05
72.86
72.55
72.29
71.88
71.67
71.44
71.18
70.59
70.23
69.89
69.49
69.26
68.97
68.53
68.16
67.80
67.58
67.17
66.83
66.55
66.17
65.72
65.31
64.92
64.70
64.31
64.06
63.73
63.49
63.16
62.90
62.65
62.43
62.14
61.86
61.57
61.32
61.02
61.02
60.90
60.78
60.64
60.52
60.41
60.28
60.14
60.03
59.87
59.67
59.56
59.35
59.11
59.02
58.88
58.72
58.61
58.48
58.36
58.15
58.00
57.86
57.74
57.63
57.45
57.31
57.15
57.00
56.90
56.78
56.63
56.51
56.40
56.26
56.14
56.04
55.87
55.74
