97.43
97.17
97.00
96.79
96.51
96.18
95.87
95.55
95.18
94.78
94.59
94.14
93.73
93.52
93.12
92.74
92.43
92.08
91.75
91.45
91.13
90.77
90.45
90.12
89.65
89.42
89.11
88.81
88.52
88.18
87.87
87.57
87.29
87.02
86.65
86.37
86.00
85.77
85.48
85.16
84.86
84.52
84.19
83.91
83.56
83.31
82.97
82.72
82.39
82.07
81.76
81.51
81.28
81.09
80.86
80.66
80.43
80.20
79.98
79.74
79.42
79.21
78.99
78.76
78.55
78.30
77.97
77.72
77.41
77.13
76.80
76.60
76.39
76.17
75.93
75.64
75.41
75.10
74.89
74.68
74.46
74.25
74.03
73.83
73.60
73.37
73.14
72.87
72.60
72.37
72.04
71.80
71.57
71.35
71.11
70.78
70.57
70.31
70.31
70.15
69.93
69.71
69.49
69.28
69.09
68.90
68.67
68.48
68.25
68.02
67.79
67.58
67.46
67.26
66.96
66.77
66.58
66.44
66.17
65.96
65.79
65.59
65.49
65.34
65.13
65.02
64.78
64.64
64.48
64.30
64.14
64.02
63.91
63.79
63.71
63.56
63.37
63.25
63.10
62.87
62.76
62.55
62.36
62.26
62.14
62.01
61.92
61.78
61.67
61.55
61.36
61.24
61.10
60.96
60.83
60.71
60.56
60.44
60.31
60.20
59.97
59.84
59.67
59.54
59.41
59.29
59.13
59.02
