97.90
97.65
97.43
97.21
97.00
96.61
96.36
95.89
95.58
95.22
94.88
94.59
94.21
93.88
93.38
93.05
92.73
92.34
91.97
91.66
91.32
91.02
90.74
90.45
90.04
89.72
89.44
89.13
88.84
88.51
88.18
87.95
87.67
87.35
86.98
86.67
86.33
86.11
85.71
85.36
85.06
84.73
84.41
84.12
83.81
83.50
83.31
83.11
82.80
82.44
82.11
81.83
81.53
81.29
81.04
80.84
80.58
80.35
80.12
79.87
79.60
79.39
79.14
78.93
78.72
78.46
78.20
78.00
77.68
77.37
77.03
76.81
76.60
76.40
76.17
75.89
75.59
75.32
75.13
74.90
74.67
74.42
74.21
73.94
73.71
73.49
73.26
73.02
72.77
72.48
72.17
71.92
71.62
71.38
71.12
70.83
70.63
70.39
70.09
69.80
69.53
69.24
68.93
68.63
68.36
68.06
67.78
67.42
67.08
66.78
66.53
66.28
66.00
65.62
65.30
64.97
64.73
64.38
64.08
63.85
63.52
63.29
62.97
62.73
62.48
62.19
61.95
61.62
61.35
61.10
60.85
60.61
60.41
60.22
60.01
59.77
59.51
59.24
58.95
58.73
58.42
58.42
58.24
58.11
57.95
57.81
57.70
57.58
57.47
57.34
57.19
57.07
56.91
56.79
56.67
56.57
56.41
56.26
56.14
56.01
55.78
55.65
55.47
55.37
55.28
55.16
55.01
54.89
