99.00
98.77
98.60
98.37
98.12
97.78
97.46
97.09
96.75
96.43
96.02
95.72
95.39
95.17
94.75
94.43
94.11
93.76
93.40
92.96
92.67
92.36
92.03
91.67
91.33
91.00
90.68
90.36
90.07
89.74
89.45
89.18
88.89
88.56
88.16
87.86
87.56
87.33
87.09
86.81
86.52
86.27
85.92
85.58
85.23
84.94
84.63
84.41
84.12
83.79
83.49
83.20
82.92
82.71
82.46
82.21
81.98
81.74
81.52
81.30
81.04
80.83
80.60
80.40
80.16
79.90
79.63
79.43
79.07
78.76
78.41
78.18
77.93
77.70
77.50
77.27
76.99
76.71
76.49
76.30
76.09
75.87
75.63
75.38
75.15
74.89
74.66
74.40
74.16
73.83
73.58
73.37
73.10
72.85
72.49
72.30
72.08
71.87
71.32
71.09
70.81
70.26
70.04
69.76
69.38
69.04
68.66
68.47
68.08
67.75
67.44
67.21
66.84
66.50
66.28
65.99
65.62
65.23
64.98
64.55
64.32
63.93
63.70
63.50
63.25
62.98
62.65
62.45
62.45
62.32
62.14
62.02
61.88
61.74
61.64
61.55
61.42
61.27
61.11
60.91
60.79
60.60
60.41
60.21
60.08
59.97
59.88
59.74
59.60
59.47
59.31
59.15
58.98
58.86
58.76
58.58
58.45
58.34
58.20
58.06
57.89
57.75
57.58
57.45
57.32
57.17
56.93
56.83
