98.60
98.33
98.12
97.87
97.67
97.37
97.02
96.64
96.30
95.98
95.66
95.39
95.07
94.74
94.35
93.99
93.67
93.39
93.03
92.71
92.40
92.11
91.81
91.49
91.13
90.82
90.56
90.29
89.97
89.66
89.32
89.02
88.77
88.41
88.05
87.72
87.44
87.17
86.95
86.69
86.40
86.09
85.71
85.37
85.03
84.69
84.37
84.12
83.83
83.53
83.20
82.95
82.70
82.48
82.23
81.99
81.77
81.51
81.27
81.07
80.81
80.57
80.32
80.05
79.85
79.60
79.33
79.14
78.84
78.54
78.15
77.90
77.67
77.45
77.24
76.98
76.60
76.38
76.17
75.95
75.74
75.50
75.30
75.06
74.80
74.61
74.36
74.12
73.86
73.59
73.24
73.00
72.76
72.53
72.24
72.24
72.07
71.96
71.82
71.54
71.31
71.12
70.91
70.70
70.51
70.36
70.05
69.84
69.65
69.40
69.19
69.00
68.89
68.68
68.40
68.15
67.91
67.78
67.55
67.33
67.20
66.95
66.82
66.62
66.48
66.32
66.17
65.97
65.83
65.67
65.46
65.37
65.22
65.10
64.97
64.87
64.69
64.58
64.45
64.27
64.14
63.94
63.72
63.59
63.39
63.25
63.13
62.99
62.86
62.72
62.52
62.34
62.15
62.03
61.93
61.79
61.66
61.56
61.42
61.31
61.10
60.97
60.84
60.71
60.58
60.48
60.25
60.15
