96.52
96.26
96.04
95.82
95.63
95.17
94.96
94.53
94.15
93.90
93.46
93.09
92.84
92.35
91.88
91.47
91.12
90.88
90.33
90.00
89.63
89.26
88.89
88.51
88.26
87.79
87.41
87.05
86.53
86.12
85.93
85.59
85.28
84.95
84.68
84.35
84.01
83.77
83.54
83.54
83.40
83.16
82.98
82.75
82.56
82.31
82.08
81.86
81.75
81.58
81.37
81.19
81.05
80.93
80.77
80.64
80.50
80.33
80.17
80.02
79.90
79.74
79.59
79.46
79.32
79.19
79.07
78.88
78.75
78.43
78.23
77.95
77.81
77.69
77.59
77.42
77.24
77.07
76.86
76.73
76.63
76.51
76.39
76.30
76.16
76.04
75.84
75.73
75.62
75.48
75.32
75.14
75.04
74.92
74.79
74.67
74.47
74.34
74.24
73.96
73.69
73.55
73.33
73.12
72.90
72.75
72.51
72.33
72.09
71.87
71.63
71.44
71.33
71.17
70.91
70.74
70.50
70.37
70.14
69.88
69.73
69.53
69.41
69.18
69.06
68.86
68.68
68.54
68.39
68.22
68.03
67.85
67.73
67.63
67.52
67.41
67.24
67.07
66.98
66.75
66.64
66.44
66.21
66.09
65.96
65.82
65.74
65.59
65.51
65.36
65.19
65.09
64.94
64.80
64.67
64.52
64.38
64.26
64.12
64.02
63.84
63.71
63.62
63.48
63.34
63.25
63.02
62.86
