98.36
98.11
97.89
97.66
97.38
97.10
96.73
96.37
95.99
95.68
95.32
95.02
94.69
94.30
93.93
93.52
93.21
92.92
92.58
92.20
91.87
91.46
91.15
90.85
90.52
90.22
89.93
89.61
89.27
88.92
88.60
88.30
88.03
87.74
87.45
87.10
86.81
86.61
86.31
86.02
85.75
85.44
85.06
84.80
84.49
84.18
83.85
83.61
83.23
82.93
82.54
82.30
82.03
81.83
81.58
81.39
81.17
80.96
80.72
80.49
80.23
79.96
79.70
79.45
79.21
78.93
78.65
78.39
78.06
77.80
77.45
77.24
76.98
76.72
76.51
76.26
75.93
75.64
75.44
75.23
74.98
74.76
74.54
74.34
74.11
73.90
73.66
73.46
73.21
72.97
72.63
72.42
72.14
71.89
71.68
71.37
71.18
70.94
70.62
70.25
70.01
69.71
69.43
69.11
68.79
68.50
68.19
67.89
67.55
67.24
66.95
66.74
66.49
66.07
65.75
65.38
65.14
64.79
64.47
64.22
63.88
63.67
63.41
63.15
62.93
62.93
62.79
62.59
62.41
62.23
62.06
61.93
61.81
61.68
61.57
61.47
61.30
61.14
61.01
60.82
60.70
60.47
60.24
60.13
60.00
59.87
59.75
59.60
59.51
59.35
59.20
59.10
58.97
58.82
58.69
58.58
58.49
58.37
58.25
58.16
57.94
57.84
57.69
57.56
57.46
57.36
57.15
57.01
