97.05
96.80
96.59
96.38
96.18
95.88
95.57
95.24
94.88
94.40
94.15
94.15
93.82
93.47
93.36
92.83
92.71
92.32
92.20
91.92
91.59
91.34
91.14
90.98
90.77
90.51
90.31
90.10
89.90
89.70
89.48
89.29
89.08
88.90
88.71
88.52
88.33
88.14
88.01
87.87
87.73
87.51
87.36
87.09
86.85
86.62
86.38
86.16
86.04
85.81
85.62
85.39
85.24
85.11
85.00
84.85
84.69
84.59
84.45
84.30
84.19
84.05
83.91
83.79
83.68
83.56
83.42
83.26
83.11
82.84
82.65
82.41
82.27
82.10
81.95
81.75
81.60
81.38
81.20
81.10
81.00
80.88
80.76
80.66
80.52
80.41
80.19
80.05
79.89
79.75
79.55
79.41
79.30
79.12
78.98
78.83
78.63
78.51
78.38
78.11
77.89
77.65
77.45
77.27
77.05
76.94
76.71
76.48
76.23
75.97
75.73
75.53
75.41
75.21
74.97
74.77
74.55
74.39
74.19
73.99
73.83
73.63
73.48
73.25
73.09
72.95
72.81
72.68
72.46
72.31
72.11
71.98
71.85
71.69
71.59
71.47
71.30
71.15
71.05
70.86
70.75
70.55
70.33
70.20
70.07
69.93
69.80
69.66
69.54
69.43
69.28
69.16
69.00
68.87
68.78
68.63
68.48
68.34
68.20
68.10
67.94
67.81
67.67
67.53
67.43
67.32
67.12
67.02
