1	50.08	50.35	50.38	50.57	50.50	50.72	50.81	50.86	51.04	51.16	48.75	51.13	48.89	49.17	49.38	49.38	49.66	49.69	49.90	50.00
2	49.84	50.09	50.15	50.36	50.29	50.50	50.57	50.61	50.80	50.91	48.51	50.89	48.64	48.95	49.12	49.13	49.43	49.45	49.68	49.78
3	49.62	49.89	49.89	50.11	50.05	50.27	50.34	50.37	50.54	50.66	48.29	50.66	48.37	48.72	48.88	48.92	49.20	49.19	49.44	49.52
4	49.33	49.60	49.62	49.84	49.77	49.99	50.09	50.10	50.29	50.36	48.07	50.41	48.08	48.41	48.63	48.65	48.91	48.92	49.16	49.27
5	49.07	49.30	49.38	49.60	49.45	49.48	49.84	49.80	49.95	50.05	47.76	50.15	47.82	48.19	48.35	48.34	48.46	48.64	48.85	48.96
6	48.55	48.92	48.96	49.18	49.05	49.25	49.47	49.47	49.57	49.58	47.29	49.78	47.30	47.74	47.94	47.96	48.23	48.28	48.48	48.53
7	48.25	48.35	48.61	48.78	48.68	48.88	49.15	49.12	49.22	49.24	46.90	49.26	46.93	47.32	47.58	47.47	47.79	47.87	48.08	48.16
8	47.80	48.11	48.31	48.41	48.30	48.53	48.80	48.79	48.85	48.89	46.90	48.89	46.56	46.88	47.21	47.16	47.45	47.35	47.76	47.78
9	47.60	47.68	47.99	48.10	47.96	48.17	48.52	48.48	48.59	48.58	46.73	48.44	46.26	46.65	46.91	46.78	47.11	47.12	47.42	47.49
10	47.28	47.31	47.67	47.81	47.69	47.83	48.23	48.19	48.32	48.23	46.44	48.09	45.99	46.36	46.62	46.49	46.77	46.83	47.07	47.16
11	46.99	47.11	47.37	47.50	47.40	47.54	47.95	47.90	48.02	47.94	46.21	47.73	45.68	46.06	46.31	46.13	46.49	46.52	46.76	46.84
12	46.63	46.65	47.06	47.21	47.09	47.22	47.66	47.57	47.70	47.59	46.01	47.49	45.36	45.76	45.96	45.94	46.29	46.21	46.47	46.51
13	46.35	46.40	46.75	46.92	46.79	46.90	47.38	47.24	47.37	47.29	45.78	47.02	45.09	45.39	45.63	45.51	45.90	45.87	46.19	46.17
14	46.05	46.11	46.46	46.60	46.47	46.61	47.04	46.90	47.07	46.96	45.57	46.82	44.85	45.08	45.32	45.34	45.68	45.57	45.83	45.82
15	45.83	45.86	46.19	46.39	46.20	46.39	46.82	46.66	46.71	46.72	45.36	46.62	44.50	44.82	45.08	44.99	45.40	45.35	45.62	45.44
16	45.52	45.52	45.90	46.09	45.90	46.06	46.40	46.35	46.49	46.37	45.23	46.29	44.27	44.53	44.82	44.77	45.07	45.05	45.32	45.22
17	45.23	45.26	45.64	45.82	45.61	45.80	46.16	46.07	46.22	46.13	45.02	46.00	44.00	44.23	44.50	44.49	44.81	44.77	45.04	44.98
18	44.97	45.07	45.40	45.62	45.40	45.56	45.93	45.85	45.78	45.89	44.90	45.79	43.76	43.94	44.25	44.28	44.56	44.51	44.82	44.62
19	44.58	44.71	45.08	45.32	45.08	45.32	45.64	45.40	45.43	45.61	44.79	45.44	43.46	43.56	43.89	44.01	44.24	44.22	44.58	44.40
20	44.29	44.40	44.76	45.01	44.82	45.03	45.33	45.05	45.08	45.32	44.55	45.13	43.16	43.31	43.59	43.53	43.91	43.91	44.28	44.11
21	44.03	44.12	44.45	44.69	44.50	44.69	45.05	44.86	44.66	45.00	44.14	44.82	42.86	42.98	43.28	43.21	43.60	43.57	43.96	43.70
22	43.65	43.79	44.11	44.33	44.16	44.33	44.64	44.33	44.26	44.67	43.79	44.45	42.50	42.68	42.91	42.79	43.27	43.21	43.58	43.39
23	43.36	43.40	43.76	44.00	43.79	44.01	44.26	44.03	43.89	44.35	43.39	44.07	42.16	42.29	42.48	42.32	42.93	42.86	43.20	43.14
24	42.98	43.06	43.46	43.66	43.45	43.63	43.89	43.69	43.52	43.99	43.00	43.68	41.79	42.04	42.10	41.89	42.66	42.47	42.84	42.71
25	42.69	42.78	43.06	43.42	43.12	43.30	43.52	43.40	43.14	43.67	42.65	43.36	41.53	41.64	41.75	41.70	42.31	42.18	42.53	42.44
26	42.39	42.46	42.72	43.14	42.86	43.02	43.25	43.14	42.79	43.39	42.51	43.12	41.21	41.33	41.49	41.41	41.97	41.93	42.16	42.09
27	42.10	42.16	42.43	42.76	42.59	42.71	42.97	42.86	42.58	43.07	42.30	42.84	40.89	41.01	41.16	41.14	41.69	41.63	41.83	41.68
28	41.82	41.79	42.12	42.44	42.22	42.40	42.69	42.55	42.23	42.77	42.09	42.51	40.47	40.79	40.80	40.76	41.22	41.27	41.50	41.46
29	41.50	41.47	41.82	42.12	41.90	42.06	42.33	42.25	41.93	42.47	41.86	42.18	40.20	40.42	40.46	40.47	40.87	40.90	41.16	41.01
30	41.22	41.15	41.53	41.78	41.63	41.72	42.04	41.93	41.66	42.16	41.64	41.87	39.88	40.18	40.18	40.14	40.50	40.60	40.85	40.81
31	40.87	40.78	41.18	41.41	41.26	41.31	41.68	41.60	41.34	41.83	41.44	41.59	39.54	39.88	39.80	39.83	40.07	40.28	40.55	40.47
32	40.58	40.47	40.85	41.09	40.94	40.98	41.37	41.29	41.00	41.55	41.24	41.29	39.34	39.62	39.47	39.51	39.88	39.94	40.28	40.15
33	40.28	40.18	40.58	40.83	40.69	40.69	41.09	41.00	40.72	41.31	41.06	41.02	39.34	39.37	39.23	39.25	39.63	39.66	39.97	39.88
34	40.00	39.93	40.09	40.56	40.44	40.42	40.77	40.73	40.43	41.02	40.90	40.78	39.24	39.07	39.00	39.00	39.36	39.41	39.61	39.61
35	39.70	39.53	39.75	40.23	40.12	40.06	40.48	40.39	39.97	40.71	40.75	40.48	39.05	38.70	38.67	38.67	39.03	39.09	39.30	39.31
36	39.29	39.22	39.33	39.74	39.71	39.62	40.03	39.84	39.66	40.28	40.46	40.08	38.84	38.30	38.24	38.24	38.63	38.70	38.97	38.87
37	39.00	38.94	38.97	39.56	39.38	39.30	39.73	39.59	39.41	39.97	40.17	39.78	38.58	37.96	37.93	37.97	38.33	38.38	38.62	38.55
38	38.67	38.63	38.73	39.17	39.06	39.02	39.39	39.14	39.09	39.66	40.01	39.46	38.36	37.59	37.58	37.62	37.95	38.11	38.34	38.24
39	38.38	38.33	38.42	38.98	38.77	38.71	39.01	38.88	38.80	39.36	39.83	38.99	38.18	37.31	37.28	37.35	37.64	37.83	38.04	37.94
40	38.08	37.99	38.13	38.52	38.45	38.35	38.69	38.52	38.47	39.04	39.60	38.64	37.98	37.01	36.97	37.01	37.28	37.56	37.70	37.62
41	37.78	37.68	37.85	38.20	38.17	38.03	38.32	38.20	38.16	38.71	39.37	38.30	37.79	36.68	36.72	37.01	36.95	37.30	37.45	37.32
42	37.49	37.39	37.54	37.83	37.71	37.67	37.94	37.83	37.81	38.37	39.21	37.97	37.53	36.42	36.40	36.83	36.61	36.98	37.17	37.02
43	37.12	37.09	37.20	37.61	37.43	37.37	37.64	37.64	37.46	37.86	38.96	37.59	37.35	36.12	36.07	36.66	36.33	36.69	36.83	36.68
44	36.81	36.77	36.86	37.15	37.11	37.09	37.26	37.20	37.15	37.45	38.75	37.30	37.13	35.79	35.69	36.45	35.98	36.35	36.48	36.33
45	36.49	36.34	36.58	36.85	36.81	36.80	36.97	36.87	36.83	37.09	38.54	36.99	36.90	35.47	35.36	36.21	35.65	36.01	36.17	35.92
46	36.19	36.00	36.23	36.62	36.54	36.46	36.76	36.65	36.36	36.73	38.32	36.64	36.75	35.02	34.94	35.98	35.29	35.70	35.81	35.62
47	35.91	35.61	35.85	36.20	36.21	36.06	36.28	36.14	36.05	36.47	38.10	36.25	36.52	34.71	34.61	35.76	34.93	35.27	35.38	35.18
48	35.65	35.29	35.54	35.99	35.88	35.77	35.93	35.93	35.60	36.19	37.78	35.92	36.28	34.40	34.22	35.52	34.65	34.95	35.09	34.84
49	35.33	34.95	35.22	35.52	35.56	35.45	35.54	35.54	35.35	35.84	37.62	35.56	36.03	34.11	33.99	35.31	34.32	34.61	34.77	34.55
50	34.99	34.74	34.92	35.29	35.26	35.14	35.34	35.30	34.95	35.54	37.39	35.22	35.85	33.76	33.60	35.07	34.03	34.33	34.45	34.35
51	34.67	34.45	34.62	34.98	34.89	34.87	34.92	35.00	34.73	35.26	37.20	34.88	35.67	33.47	33.39	34.78	33.74	34.09	34.12	34.08
52	34.40	34.14	34.33	34.66	34.59	34.61	34.72	34.73	34.31	34.98	36.98	34.54	35.43	33.14	32.98	34.55	33.39	33.82	33.79	33.79
53	34.07	33.80	34.05	34.34	34.24	34.28	34.20	34.38	34.09	34.64	36.80	34.23	35.20	32.78	32.79	34.30	33.08	33.46	33.43	33.50
54	33.80	33.44	33.70	34.03	33.91	34.01	34.00	34.08	33.62	34.36	36.51	33.89	35.01	32.48	32.79	34.06	32.79	33.07	33.11	33.17
55	33.57	33.14	33.40	33.77	33.69	33.72	33.66	33.76	33.21	34.07	36.22	33.70	34.80	32.18	32.45	33.87	32.51	32.69	32.84	32.89
56	33.22	32.84	33.02	33.41	33.37	33.45	33.29	33.42	32.80	33.73	36.03	33.39	34.63	31.81	32.05	33.60	32.19	32.30	32.50	32.52
57	32.90	32.51	32.71	33.11	33.08	33.11	32.99	33.09	32.56	33.42	35.83	33.09	34.40	31.50	31.72	33.33	31.88	31.95	32.17	32.19
58	32.69	32.27	32.49	32.81	32.87	32.89	32.78	32.85	32.34	33.05	35.62	32.88	34.18	31.27	31.58	33.13	31.67	31.73	31.95	31.99
59	32.38	32.00	32.17	32.57	32.54	32.62	32.51	32.54	32.05	32.87	35.50	32.61	34.05	30.96	31.50	33.01	31.40	31.47	31.60	31.74
60	32.14	31.76	31.97	32.25	32.32	32.43	32.30	32.31	31.81	32.48	35.32	32.41	33.91	30.74	31.30	32.83	31.19	31.25	31.37	31.53
62	31.83	31.40	31.72	31.92	32.04	32.16	31.97	31.95	31.40	32.08	35.21	32.14	33.78	30.74	31.16	32.69	30.82	30.94	31.05	31.24
63	31.54	31.10	31.40	31.60	31.71	31.85	31.68	31.62	31.19	31.72	35.05	31.82	33.61	30.60	30.97	32.49	30.51	30.61	30.72	30.89
64	31.21	30.77	31.04	31.31	31.41	31.54	31.34	31.28	30.83	31.25	34.86	31.53	33.42	30.39	30.73	32.25	30.19	30.22	30.39	30.56
65	30.84	30.38	30.67	30.83	31.05	31.20	31.00	30.93	30.40	30.90	34.61	31.14	33.22	30.16	30.53	32.01	29.79	29.88	29.97	30.19
66	30.52	30.09	30.37	30.53	30.77	30.88	30.73	30.64	30.08	30.55	34.32	30.87	32.94	29.86	30.27	31.76	29.51	29.59	29.63	29.90
67	30.13	29.76	29.99	30.23	30.38	30.57	30.35	30.21	29.72	30.16	34.13	30.56	32.71	29.62	30.08	31.56	29.17	29.28	29.32	29.62
68	29.81	29.50	29.71	29.89	30.09	30.25	30.05	29.86	29.35	29.81	33.86	30.24	32.46	29.35	29.83	31.32	28.84	28.97	28.99	29.32
69	29.49	29.15	29.42	29.50	29.82	29.94	29.73	29.55	29.15	29.52	33.64	29.92	32.27	29.16	29.58	31.08	28.50	28.66	28.67	29.00
70	29.18	28.84	29.13	29.13	29.54	29.66	29.41	29.24	28.79	29.32	33.40	29.66	32.05	28.97	29.35	30.87	28.20	28.36	28.41	28.69
71	28.86	28.47	28.81	28.74	29.25	29.34	29.04	28.89	28.43	29.00	33.20	29.28	31.89	28.79	29.16	30.69	27.81	28.02	28.10	28.29
72	28.58	28.21	28.55	28.52	28.97	29.07	28.79	28.63	28.23	28.77	32.95	29.02	31.65	28.49	28.91	30.42	27.57	27.68	27.82	27.99
73	28.36	28.00	28.32	28.32	28.76	28.86	28.55	28.41	28.02	28.57	32.74	28.80	31.45	28.32	28.74	30.26	27.35	27.45	27.61	27.78
74	28.14	27.79	28.07	28.08	28.57	28.63	28.37	28.15	27.79	28.34	32.61	28.58	31.30	28.20	28.63	30.12	27.10	27.21	27.39	27.56
75	27.86	27.50	27.77	27.81	28.29	28.35	28.13	27.86	27.54	28.04	32.47	28.31	31.16	28.06	28.52	30.00	27.10	26.94	27.09	27.30
76	27.64	27.23	27.56	27.52	28.08	28.14	27.91	27.62	27.32	27.78	32.28	28.11	30.98	27.87	28.36	29.85	26.99	26.73	26.88	27.06
77	27.43	27.03	27.35	27.31	27.83	27.93	27.71	27.39	27.07	27.56	32.16	27.89	30.86	27.77	28.18	29.71	26.87	26.53	26.69	26.86
78	27.16	26.71	27.05	27.02	27.50	27.66	27.46	27.01	26.81	27.30	32.03	27.61	30.71	27.61	28.09	29.59	26.75	26.22	26.34	26.61
79	26.97	26.49	26.80	26.85	27.27	27.43	27.28	26.82	26.57	27.08	31.84	27.35	30.48	27.42	27.89	29.31	26.54	26.05	26.13	26.41
80	26.65	26.14	26.52	26.58	26.97	27.11	26.97	26.50	26.23	26.78	31.74	27.06	30.33	27.31	27.75	29.19	26.45	25.77	25.81	26.15
81	26.45	25.94	26.31	26.36	26.78	26.91	26.77	26.28	26.01	26.56	31.46	26.88	30.14	27.18	27.55	28.97	26.22	25.54	25.59	25.95
82	26.21	25.71	26.09	26.07	26.57	26.70	26.52	26.01	25.73	26.26	31.35	26.64	30.03	27.06	27.46	28.86	26.09	25.27	25.35	25.69
83	25.96	25.45	25.84	25.83	26.31	26.46	26.25	25.72	25.45	26.04	31.20	26.43	29.84	26.89	27.30	28.67	26.01	25.05	25.08	25.46
84	25.73	25.11	25.57	25.54	26.03	26.15	25.95	25.39	25.17	25.74	31.03	26.19	29.72	26.72	27.14	28.49	25.87	24.77	24.78	25.16
85	25.45	24.84	25.29	25.26	25.75	25.84	25.67	25.12	24.83	25.43	30.86	25.91	29.53	26.57	26.95	28.33	25.66	24.48	24.52	24.85
86	25.27	24.65	25.07	25.02	25.52	25.60	25.47	24.91	24.66	25.23	30.67	25.69	29.28	26.42	26.79	28.07	25.46	24.23	24.31	24.63
87	25.02	24.42	24.81	24.82	25.26	25.37	25.19	24.67	24.39	24.95	30.53	25.39	29.12	26.31	26.68	27.97	25.37	23.96	24.05	24.35
88	24.75	24.14	24.57	24.51	24.99	25.09	24.92	24.39	24.11	24.66	30.40	25.17	28.97	26.18	26.51	27.84	25.20	23.72	23.78	24.10
89	24.51	23.92	24.32	24.27	24.75	24.88	24.67	24.16	23.82	24.43	30.26	24.88	28.75	26.05	26.35	27.67	25.03	23.48	23.55	23.86
90	24.24	23.71	24.06	24.07	24.53	24.68	24.38	23.95	23.56	24.24	30.15	24.65	28.60	25.95	26.21	27.58	24.93	23.26	23.32	23.62
91	23.97	23.44	23.81	23.84	24.27	24.68	24.14	23.70	23.31	23.97	30.00	24.41	28.46	25.84	26.10	27.43	24.79	23.05	23.04	23.40
92	23.71	23.18	23.57	23.62	24.06	24.53	23.91	23.48	23.08	23.75	29.86	24.15	28.28	25.67	25.97	27.28	24.65	22.81	22.77	23.15
93	23.50	22.94	23.31	23.40	23.82	24.42	23.67	23.26	22.85	23.46	29.72	23.93	28.15	25.56	25.84	27.13	24.47	22.55	22.54	22.95
94	23.26	22.71	23.08	23.14	23.62	24.25	23.44	23.00	22.61	23.25	29.60	23.70	28.02	25.43	25.71	27.00	24.34	22.32	22.30	22.71
95	23.00	22.53	22.85	22.91	23.34	24.12	23.17	22.68	22.35	23.00	29.46	23.23	27.88	25.27	25.54	26.86	24.23	22.06	22.09	22.47
96	22.66	22.14	22.49	22.54	22.98	23.97	22.84	22.41	22.05	22.66	29.29	23.00	27.73	25.14	25.39	26.71	24.07	21.66	21.71	22.12
97	22.43	21.93	22.26	22.33	22.76	23.72	22.64	22.10	21.82	22.43	29.08	22.62	27.43	24.92	25.10	26.48	23.75	21.43	21.49	21.90
98	22.10	21.60	21.93	21.99	22.44	23.60	22.32	21.87	21.46	22.13	28.93	22.40	27.31	24.81	24.99	26.33	23.60	21.10	21.17	21.62
99	21.84	21.36	21.70	21.71	22.21	23.39	22.06	21.66	21.21	21.85	28.72	22.14	27.09	24.63	24.74	26.10	23.36	21.10	20.90	21.39
100	21.64	21.18	21.46	21.49	21.96	23.23	21.87	21.42	21.00	21.62	28.57	21.94	26.96	24.45	24.60	25.97	23.22	20.98	20.73	21.15
101	21.44	20.95	21.25	21.06	21.77	23.14	21.47	21.21	20.80	21.28	28.45	21.74	26.85	24.34	24.51	25.89	23.08	20.82	20.52	20.84
102	21.14	20.64	20.90	20.70	21.33	23.03	21.09	20.85	20.44	20.94	28.34	21.38	26.75	24.25	24.41	25.76	22.93	20.71	20.17	20.42
103	20.79	20.32	20.64	20.36	20.90	22.83	20.73	20.53	20.05	20.60	28.14	21.07	26.60	24.06	24.20	25.56	22.67	20.48	19.79	20.17
104	20.39	19.92	20.30	19.94	20.69	22.60	20.35	20.31	19.71	20.25	27.83	20.72	26.33	23.74	24.02	25.29	22.42	20.25	19.45	19.82
105	20.10	19.63	19.84	19.69	20.24	22.35	19.92	19.91	19.40	19.89	27.59	20.41	26.11	23.49	23.76	25.02	22.18	20.01	19.12	19.53
106	19.76	19.32	19.45	19.36	20.00	22.16	19.68	19.67	19.08	19.70	27.38	20.07	25.85	23.28	23.49	24.79	21.98	19.61	18.80	19.20
107	19.46	19.03	19.06	19.05	19.70	21.92	19.41	19.33	18.77	19.38	27.14	19.77	25.64	23.03	23.22	24.53	21.73	19.24	18.52	18.89
108	19.21	18.61	18.66	18.67	19.37	21.71	19.15	19.00	18.48	19.10	26.95	19.47	25.45	22.81	23.03	24.31	21.52	18.89	18.20	18.60
109	18.87	18.30	18.41	18.32	19.37	21.47	18.78	18.64	18.16	18.76	26.66	19.12	25.19	22.55	22.77	24.05	21.30	18.59	17.90	18.28
110	18.59	18.06	17.93	18.06	19.21	21.22	18.51	18.17	17.84	18.55	26.44	18.82	24.94	22.35	22.54	23.80	21.09	18.43	17.65	18.02
111	18.23	17.69	17.72	17.73	18.83	21.04	18.20	17.78	17.52	18.25	26.29	18.51	24.73	22.20	22.33	23.63	20.87	18.06	17.65	17.67
112	17.91	17.36	17.44	17.41	18.52	20.78	17.88	17.56	17.25	17.97	26.08	18.23	24.48	22.01	22.07	23.42	20.63	17.89	17.47	17.33
113	17.66	17.14	17.03	17.21	18.40	20.58	17.62	17.11	17.03	17.73	25.85	18.00	24.32	21.75	21.84	23.19	20.44	17.71	17.26	17.09
114	17.31	16.79	16.59	16.78	18.08	20.42	17.33	16.70	16.71	17.18	25.73	17.72	24.19	21.61	21.69	23.07	20.26	17.38	17.12	16.77
115	16.98	16.27	16.20	16.40	17.77	19.99	16.96	16.32	16.38	16.74	25.52	17.35	23.93	21.36	21.52	22.85	20.02	17.01	16.85	16.46
116	16.62	16.01	15.93	16.06	17.60	19.65	16.96	15.93	16.04	16.34	25.28	16.96	23.68	21.13	21.32	22.58	19.79	16.73	16.45	16.11
117	16.24	15.53	15.55	15.70	17.35	19.33	16.77	15.55	15.69	16.10	25.07	16.62	23.42	20.89	21.04	22.31	19.50	16.61	16.28	15.78
118	15.92	15.18	15.26	15.40	17.14	19.02	16.52	15.18	15.27	15.61	24.82	16.32	23.15	20.65	20.79	22.06	19.23	16.36	15.79	15.46
119	15.58	14.95	14.86	15.02	16.72	18.69	16.06	14.90	14.98	15.37	24.59	16.32	22.94	20.38	20.56	21.88	19.02	16.17	15.47	15.11
120	15.34	14.51	14.63	14.63	16.56	18.53	15.92	14.51	14.61	14.94	24.32	16.12	22.71	20.13	20.28	21.63	18.78	15.86	15.28	14.88
121	14.96	14.29	14.29	14.25	16.24	18.18	15.60	14.12	14.38	14.67	24.21	15.98	22.61	19.95	20.16	21.49	18.61	15.55	14.98	14.53
122	14.59	13.89	13.91	13.79	15.89	18.04	15.48	13.70	13.85	14.28	23.97	15.69	22.35	19.68	19.89	21.20	18.34	15.16	14.86	14.11
123	14.59	13.58	13.62	13.38	15.53	17.73	15.00	13.31	13.59	13.94	23.69	15.37	22.11	19.37	19.60	20.93	18.12	14.76	14.55	13.82
124	14.42	13.24	13.28	13.00	15.21	17.50	14.83	13.05	13.24	13.58	23.54	15.12	21.91	19.13	19.41	20.75	17.87	14.44	14.36	13.50
125	14.21	12.92	12.93	12.80	15.03	17.27	14.60	12.72	12.89	13.23	23.33	14.89	21.64	18.86	19.13	20.55	17.62	14.08	14.14	13.26
126	14.04	12.65	12.68	12.59	14.83	17.05	14.35	12.50	12.68	13.02	23.17	14.64	21.45	18.64	18.89	20.35	17.41	13.88	13.95	13.00
127	13.84	12.35	12.36	12.30	14.71	16.93	14.23	12.50	12.37	12.74	23.04	14.52	21.32	18.52	18.75	20.24	17.28	13.76	13.83	12.68
128	13.62	12.07	12.04	12.04	14.53	16.78	14.06	12.33	12.37	12.44	22.84	14.27	21.11	18.29	18.56	20.02	17.06	13.60	13.62	12.40
129	13.45	11.71	12.04	11.69	14.40	16.63	13.91	12.13	12.27	12.12	22.68	14.10	20.87	18.10	18.36	19.83	16.87	13.41	13.46	12.10
130	13.22	11.45	11.86	11.41	14.18	16.39	13.63	11.84	12.02	11.84	22.47	13.85	20.63	17.88	18.11	19.64	16.66	13.16	13.22	12.10
131	12.99	11.20	11.67	11.10	14.03	16.15	13.48	11.65	11.86	11.59	22.27	13.59	20.44	17.66	17.99	19.48	16.48	12.95	13.05	11.94
132	12.83	10.92	11.56	10.88	13.90	15.96	13.32	11.48	11.67	11.37	22.14	13.37	20.30	17.52	17.88	19.32	16.32	12.80	12.89	11.72
133	12.67	10.71	11.41	10.68	13.74	15.79	13.22	11.33	11.51	11.18	22.01	13.25	20.15	17.36	17.76	19.18	16.15	12.66	12.73	11.60
134	12.55	10.50	11.33	10.42	13.65	15.67	13.12	11.21	11.42	10.98	21.90	13.15	20.04	17.22	17.65	19.06	16.07	12.55	12.65	11.48
135	12.41	10.25	11.19	10.17	13.53	15.50	12.98	11.09	11.27	10.98	21.75	13.01	19.88	17.11	17.54	18.94	15.94	12.43	12.56	11.30
136	12.24	10.07	11.04	9.90	13.37	15.36	12.80	10.96	11.09	10.86	21.62	12.82	19.69	16.99	17.39	18.76	15.76	12.21	12.44	11.13
137	12.08	9.87	10.95	9.69	13.25	15.20	12.70	10.86	10.99	10.73	21.55	12.65	19.53	16.91	17.31	18.64	15.63	12.12	12.28	11.02
138	11.99	9.67	10.85	9.45	13.11	15.08	12.61	10.75	10.88	10.64	21.42	12.55	19.43	16.81	17.20	18.53	15.52	12.03	12.18	10.91
139	11.89	9.67	10.75	9.22	12.99	14.98	12.51	10.64	10.77	10.53	21.31	12.46	19.33	16.68	17.09	18.45	15.40	11.93	12.10	10.75
140	11.70	9.54	10.60	8.94	12.82	14.80	12.33	10.47	10.62	10.37	21.20	12.29	19.10	16.55	16.88	18.29	15.24	11.80	11.94	10.58
