115.27
115.09
114.89
114.66
114.34
113.97
113.64
113.33
112.98
112.69
112.40
112.07
111.73
111.42
111.08
110.76
110.39
110.10
109.82
109.49
109.19
108.85
108.58
108.30
107.99
107.62
107.39
106.96
106.72
106.32
106.01
105.72
105.47
105.05
104.81
104.50
104.05
103.79
103.56
103.22
102.97
102.71
102.30
101.96
101.63
101.41
101.15
100.96
100.71
100.41
100.03
99.73
99.43
99.43
99.29
99.15
99.02
98.77
98.65
98.53
98.36
98.24
98.10
97.98
97.85
97.70
97.41
97.29
97.13
96.93
96.80
96.68
96.45
96.33
96.11
95.91
95.65
95.50
95.35
95.27
95.17
95.06
94.84
94.74
94.56
94.39
94.25
94.14
93.91
93.79
93.60
93.43
93.23
93.02
92.80
92.56
92.31
92.08
91.91
91.69
91.53
91.39
91.17
91.03
90.90
90.81
90.71
90.50
90.40
90.21
90.08
89.91
89.72
89.59
89.47
89.35
89.20
89.00
88.66
88.46
88.25
88.03
87.92
87.73
87.54
87.44
87.25
87.09
86.90
86.76
86.60
86.48
86.37
86.22
86.02
85.88
85.68
85.51
85.33
85.16
85.05
84.94
84.83
84.74
84.63
84.55
84.46
84.29
84.11
83.88
83.73
83.64
83.55
83.44
83.26
83.14
83.01
