116.89
116.70
116.45
116.19
115.90
115.62
115.32
114.92
114.63
114.15
113.76
113.31
112.94
112.57
112.32
111.86
111.63
111.32
111.04
110.70
110.44
110.13
109.86
109.60
109.28
108.96
108.63
108.28
107.96
107.64
107.31
107.01
106.66
106.38
106.05
105.74
105.44
105.09
104.79
104.46
104.22
103.92
103.56
103.20
102.74
102.54
102.28
102.03
101.76
101.44
101.07
100.62
100.43
100.13
99.84
99.61
99.32
99.10
98.85
98.59
98.35
98.08
97.86
97.56
97.26
96.92
96.71
96.44
96.06
95.82
95.62
95.31
94.97
94.68
94.38
94.16
93.84
93.61
93.39
93.15
92.82
92.57
92.40
92.11
91.87
91.64
91.45
91.13
90.91
90.61
90.34
90.05
89.72
89.38
89.05
88.75
88.45
88.09
87.75
87.52
87.32
87.02
86.74
86.46
86.27
86.05
85.78
85.55
85.21
85.00
84.55
84.33
84.09
83.89
83.69
83.43
83.13
82.77
82.77
82.64
82.45
82.21
82.11
81.93
81.78
81.65
81.48
81.32
81.18
81.06
80.94
80.81
80.68
80.55
80.36
80.25
80.08
79.90
79.69
79.61
79.43
79.33
79.22
79.11
78.98
78.89
78.78
78.57
78.38
78.26
78.06
77.97
77.85
77.72
77.62
77.52
77.41
