115.61
115.41
115.19
114.93
114.68
114.36
114.00
113.60
113.29
113.01
112.68
112.30
111.97
111.68
111.34
110.97
110.65
110.35
110.08
109.80
109.47
109.11
108.68
108.39
108.07
107.74
107.46
107.11
106.76
106.52
106.14
105.78
105.41
105.08
104.85
104.43
104.11
103.73
103.43
103.23
103.00
102.77
102.56
102.27
101.92
101.59
101.29
101.08
100.81
100.51
100.22
99.92
99.64
99.33
99.06
98.84
98.50
98.26
98.02
98.02
97.92
97.79
97.63
97.55
97.32
97.16
96.85
96.71
96.54
96.32
96.12
96.01
95.82
95.70
95.48
95.27
95.04
94.79
94.63
94.53
94.42
94.32
94.12
94.00
93.75
93.57
93.45
93.33
93.14
93.03
92.82
92.56
92.31
92.11
91.86
91.63
91.42
91.25
91.06
90.85
90.69
90.52
90.31
90.19
90.07
89.95
89.84
89.65
89.54
89.36
89.24
89.07
88.88
88.74
88.63
88.53
88.34
88.17
87.92
87.74
87.54
87.34
87.25
87.06
86.85
86.73
86.50
86.32
86.11
85.94
85.78
85.64
85.53
85.35
85.18
85.05
84.91
84.71
84.56
84.44
84.30
84.21
84.08
84.00
83.91
83.77
83.64
83.48
83.31
83.15
82.95
82.84
82.72
82.59
82.44
82.33
82.21
