116.67
116.47
116.25
115.97
115.63
115.40
115.07
114.66
114.35
114.04
113.75
113.37
113.01
112.70
112.43
112.10
111.77
111.45
111.18
110.87
110.57
110.25
109.90
109.61
109.31
108.89
108.61
108.26
107.98
107.66
107.37
107.04
106.70
106.35
105.99
105.67
105.37
105.10
104.78
104.47
104.25
103.98
103.70
103.40
103.07
102.75
102.42
102.17
101.88
101.56
101.19
100.86
100.57
100.26
99.95
99.75
99.45
99.22
98.98
98.66
98.42
98.17
97.93
97.65
97.44
97.10
96.88
96.67
96.40
96.00
95.77
95.31
95.07
94.82
94.47
94.12
93.84
93.60
93.39
93.21
92.98
92.61
92.38
92.05
91.72
91.50
91.33
91.01
90.79
90.46
90.14
89.83
89.83
89.66
89.42
89.18
89.03
88.81
88.59
88.36
88.22
88.06
87.79
87.64
87.47
87.37
87.28
87.06
86.94
86.70
86.60
86.23
86.14
85.99
85.88
85.76
85.61
85.44
85.21
85.00
84.81
84.61
84.50
84.33
84.16
84.04
83.85
83.68
83.54
83.43
83.28
83.16
83.05
82.84
82.65
82.54
82.42
82.22
82.05
81.88
81.78
81.69
81.56
81.44
81.35
81.21
81.11
80.98
80.78
80.54
80.37
80.28
80.15
79.96
79.79
79.68
79.54
