116.33
116.12
115.91
115.62
115.38
115.08
114.77
114.39
114.03
113.70
113.29
113.00
112.64
112.36
112.03
111.70
111.35
111.04
110.75
110.42
110.11
109.84
109.53
109.24
108.93
108.60
108.29
107.94
107.64
107.26
106.93
106.65
106.39
106.04
105.54
105.20
104.77
104.55
104.27
103.99
103.73
103.43
103.16
102.87
102.57
102.24
101.97
101.74
101.45
100.99
100.68
100.39
100.08
99.79
99.53
99.33
99.02
98.81
98.56
98.32
98.07
97.78
97.59
97.30
97.07
96.65
96.43
96.17
95.84
95.54
95.34
95.03
94.79
94.54
94.20
93.87
93.61
93.39
93.18
92.98
92.72
92.40
92.20
91.88
91.60
91.37
91.14
90.86
90.66
90.33
90.02
89.51
89.10
88.78
88.36
87.98
87.80
87.50
87.24
86.95
86.70
86.34
86.06
85.80
85.58
85.36
85.07
84.79
84.43
84.22
83.96
83.66
83.43
83.25
83.04
82.79
82.51
82.15
81.88
81.57
81.28
81.10
80.80
80.52
80.29
80.29
80.18
79.96
79.74
79.57
79.44
79.32
79.21
79.04
78.84
78.72
78.54
78.35
78.16
78.04
77.92
77.82
77.71
77.60
77.50
77.41
77.32
77.15
76.96
76.84
76.63
76.52
76.42
76.21
76.02
75.92
75.77
