115.72
115.53
115.33
115.10
114.85
114.48
114.15
113.77
113.36
113.06
112.76
112.38
112.07
111.78
111.41
111.05
110.75
110.45
110.14
109.85
109.53
109.20
108.87
108.63
108.24
107.92
107.60
107.26
106.96
106.62
106.31
106.01
105.66
105.35
104.99
104.68
104.44
104.13
103.81
103.54
103.33
103.01
102.73
102.48
102.20
101.87
101.64
101.42
101.14
100.82
100.44
100.13
99.82
99.51
99.24
99.04
98.73
98.51
98.23
97.97
97.74
97.52
97.30
97.05
96.73
96.45
96.23
95.96
95.67
95.37
95.15
94.80
94.57
94.13
93.80
93.43
93.19
92.95
92.76
92.56
92.34
92.00
91.79
91.45
91.16
90.88
90.55
90.31
90.12
89.78
89.50
89.20
88.81
88.46
88.18
87.85
87.39
86.98
86.76
86.47
86.23
85.92
85.66
85.43
85.23
85.02
84.72
84.52
84.22
84.00
83.72
83.42
83.20
82.99
82.80
82.80
82.46
82.12
81.77
81.46
81.17
81.05
80.94
80.78
80.57
80.46
80.27
80.11
79.92
79.75
79.61
79.49
79.34
79.16
78.96
78.82
78.68
78.46
78.36
78.26
78.10
77.97
77.85
77.72
77.62
77.48
77.39
77.27
77.06
76.94
76.80
76.71
76.55
76.44
76.28
76.17
76.04
