114.84
114.63
114.40
114.11
113.88
113.49
113.20
112.93
112.53
112.31
111.86
111.51
111.17
110.96
110.50
110.14
109.84
109.64
109.64
109.52
109.26
109.03
108.84
108.57
108.33
108.11
107.80
107.58
107.33
107.12
106.86
106.69
106.48
106.24
106.00
105.76
105.57
105.35
105.14
104.93
104.72
104.54
104.33
104.14
103.93
103.68
103.45
103.32
103.22
103.09
102.88
102.55
102.36
102.16
101.94
101.75
101.60
101.37
101.26
101.12
100.96
100.83
100.66
100.53
100.34
100.21
99.92
99.80
99.64
99.49
99.31
99.19
98.99
98.83
98.63
98.37
98.13
97.93
97.78
97.68
97.59
97.49
97.20
97.07
96.79
96.63
96.50
96.41
96.19
96.07
95.89
95.67
95.45
95.23
95.02
94.78
94.56
94.36
94.18
93.91
93.72
93.57
93.31
93.14
93.01
92.91
92.78
92.58
92.43
92.23
92.07
91.88
91.68
91.54
91.45
91.37
91.17
90.98
90.71
90.53
90.39
90.18
90.07
89.84
89.71
89.63
89.44
89.34
89.17
89.04
88.91
88.81
88.70
88.60
88.40
88.26
88.14
87.94
87.74
87.61
87.50
87.37
87.29
87.18
87.07
86.97
86.88
86.69
86.54
86.32
86.10
86.01
85.89
85.70
85.53
85.38
85.26
