115.99
115.78
115.57
115.30
115.07
114.65
114.27
114.04
113.56
113.25
112.93
112.60
112.19
111.98
111.53
111.18
110.82
110.44
110.05
109.72
109.37
108.97
108.71
108.34
108.03
107.71
107.42
107.06
106.79
106.40
106.09
105.80
105.48
105.16
104.83
104.52
104.25
103.95
103.66
103.36
103.12
102.79
102.53
102.25
101.96
101.61
101.35
101.11
100.77
100.44
99.99
99.72
99.40
99.18
98.86
98.58
98.39
98.19
97.94
97.68
97.45
97.20
96.94
96.65
96.39
96.01
95.78
95.53
95.22
94.81
94.61
94.29
94.05
93.73
93.41
93.11
92.84
92.56
92.34
92.16
91.94
91.63
91.43
91.13
90.87
90.68
90.45
90.13
89.91
89.61
89.31
89.01
88.70
88.34
88.02
87.64
87.30
87.02
86.69
86.45
86.07
85.85
85.62
85.36
85.18
84.99
84.71
84.50
84.21
84.01
83.75
83.50
83.29
83.09
82.87
82.56
82.29
81.93
81.64
81.33
80.99
80.76
80.43
80.19
79.97
79.97
79.85
79.64
79.49
79.40
79.28
79.19
79.08
78.88
78.72
78.60
78.42
78.23
78.05
77.88
77.69
77.59
77.43
77.31
77.20
77.02
76.91
76.75
76.51
76.34
76.16
76.04
75.93
75.82
75.63
75.49
75.36
