115.14
114.93
114.73
114.49
114.23
113.89
113.60
113.21
112.87
112.53
112.17
111.82
111.41
111.14
110.94
110.45
110.15
109.88
109.59
109.29
108.97
108.63
108.43
108.09
107.81
107.49
107.20
106.90
106.47
106.19
105.91
105.62
105.31
105.02
104.73
104.46
104.14
103.84
103.57
103.27
103.07
102.77
102.49
102.20
101.86
101.51
101.28
101.05
100.78
100.44
100.12
99.79
99.49
99.20
99.20
99.07
98.95
98.70
98.53
98.34
98.17
98.05
97.89
97.77
97.65
97.52
97.19
97.05
96.94
96.71
96.53
96.42
96.20
96.05
95.88
95.67
95.48
95.26
95.16
95.06
94.96
94.83
94.60
94.50
94.29
94.13
94.01
93.90
93.68
93.56
93.34
93.15
92.93
92.66
92.43
92.23
92.05
91.86
91.61
91.33
91.18
91.08
90.90
90.76
90.61
90.48
90.35
90.22
90.13
89.91
89.78
89.59
89.34
89.23
89.12
89.03
88.83
88.57
88.29
88.11
87.95
87.75
87.64
87.44
87.24
87.10
86.91
86.73
86.59
86.45
86.28
86.19
86.08
85.93
85.73
85.59
85.39
85.19
85.02
84.84
84.74
84.61
84.46
84.37
84.28
84.18
84.08
83.89
83.67
83.55
83.44
83.35
83.25
83.12
82.95
82.87
82.74
