114.71
114.52
114.31
114.08
113.75
113.41
113.21
112.74
112.48
112.12
111.84
111.53
111.26
110.98
110.64
110.27
110.27
110.12
109.93
109.75
109.49
109.32
109.12
108.90
108.67
108.40
108.18
107.96
107.71
107.50
107.29
107.04
106.89
106.64
106.37
106.13
105.95
105.76
105.56
105.35
105.16
105.02
104.87
104.72
104.52
104.24
104.02
103.92
103.78
103.66
103.45
103.20
102.94
102.73
102.53
102.38
102.26
102.05
101.92
101.79
101.57
101.48
101.32
101.21
101.04
100.94
100.63
100.46
100.32
100.07
99.88
99.76
99.57
99.43
99.21
98.97
98.79
98.58
98.44
98.33
98.24
98.12
97.91
97.82
97.62
97.41
97.31
97.18
96.97
96.87
96.65
96.40
96.20
96.01
95.81
95.56
95.35
95.11
94.89
94.62
94.46
94.32
94.10
93.99
93.82
93.72
93.62
93.44
93.32
93.09
92.95
92.77
92.62
92.51
92.39
92.29
92.07
91.87
91.52
91.32
91.15
90.95
90.86
90.66
90.51
90.38
90.23
90.09
89.88
89.71
89.60
89.51
89.40
89.24
89.04
88.92
88.76
88.58
88.29
88.10
87.95
87.79
87.70
87.63
87.54
87.42
87.29
87.09
86.82
86.67
86.51
86.41
86.27
86.16
85.98
85.87
