115.04
114.85
114.66
114.45
114.21
113.87
113.57
113.16
112.85
112.40
112.04
111.69
111.44
111.15
110.81
110.51
110.21
109.91
109.59
109.28
108.97
108.65
108.32
107.99
107.64
107.21
106.87
106.55
106.19
105.94
105.62
105.29
104.94
104.60
104.29
104.03
103.77
103.48
103.16
102.83
102.64
102.37
102.13
101.81
101.43
101.16
101.16
101.05
100.94
100.78
100.55
100.34
100.11
99.91
99.75
99.57
99.44
99.21
99.08
98.94
98.82
98.68
98.53
98.39
98.20
98.09
97.79
97.65
97.48
97.28
97.10
96.98
96.78
96.64
96.48
96.29
96.10
95.92
95.78
95.68
95.54
95.42
95.18
95.10
94.87
94.70
94.59
94.47
94.30
94.15
93.83
93.63
93.38
93.17
92.94
92.75
92.54
92.25
91.92
91.72
91.53
91.40
91.18
91.01
90.89
90.77
90.63
90.48
90.37
90.16
90.03
89.85
89.69
89.56
89.44
89.34
89.16
89.00
88.72
88.47
88.28
88.05
87.91
87.72
87.54
87.43
87.28
87.13
86.91
86.74
86.62
86.46
86.34
86.22
86.04
85.95
85.77
85.59
85.37
85.24
85.08
84.98
84.90
84.80
84.70
84.53
84.40
84.22
84.08
83.97
83.82
83.73
83.64
83.52
83.34
83.24
83.10
