90.36
90.16
89.97
89.75
89.46
89.24
89.03
88.66
88.36
88.06
87.59
87.26
86.90
86.55
86.19
85.98
85.65
85.35
85.01
84.72
84.40
84.20
83.98
83.77
83.57
83.34
83.15
82.97
82.75
82.57
82.37
82.13
81.83
81.50
81.11
80.75
80.35
80.00
79.63
79.27
78.90
78.72
78.44
78.13
77.85
77.53
77.22
76.91
76.62
76.32
76.02
75.75
75.41
75.11
74.77
74.46
74.14
73.83
73.55
73.24
72.93
72.59
72.30
72.02
71.70
71.37
71.04
70.71
70.42
70.14
69.87
69.58
69.25
68.93
68.62
68.29
68.10
67.89
67.57
67.35
67.06
66.88
66.66
66.44
66.10
65.81
65.48
65.29
65.06
64.87
64.56
64.36
64.15
63.96
63.75
63.56
63.35
63.15
62.83
62.62
62.41
62.20
61.97
61.74
61.52
61.31
61.11
60.93
60.67
60.27
60.07
59.88
59.68
59.47
59.28
59.08
58.82
58.60
58.40
58.20
58.00
57.81
57.60
57.40
57.40
57.31
57.14
57.03
56.94
56.83
56.73
56.60
56.41
56.31
56.20
56.08
55.98
55.79
55.67
55.57
55.46
55.38
55.27
55.17
55.08
54.97
54.84
54.74
54.66
54.52
54.44
54.33
54.21
54.13
54.02
53.91
53.82
53.70
53.60
53.50
53.41
53.28
53.17
53.06
52.98
52.89
52.75
52.66
52.54
52.45
52.33
52.22
52.13
52.03
51.91
51.83
51.74
51.62
51.55
51.42
51.33
51.20
51.09
50.99
50.89
50.75
50.65
50.55
50.42
50.33
