86.27
86.06
85.85
85.64
85.38
85.18
84.98
84.63
84.31
83.98
83.61
83.28
82.92
82.59
82.27
81.94
81.62
81.29
80.96
80.63
80.30
80.11
79.91
79.72
79.52
79.32
79.11
78.91
78.69
78.48
78.27
78.00
77.81
77.50
77.09
76.78
76.45
76.13
75.80
75.37
75.16
74.85
74.38
73.95
73.59
73.25
72.90
72.67
72.35
72.06
71.75
71.42
71.11
70.70
70.30
69.93
69.58
69.23
68.87
68.65
68.34
68.02
67.73
67.41
67.12
66.60
66.23
65.86
65.50
65.11
64.75
64.53
64.23
64.04
63.73
63.44
63.16
62.97
62.75
62.46
62.14
61.95
61.74
61.52
61.19
60.90
60.58
60.35
60.09
59.88
59.54
59.33
59.13
58.93
58.71
58.52
58.31
58.11
57.87
57.65
57.42
57.22
56.99
56.75
56.54
56.35
56.15
55.95
55.73
55.55
55.23
55.03
54.83
54.62
54.42
54.21
53.91
53.71
53.51
53.31
53.11
52.89
52.69
52.47
52.20
52.20
52.11
51.99
51.86
51.76
51.64
51.51
51.33
51.20
51.09
51.00
50.91
50.77
50.66
50.57
50.46
50.35
50.27
50.16
50.06
49.96
49.83
49.73
49.60
49.49
49.40
49.30
49.21
49.11
48.99
48.91
48.80
48.68
48.57
48.46
48.36
48.27
48.17
48.07
47.97
47.84
47.72
47.62
47.50
47.40
47.29
47.19
47.11
47.01
46.91
46.81
46.72
46.60
46.49
46.38
46.30
46.21
46.11
46.00
45.86
45.72
45.63
45.53
45.42
