79.05
78.84
78.65
78.46
78.22
78.02
77.81
77.48
77.17
76.87
76.50
76.17
75.81
75.48
75.17
74.85
74.50
74.18
73.84
73.54
73.22
73.03
72.81
72.60
72.41
72.19
71.98
71.79
71.56
71.36
71.18
70.94
70.57
70.22
70.22
69.89
69.58
69.31
68.96
68.64
68.35
68.03
67.92
67.72
67.46
67.22
66.99
66.76
66.54
66.34
66.09
65.87
65.68
65.49
65.28
65.04
64.79
64.58
64.36
64.11
63.93
63.70
63.43
63.25
63.03
62.79
62.56
62.35
62.10
61.90
61.67
61.44
61.21
60.98
60.87
60.67
60.43
60.22
60.11
60.03
59.83
59.61
59.50
59.38
59.29
59.11
58.92
58.73
58.64
58.54
58.43
58.23
58.14
58.03
57.92
57.80
57.68
57.58
57.49
57.34
57.23
57.11
57.01
56.90
56.77
56.66
56.54
56.43
56.33
56.18
56.05
55.84
55.71
55.60
55.50
55.40
55.29
55.14
55.01
54.92
54.81
54.70
54.58
54.45
54.32
54.11
53.93
53.82
53.73
53.60
53.51
53.39
53.20
53.11
53.02
52.94
52.85
52.69
52.61
52.51
52.38
52.27
52.18
52.05
51.95
51.84
51.71
51.63
51.51
51.41
51.31
51.22
51.14
51.04
50.92
50.82
50.70
50.59
50.48
50.38
50.29
50.20
50.11
50.01
49.89
49.78
49.68
49.59
49.48
49.39
49.29
49.20
49.11
49.00
48.89
48.81
48.71
48.56
48.44
48.31
48.23
48.12
48.01
47.92
47.82
47.70
47.56
47.45
47.35
47.25
