92.21
92.02
91.82
91.60
91.33
91.12
90.92
90.58
90.25
89.93
89.58
89.27
88.94
88.62
88.29
87.96
87.61
87.29
86.96
86.65
86.33
86.14
85.91
85.73
85.54
85.34
85.13
84.91
84.69
84.50
84.31
84.02
83.81
83.45
83.06
82.69
82.39
82.06
81.74
81.39
81.08
80.75
80.43
80.07
79.69
79.36
79.05
78.72
78.41
78.10
77.79
77.47
77.12
76.79
76.44
76.12
75.82
75.48
75.19
74.85
74.53
74.16
73.89
73.58
73.30
72.95
72.63
72.30
71.95
71.63
71.29
70.97
70.65
70.44
70.15
69.79
69.48
69.29
69.10
68.81
68.50
68.30
68.09
67.90
67.59
67.28
66.98
66.79
66.57
66.37
66.09
65.87
65.69
65.49
65.30
65.09
64.90
64.70
64.70
64.60
64.49
64.38
64.26
64.15
64.02
63.91
63.81
63.71
63.60
63.44
63.30
63.07
62.93
62.83
62.72
62.64
62.54
62.34
62.23
62.14
62.03
61.91
61.81
61.69
61.57
61.40
61.22
61.12
60.98
60.88
60.79
60.66
60.49
60.41
60.33
60.20
60.09
59.94
59.84
59.74
59.61
59.53
59.41
59.32
59.22
59.14
59.06
58.94
58.83
58.71
58.62
58.52
58.41
58.32
58.22
58.11
57.98
57.87
57.78
57.69
57.59
57.52
57.43
57.33
57.21
57.09
56.99
56.86
56.75
56.63
56.51
56.40
56.29
56.18
56.07
55.99
55.90
55.79
55.67
55.56
55.46
55.39
55.26
55.15
55.07
54.95
54.82
54.70
54.59
54.50
