77.70
77.47
77.26
77.05
76.78
76.56
76.36
76.01
75.68
75.19
74.97
74.46
74.06
73.71
73.51
73.17
72.85
72.54
72.21
71.86
71.59
71.39
71.17
70.97
70.77
70.57
70.38
70.19
69.99
69.80
69.60
69.60
69.50
69.40
69.23
68.94
68.72
68.50
68.27
68.02
67.76
67.57
67.37
67.16
66.92
66.73
66.52
66.29
66.06
65.90
65.71
65.52
65.31
65.12
64.90
64.65
64.40
64.18
63.91
63.69
63.46
63.23
62.99
62.78
62.57
62.36
62.16
61.94
61.71
61.52
61.29
61.04
60.82
60.61
60.53
60.33
60.12
59.92
59.82
59.72
59.54
59.35
59.25
59.13
59.04
58.81
58.62
58.38
58.28
58.13
58.02
57.77
57.68
57.59
57.47
57.37
57.27
57.17
57.06
56.88
56.78
56.65
56.56
56.43
56.30
56.19
56.10
56.00
55.90
55.71
55.60
55.39
55.29
55.19
55.07
54.98
54.86
54.73
54.60
54.51
54.40
54.31
54.20
54.12
54.01
53.88
53.72
53.59
53.49
53.39
53.28
53.17
53.00
52.89
52.78
52.64
52.56
52.38
52.26
52.18
52.08
51.97
51.88
51.76
51.69
51.59
51.47
51.37
51.29
51.17
51.06
50.96
50.85
50.76
50.65
50.56
50.47
50.37
50.26
50.18
50.07
49.94
49.85
49.75
49.66
49.58
49.45
49.37
49.25
49.15
49.03
48.94
48.82
48.74
48.64
48.55
48.44
48.30
48.18
48.07
47.97
47.85
47.75
47.65
47.51
47.41
47.30
47.20
47.06
46.97
