67.68
67.47
67.27
67.09
67.09
66.98
66.85
66.55
66.19
65.86
65.54
65.19
64.89
64.53
64.22
63.91
63.56
63.24
63.14
62.92
62.68
62.44
62.34
62.23
62.13
62.03
61.89
61.78
61.68
61.57
61.49
61.41
61.26
61.16
60.98
60.71
60.49
60.30
60.10
59.89
59.67
59.46
59.23
59.04
58.81
58.64
58.41
58.20
58.00
57.80
57.61
57.40
57.22
57.01
56.82
56.58
56.35
56.12
55.90
55.70
55.51
55.30
55.05
54.86
54.68
54.47
54.26
54.03
53.81
53.60
53.36
53.11
52.91
52.72
52.64
52.43
52.20
51.93
51.85
51.76
51.55
51.34
51.23
51.14
51.01
50.80
50.59
50.35
50.26
50.16
50.05
49.81
49.69
49.59
49.50
49.40
49.29
49.19
49.12
48.95
48.84
48.73
48.63
48.53
48.42
48.31
48.22
48.11
48.00
47.83
47.71
47.51
47.38
47.28
47.19
47.10
46.99
46.78
46.69
46.57
46.46
46.33
46.23
46.12
46.02
45.86
45.66
45.53
45.41
45.31
45.21
45.07
44.90
44.81
44.71
44.57
44.46
44.28
44.15
44.06
43.93
43.83
43.72
43.60
43.50
43.41
43.28
43.16
43.04
42.93
42.83
42.72
42.63
42.52
42.43
42.34
42.24
42.12
42.03
41.92
41.81
41.72
41.60
41.48
41.39
41.30
41.20
41.10
40.98
40.88
40.77
40.65
40.53
40.42
40.31
40.21
40.11
39.99
39.87
39.78
39.66
39.54
39.44
39.35
39.20
39.11
39.02
38.94
38.81
38.72
