63.60
63.41
63.19
62.97
62.68
62.47
62.25
61.91
61.60
61.29
60.94
60.59
60.21
60.21
60.05
59.60
59.30
58.98
58.63
58.28
57.94
57.83
57.72
57.59
57.48
57.35
57.25
57.17
57.09
56.99
56.87
56.77
56.58
56.49
56.22
55.93
55.70
55.46
55.21
55.00
54.75
54.55
54.34
54.11
53.85
53.66
53.44
53.24
53.00
52.78
52.57
52.38
52.17
51.96
51.70
51.51
51.31
51.11
50.85
50.60
50.42
50.20
49.96
49.75
49.55
49.35
49.13
48.89
48.71
48.48
48.23
47.99
47.77
47.55
47.46
47.26
47.05
46.79
46.70
46.58
46.39
46.18
46.09
46.00
45.90
45.73
45.48
45.20
45.07
44.94
44.84
44.60
44.47
44.36
44.25
44.13
44.03
43.93
43.84
43.66
43.56
43.45
43.34
43.23
43.09
42.97
42.87
42.77
42.68
42.50
42.38
42.16
42.04
41.94
41.83
41.71
41.59
41.45
41.32
41.22
41.12
41.01
40.90
40.78
40.68
40.46
40.28
40.18
40.11
39.98
39.87
39.77
39.60
39.46
39.35
39.26
39.17
39.00
38.89
38.79
38.65
38.55
38.44
38.34
38.22
38.12
38.01
37.91
37.81
37.68
37.59
37.50
37.38
37.28
37.17
37.06
36.96
36.85
36.72
36.62
36.53
36.43
36.32
36.22
36.11
35.99
35.88
35.77
35.67
35.58
35.45
35.35
35.24
35.14
35.05
34.96
34.86
34.77
34.65
34.53
34.42
34.29
34.20
34.11
34.00
33.85
33.74
33.63
33.48
33.36
