88.03
87.80
87.61
87.39
87.15
86.95
86.76
86.43
86.13
85.86
85.49
85.16
84.77
84.43
84.10
83.78
83.46
83.14
82.81
82.50
82.23
82.03
81.83
81.63
81.43
81.21
81.02
80.83
80.61
80.43
80.21
79.93
79.75
79.44
79.12
78.79
78.48
78.14
77.81
77.50
77.20
76.89
76.59
76.24
75.87
75.60
75.30
75.00
74.72
74.46
74.15
73.85
73.56
73.26
72.94
72.57
72.25
71.93
71.66
71.38
71.05
70.70
70.41
70.09
69.80
69.46
69.18
68.89
68.56
68.25
67.92
67.59
67.30
67.10
66.80
66.49
66.19
66.00
65.79
65.51
65.16
64.97
64.78
64.58
64.29
63.95
63.60
63.36
63.13
62.94
62.65
62.46
62.26
62.05
61.83
61.63
61.44
61.25
60.99
60.81
60.60
60.39
60.18
59.95
59.74
59.54
59.33
59.12
58.86
58.64
58.33
58.11
57.91
57.71
57.53
57.33
57.33
57.24
57.14
57.05
56.96
56.87
56.75
56.64
56.54
56.37
56.21
56.12
56.01
55.91
55.80
55.67
55.47
55.34
55.23
55.12
55.02
54.85
54.77
54.68
54.56
54.44
54.33
54.23
54.12
54.03
53.91
53.81
53.72
53.63
53.54
53.44
53.35
53.24
53.15
53.04
52.94
52.82
52.71
52.60
52.49
52.36
52.25
52.17
52.07
51.95
51.84
51.75
51.63
51.52
51.38
51.26
51.16
51.05
50.95
50.85
50.75
50.61
50.48
50.37
50.26
50.13
50.03
49.94
49.82
49.72
49.63
49.54
49.41
49.31
