90.75
90.54
90.32
90.13
89.85
89.62
89.42
89.08
88.76
88.44
88.04
87.70
87.36
87.03
86.70
86.38
86.08
85.74
85.44
85.13
84.83
84.63
84.42
84.21
84.00
83.76
83.54
83.35
83.15
82.94
82.76
82.50
82.29
81.84
81.51
81.22
80.90
80.54
80.32
79.85
79.63
79.31
78.99
78.65
78.36
78.08
77.78
77.47
77.18
76.89
76.60
76.16
75.77
75.42
75.05
74.70
74.30
73.90
73.54
73.35
73.04
72.71
72.41
72.10
71.81
71.48
71.17
70.86
70.52
70.17
69.84
69.54
69.22
69.03
68.72
68.39
68.09
67.90
67.71
67.41
67.10
66.90
66.70
66.49
66.20
65.88
65.57
65.35
65.14
64.93
64.61
64.39
64.19
64.00
63.81
63.60
63.41
63.21
62.95
62.75
62.52
62.30
62.07
61.84
61.62
61.42
61.22
61.01
60.77
60.58
60.27
60.07
59.88
59.68
59.48
59.27
59.03
58.83
58.61
58.42
58.23
58.03
57.82
57.60
57.36
57.09
56.86
56.67
56.47
56.27
56.07
55.77
55.54
55.32
55.13
54.94
54.94
54.84
54.74
54.64
54.52
54.42
54.32
54.23
54.12
54.02
53.94
53.86
53.76
53.63
53.53
53.42
53.31
53.21
53.10
53.00
52.87
52.79
52.70
52.60
52.49
52.38
52.27
52.16
52.07
51.97
51.86
51.75
51.62
51.51
51.40
51.28
51.19
51.07
50.97
50.88
50.78
50.68
50.57
50.46
50.34
50.22
50.14
50.04
49.95
49.83
49.74
49.65
49.54
49.45
