121.10
120.85
120.57
120.30
120.01
119.70
119.40
119.07
118.74
118.39
118.07
117.71
117.37
117.01
116.74
116.36
116.01
115.67
115.36
115.03
114.75
114.49
114.21
113.88
113.56
113.23
112.92
112.62
112.29
112.01
111.69
111.33
111.03
110.77
110.45
110.22
109.79
109.50
109.21
108.86
108.66
108.40
108.05
107.73
107.43
107.12
106.79
106.50
106.18
105.80
105.47
105.11
104.77
104.43
104.09
103.74
103.43
103.20
102.97
102.65
102.30
101.97
101.63
101.44
100.92
100.67
100.35
99.99
99.68
99.40
99.07
98.70
98.37
97.93
97.54
97.18
96.94
96.52
96.18
95.83
95.55
95.28
95.01
94.66
94.45
94.11
93.69
93.44
93.15
92.87
92.60
92.31
92.02
91.81
91.58
91.34
91.00
90.70
90.36
90.05
89.74
89.44
89.21
88.90
88.66
88.30
88.13
87.78
87.49
87.17
86.90
86.64
86.34
86.07
85.73
85.46
85.06
84.72
84.36
84.02
83.66
83.66
83.50
83.38
83.17
82.98
82.74
82.43
82.31
82.07
81.95
81.77
81.60
81.44
81.25
81.14
80.91
80.82
80.64
80.53
80.34
80.18
80.08
79.95
79.73
79.62
79.50
79.40
79.22
79.06
78.94
78.75
78.61
78.46
78.30
78.17
77.99
77.83
77.63
77.42
77.23
77.11
76.93
76.86
76.70
76.53
76.40
76.27
76.09
75.91
75.76
75.63
75.48
75.37
75.25
75.12
75.02
74.90
74.72
74.56
74.44
74.28
74.14
73.98
73.89
73.72
73.57
73.42
73.26
73.16
73.00
72.86
72.77
72.66
72.53
72.42
72.24
72.04
71.89
71.74
71.57
71.44
71.28
71.17
71.05
70.91
70.70
70.54
70.43
70.29
70.16
70.02
69.87
69.71
69.58
69.44
69.27
69.14
69.04
68.86
68.71
68.61
68.49
68.36
68.16
67.97
67.81
67.69
67.54
67.35
67.20
67.10
67.00
66.87
66.76
66.62
66.49
66.34
66.17
66.10
65.97
65.83
65.65
65.51
65.38
65.24
65.07
64.92
64.78
64.64
64.44
64.31
64.19
64.05
63.92
63.79
63.64
63.55
63.45
63.32
63.16
62.99
62.87
62.74
62.60
62.40
62.26
62.11
61.91
61.79
61.68
61.55
61.45
61.35
61.26
61.13
60.99
60.78
60.65
60.52
60.39
60.18
60.01
59.80
59.62
59.50
59.37
59.19
59.07
58.95
58.78
58.66
58.52
58.31
58.16
58.00
57.84
57.74
57.52
57.42
57.26
57.08
56.98
56.87
56.72
56.61
56.50
56.33
56.22
56.06
55.98
55.87
55.71
55.48
55.34
55.21
54.98
54.82
54.70
54.53
54.40
54.18
54.05
53.92
53.75
53.60
53.44
53.27
53.12
52.93
52.84
52.69
52.55
52.43
52.29
52.12
51.97
51.79
51.64
51.51
51.32
51.18
51.05
50.94
50.76
