121.53
121.29
121.01
120.71
120.45
120.21
119.88
119.58
119.25
118.88
118.51
118.11
117.78
117.40
117.10
116.77
116.41
116.08
115.76
115.41
115.14
114.81
114.53
114.19
113.87
113.52
113.21
112.85
112.56
112.21
111.85
111.55
111.23
110.98
110.62
110.37
109.97
109.69
109.40
109.02
108.78
108.45
108.14
107.84
107.53
107.20
106.86
106.58
106.18
105.91
105.62
105.29
104.96
104.65
104.17
103.90
103.61
103.23
103.01
102.71
102.32
102.10
101.70
101.47
101.10
100.81
100.53
100.27
99.92
99.64
99.32
99.01
98.73
98.39
98.07
97.78
97.41
97.13
96.79
96.47
96.12
95.85
95.56
95.23
94.89
94.53
94.25
93.77
93.56
93.24
92.94
92.67
92.39
92.18
91.94
91.68
91.42
90.98
90.68
90.39
90.08
89.88
89.53
89.34
89.02
88.83
88.54
88.28
87.92
87.59
87.37
87.03
86.67
86.34
86.14
86.14
85.84
85.52
85.21
84.87
84.59
84.19
84.06
83.94
83.80
83.62
83.41
83.17
83.00
82.74
82.61
82.43
82.28
82.18
82.04
81.90
81.77
81.68
81.51
81.40
81.19
81.05
80.94
80.81
80.61
80.50
80.38
80.25
80.08
79.91
79.81
79.62
79.50
79.39
79.30
79.18
78.98
78.86
78.70
78.50
78.29
78.15
78.01
77.89
77.71
77.58
77.47
77.33
77.17
77.04
76.90
76.75
76.60
76.47
76.36
76.22
76.04
75.89
75.71
75.62
75.49
75.33
75.19
75.04
74.90
74.66
74.49
74.35
74.21
74.08
73.92
73.82
73.69
73.56
73.43
73.32
73.13
72.97
72.80
72.63
72.52
72.38
72.19
72.08
71.96
71.79
71.66
71.51
71.37
71.17
71.07
70.91
70.78
70.65
70.48
70.28
70.08
69.88
69.77
69.62
69.49
69.35
69.22
69.10
68.96
68.74
68.63
68.50
68.35
68.14
68.03
67.91
67.79
67.59
67.46
67.33
67.07
66.93
66.77
66.67
66.58
66.46
66.21
66.09
65.94
65.83
65.70
65.53
65.40
65.29
65.16
65.04
64.87
64.72
64.60
64.49
64.35
64.22
64.08
63.89
63.68
63.52
63.39
63.29
63.16
63.01
62.92
62.75
62.51
62.36
62.22
62.09
61.97
61.86
61.75
61.58
61.45
61.23
61.12
60.99
60.84
60.61
60.47
60.24
60.07
59.94
59.81
59.64
59.51
59.39
59.27
59.13
58.96
58.85
58.73
58.55
58.44
58.34
58.11
57.97
57.82
57.67
57.54
57.39
57.25
57.05
56.89
56.73
56.59
56.45
56.36
56.24
56.09
55.91
55.74
55.62
55.38
55.21
55.09
54.86
54.73
54.51
54.38
54.20
54.07
53.93
53.69
53.46
53.29
53.10
52.98
52.79
52.68
52.59
52.48
52.35
52.21
52.06
51.95
51.83
51.68
51.48
51.31
51.20
51.09
