120.53
120.25
119.98
119.71
119.47
119.19
118.79
118.44
118.15
117.84
117.46
117.00
116.57
116.15
115.76
115.52
115.09
114.66
114.28
113.86
113.53
113.16
112.93
112.64
112.30
111.96
111.65
111.32
111.07
110.75
110.44
110.09
109.80
109.58
109.26
109.05
108.67
108.41
108.10
107.76
107.51
107.22
106.92
106.64
106.29
105.92
105.60
105.26
104.98
104.64
104.31
103.97
103.66
103.32
102.97
102.62
102.30
102.03
101.80
101.53
101.21
100.88
100.51
100.30
99.96
99.65
99.37
99.00
98.69
98.38
98.06
97.72
97.41
97.11
96.76
96.46
96.09
95.71
95.37
95.06
94.70
94.40
94.11
93.74
93.41
93.03
92.74
92.40
92.08
91.74
91.49
91.22
90.95
90.70
90.45
90.19
89.90
89.57
89.24
88.88
88.56
88.26
88.04
87.71
87.43
87.15
86.91
86.62
86.33
86.02
85.71
85.48
85.13
84.82
84.50
84.25
83.88
83.56
83.26
83.26
83.09
82.77
82.52
82.36
82.18
81.99
81.73
81.45
81.30
81.04
80.93
80.72
80.56
80.42
80.20
80.05
79.81
79.69
79.55
79.46
79.34
79.17
79.03
78.92
78.74
78.66
78.54
78.42
78.24
78.07
77.98
77.79
77.67
77.53
77.39
77.30
77.11
76.99
76.84
76.67
76.50
76.37
76.22
76.09
75.98
75.82
75.67
75.55
75.42
75.28
75.14
74.97
74.82
74.72
74.61
74.46
74.31
74.22
74.09
73.97
73.85
73.65
73.54
73.39
73.27
73.03
72.84
72.71
72.58
72.48
72.31
72.21
72.09
71.96
71.82
71.71
71.52
71.36
71.18
71.01
70.86
70.76
70.52
70.38
70.25
70.15
70.03
69.93
69.81
69.62
69.47
69.34
69.19
69.05
68.92
68.77
68.60
68.46
68.30
68.13
67.99
67.89
67.74
67.66
67.51
67.30
67.16
67.02
66.86
66.66
66.51
66.41
66.33
66.17
66.06
65.89
65.66
65.54
65.39
65.25
65.13
64.98
64.82
64.68
64.53
64.36
64.23
64.06
63.93
63.80
63.64
63.52
63.42
63.29
63.16
63.03
62.93
62.78
62.66
62.53
62.35
62.22
62.07
61.95
61.81
61.57
61.41
61.26
61.06
60.94
60.80
60.67
60.57
60.41
60.23
60.05
59.90
59.65
59.55
59.42
59.29
59.08
58.93
58.73
58.55
58.42
58.26
58.13
58.02
57.87
57.74
57.60
57.41
57.30
57.15
57.02
56.86
56.73
56.49
56.39
56.20
56.10
55.97
55.82
55.70
55.60
55.49
55.36
55.20
55.05
54.95
54.82
54.68
54.49
54.33
54.21
53.98
53.84
53.70
53.50
53.39
53.22
53.08
52.95
52.82
52.69
52.52
52.37
52.24
52.05
51.94
51.80
51.67
51.53
51.41
51.26
51.14
50.98
50.87
50.71
50.57
50.40
50.23
50.10
49.95
