119.39
119.15
118.95
118.68
118.45
118.07
117.60
117.25
116.94
116.58
116.26
115.89
115.57
115.28
114.97
114.67
114.32
113.94
113.94
113.74
113.56
113.38
113.10
112.93
112.75
112.56
112.34
112.13
111.89
111.71
111.46
111.27
110.96
110.73
110.61
110.35
110.21
110.00
109.80
109.55
109.31
109.21
108.99
108.69
108.44
108.19
108.00
107.69
107.51
107.28
107.08
106.89
106.64
106.36
106.17
105.89
105.70
105.48
105.32
105.20
105.01
104.74
104.58
104.31
104.18
103.97
103.75
103.52
103.24
103.02
102.83
102.62
102.40
102.16
101.92
101.70
101.47
101.25
101.04
100.86
100.67
100.40
100.13
99.93
99.66
99.54
99.29
99.09
98.84
98.65
98.45
98.25
98.10
97.94
97.81
97.67
97.57
97.30
97.03
96.83
96.57
96.39
96.16
95.98
95.73
95.58
95.38
95.25
95.05
94.86
94.66
94.43
94.29
94.10
93.91
93.66
93.47
93.23
93.05
92.78
92.57
92.36
92.15
92.00
91.83
91.66
91.47
91.18
91.07
90.83
90.70
90.50
90.39
90.21
90.06
89.89
89.76
89.62
89.50
89.41
89.23
89.06
88.93
88.77
88.56
88.44
88.35
88.23
88.12
87.97
87.87
87.70
87.58
87.39
87.23
87.13
86.96
86.82
86.63
86.41
86.27
86.11
85.94
85.71
85.55
85.45
85.27
85.12
84.97
84.83
84.72
84.54
84.44
84.35
84.26
84.16
83.99
83.85
83.72
83.55
83.39
83.23
83.04
82.91
82.78
82.55
82.39
82.26
82.10
81.92
81.79
81.64
81.48
81.36
81.20
81.07
80.83
80.63
80.47
80.35
80.17
80.03
79.90
79.79
79.69
79.59
79.43
79.28
79.15
79.02
78.90
78.78
78.66
78.54
78.39
78.27
78.08
77.94
77.82
77.65
77.48
77.37
77.23
77.09
76.87
76.71
76.61
76.50
76.35
76.21
76.06
75.96
75.84
75.68
75.57
75.42
75.25
75.09
74.93
74.82
74.72
74.57
74.40
74.30
74.17
74.06
73.94
73.74
73.63
73.50
73.35
73.19
73.07
72.97
72.82
72.65
72.44
72.35
72.22
72.02
71.86
71.75
71.60
71.45
71.33
71.18
71.10
70.95
70.68
70.56
70.43
70.27
70.17
70.06
69.92
69.73
69.60
69.38
69.23
69.11
68.97
68.77
68.64
68.43
68.23
68.11
67.95
67.87
67.76
67.60
67.50
67.35
67.19
67.05
66.87
66.77
66.65
66.48
66.25
66.08
65.89
65.75
65.62
65.48
65.35
65.24
65.11
64.97
64.82
64.67
64.57
64.46
64.32
64.16
64.03
63.90
63.68
63.54
63.43
63.29
63.09
62.96
62.79
62.62
62.51
62.38
62.24
62.08
61.92
61.69
61.56
61.41
61.31
61.20
61.07
60.98
60.90
60.75
60.66
60.53
60.35
60.14
60.06
59.92
