121.85
121.60
121.36
121.08
120.83
120.53
120.25
119.91
119.61
119.23
118.93
118.55
118.18
117.86
117.55
117.14
116.81
116.50
116.21
115.91
115.56
115.23
114.92
114.62
114.33
114.01
113.71
113.38
113.07
112.72
112.39
112.02
111.73
111.52
111.18
110.99
110.64
110.34
110.04
109.68
109.46
109.11
108.80
108.48
108.17
107.81
107.39
107.09
106.79
106.41
106.14
105.78
105.47
105.14
104.78
104.45
103.99
103.79
103.58
103.27
102.95
102.62
102.34
102.12
101.82
101.53
101.25
100.86
100.56
100.25
99.92
99.62
99.29
98.99
98.69
98.38
98.03
97.76
97.50
97.16
96.79
96.48
96.22
95.87
95.65
95.31
94.98
94.67
94.38
94.07
93.76
93.52
93.26
93.04
92.81
92.59
92.24
91.75
91.31
91.09
90.63
90.42
89.97
89.74
89.31
89.09
88.72
88.51
88.04
87.63
87.45
87.06
86.69
86.32
86.10
85.64
85.20
84.85
84.50
84.08
83.71
83.49
83.22
82.94
82.66
82.35
82.00
81.77
81.41
81.18
80.89
80.65
80.34
80.34
80.23
80.14
79.99
79.86
79.71
79.63
79.44
79.32
79.18
79.02
78.85
78.72
78.61
78.49
78.30
78.15
77.99
77.82
77.68
77.55
77.41
77.31
77.12
76.98
76.76
76.55
76.39
76.24
76.07
75.80
75.61
75.48
75.35
75.24
75.07
74.91
74.76
74.62
74.45
74.31
74.22
74.08
73.95
73.83
73.67
73.50
73.40
73.28
73.15
73.03
72.91
72.74
72.58
72.45
72.30
72.18
72.02
71.89
71.74
71.59
71.45
71.31
71.16
70.94
70.78
70.62
70.45
70.30
70.13
70.01
69.92
69.80
69.62
69.49
69.39
69.22
69.04
68.91
68.78
68.65
68.42
68.26
68.08
67.92
67.75
67.59
67.50
67.35
67.22
67.07
66.91
66.73
66.58
66.48
66.31
66.13
65.99
65.90
65.76
65.65
65.54
65.36
65.20
65.10
64.90
64.79
64.67
64.55
64.31
64.20
64.12
63.99
63.85
63.66
63.51
63.39
63.27
63.15
63.02
62.85
62.72
62.57
62.40
62.27
62.14
62.02
61.92
61.75
61.59
61.45
61.32
61.11
60.95
60.81
60.63
60.51
60.37
60.24
60.13
60.02
59.92
59.76
59.60
59.36
59.24
59.10
58.94
58.72
58.56
58.36
58.22
58.07
57.95
57.85
57.75
57.63
57.52
57.36
57.17
57.02
56.87
56.76
56.58
56.45
56.24
56.11
55.92
55.77
55.66
55.56
55.42
55.29
55.17
55.02
54.91
54.75
54.64
54.52
54.35
54.18
54.06
53.92
53.67
53.53
53.33
53.18
53.07
52.86
52.74
52.64
52.51
52.38
52.25
52.09
51.93
51.74
51.63
51.51
51.40
51.23
51.11
50.97
50.84
50.69
50.57
50.42
50.25
50.09
49.93
49.83
49.70
