121.35
121.09
120.85
120.55
120.31
120.06
119.77
119.46
119.15
118.81
118.43
118.07
117.72
117.34
117.05
116.71
116.39
116.04
115.71
115.37
115.07
114.72
114.40
114.16
113.89
113.59
113.29
112.99
112.65
112.34
111.96
111.61
111.34
111.13
110.81
110.58
110.21
109.94
109.59
109.21
108.94
108.67
108.22
107.84
107.48
107.03
106.74
106.41
106.10
105.64
105.19
104.78
104.36
104.04
103.63
103.16
102.80
102.57
102.38
102.06
101.69
101.39
101.06
100.82
100.42
100.20
99.75
99.42
99.06
98.75
98.38
97.98
97.67
97.34
97.01
96.62
96.35
95.94
95.66
95.36
95.00
94.69
94.41
94.06
93.80
93.46
93.16
92.86
92.58
92.29
91.99
91.73
91.45
91.26
91.04
90.78
90.47
90.17
89.88
89.56
89.28
88.94
88.69
88.33
88.07
87.78
87.56
87.21
86.87
86.53
86.20
85.95
85.61
85.32
85.00
84.74
84.33
84.01
83.68
83.29
82.93
82.57
82.30
81.78
81.38
80.90
80.70
80.26
80.04
79.81
79.57
79.34
79.07
78.81
78.58
78.36
78.10
77.88
77.68
77.37
77.13
76.92
76.69
76.40
76.11
75.92
75.68
75.40
75.18
74.95
74.95
74.83
74.66
74.49
74.34
74.22
74.09
73.95
73.79
73.60
73.46
73.32
73.16
73.08
72.93
72.82
72.70
72.58
72.43
72.29
72.16
72.01
71.87
71.77
71.64
71.52
71.37
71.25
71.01
70.89
70.73
70.55
70.41
70.27
70.11
69.91
69.77
69.65
69.50
69.38
69.18
69.06
68.92
68.79
68.64
68.52
68.34
68.17
68.02
67.84
67.71
67.56
67.34
67.23
67.09
66.93
66.77
66.65
66.51
66.32
66.19
66.03
65.92
65.78
65.63
65.46
65.31
65.15
65.03
64.87
64.73
64.61
64.47
64.34
64.20
64.02
63.87
63.74
63.60
63.39
63.25
63.16
63.04
62.87
62.74
62.59
62.40
62.28
62.14
62.03
61.87
61.72
61.54
61.41
61.23
61.10
60.97
60.78
60.63
60.50
60.34
60.19
60.03
59.88
59.74
59.58
59.38
59.26
59.15
58.98
58.80
58.64
58.48
58.33
58.20
57.99
57.88
57.75
57.54
57.42
57.31
57.19
57.08
56.96
56.86
56.71
56.58
56.41
56.26
56.16
56.02
55.83
55.69
55.46
55.31
55.19
54.98
54.87
54.76
54.61
54.49
54.31
54.16
53.99
53.89
53.76
53.60
53.46
53.22
53.09
52.98
52.85
52.71
52.58
52.47
52.32
52.20
52.07
51.92
51.81
51.69
51.52
51.33
51.19
51.07
50.91
50.67
50.54
50.42
50.28
50.17
50.00
49.84
49.71
49.59
49.47
49.26
49.07
48.94
48.73
48.61
48.50
48.38
48.25
48.12
47.98
47.84
47.64
47.54
47.39
47.25
47.09
46.92
46.81
46.64
