121.94
121.67
121.43
121.13
120.91
120.49
120.17
119.93
119.51
119.12
118.66
118.37
117.83
117.56
117.23
116.89
116.61
116.29
116.00
115.61
115.29
115.01
114.70
114.43
114.14
113.78
113.44
113.12
112.85
112.55
112.23
111.90
111.64
111.44
111.10
110.88
110.56
110.27
109.91
109.57
109.35
108.98
108.65
108.35
108.02
107.69
107.30
106.98
106.52
106.30
106.01
105.70
105.36
105.06
104.59
104.32
103.98
103.69
103.47
103.18
102.75
102.52
102.15
101.91
101.51
101.14
100.76
100.48
100.20
99.87
99.54
99.24
98.95
98.64
98.28
98.00
97.63
97.32
97.06
96.74
96.42
96.15
95.86
95.53
95.29
94.94
94.64
94.34
94.07
93.81
93.52
93.25
92.91
92.68
92.45
92.03
91.55
91.22
90.87
90.52
90.34
90.02
89.77
89.44
89.19
88.90
88.68
88.29
87.98
87.69
87.40
87.15
86.86
86.54
86.22
86.22
86.08
85.78
85.52
85.29
85.03
84.79
84.53
84.38
84.18
83.99
83.76
83.51
83.38
83.12
82.96
82.77
82.64
82.47
82.29
82.17
82.04
81.91
81.76
81.64
81.41
81.24
81.13
81.01
80.81
80.71
80.61
80.47
80.31
80.18
80.07
79.89
79.77
79.61
79.47
79.36
79.18
79.08
78.87
78.69
78.52
78.40
78.22
78.08
77.93
77.76
77.66
77.55
77.41
77.29
77.19
77.06
76.92
76.80
76.69
76.61
76.44
76.32
76.17
75.99
75.82
75.69
75.50
75.36
75.22
74.98
74.81
74.72
74.57
74.47
74.30
74.14
74.03
73.92
73.78
73.65
73.49
73.31
73.11
72.94
72.79
72.65
72.50
72.38
72.24
72.12
71.99
71.82
71.64
71.47
71.36
71.22
71.08
70.97
70.79
70.66
70.50
70.35
70.24
70.09
69.93
69.79
69.67
69.59
69.39
69.24
69.10
68.98
68.85
68.62
68.46
68.36
68.25
68.11
67.99
67.83
67.63
67.49
67.36
67.23
67.09
66.97
66.76
66.65
66.49
66.34
66.19
66.05
65.91
65.79
65.61
65.48
65.35
65.23
65.09
64.94
64.77
64.66
64.55
64.42
64.30
64.16
64.00
63.88
63.73
63.52
63.37
63.23
63.01
62.90
62.78
62.68
62.55
62.42
62.30
62.14
62.01
61.82
61.69
61.57
61.42
61.22
61.07
60.84
60.66
60.51
60.40
60.28
60.18
60.06
59.91
59.75
59.58
59.41
59.30
59.17
59.05
58.94
58.72
58.64
58.50
58.32
58.18
58.06
57.93
57.75
57.65
57.49
57.35
57.20
57.10
56.96
56.78
56.63
56.45
56.30
56.02
55.92
55.81
55.59
55.46
55.26
55.13
54.98
54.85
54.67
54.46
54.27
54.10
53.88
53.78
53.60
53.48
53.36
53.22
53.09
52.99
52.81
52.68
52.54
52.39
52.27
52.16
52.04
51.89
