119.24
118.96
118.70
118.42
118.11
117.83
117.62
117.19
116.96
116.63
116.31
115.97
115.54
115.54
115.34
115.12
114.78
114.52
114.30
114.10
113.80
113.61
113.39
113.18
113.00
112.81
112.58
112.35
112.16
112.01
111.79
111.57
111.28
111.10
110.99
110.74
110.59
110.31
110.17
109.91
109.62
109.48
109.34
109.18
108.98
108.79
108.54
108.31
108.10
107.87
107.63
107.41
107.13
106.89
106.65
106.41
106.16
105.95
105.72
105.61
105.45
105.22
105.04
104.85
104.73
104.53
104.33
104.11
103.87
103.70
103.43
103.22
103.02
102.80
102.62
102.42
102.17
101.92
101.60
101.32
101.08
100.85
100.65
100.47
100.23
100.11
99.84
99.59
99.37
99.17
98.85
98.63
98.46
98.27
98.13
97.96
97.81
97.65
97.46
97.21
96.90
96.68
96.46
96.30
96.07
95.90
95.69
95.60
95.39
95.11
94.90
94.74
94.55
94.37
94.20
93.98
93.86
93.59
93.37
93.15
92.94
92.64
92.39
92.30
92.11
91.87
91.69
91.39
91.25
90.99
90.83
90.63
90.50
90.34
90.15
90.00
89.78
89.64
89.53
89.41
89.23
89.05
88.86
88.73
88.55
88.39
88.25
88.13
87.96
87.79
87.69
87.52
87.39
87.26
87.15
87.03
86.87
86.79
86.61
86.42
86.25
86.10
85.91
85.79
85.63
85.49
85.31
85.18
85.02
84.88
84.73
84.59
84.46
84.30
84.19
84.07
83.96
83.83
83.69
83.55
83.43
83.33
83.21
83.10
83.01
82.80
82.63
82.49
82.33
82.23
82.07
81.95
81.83
81.68
81.55
81.41
81.24
81.09
80.99
80.83
80.66
80.52
80.43
80.31
80.19
80.02
79.91
79.78
79.61
79.44
79.31
79.18
79.05
78.97
78.82
78.68
78.48
78.38
78.27
78.14
77.98
77.85
77.72
77.57
77.36
77.20
77.07
76.98
76.82
76.60
76.51
76.40
76.26
76.10
75.97
75.80
75.62
75.45
75.30
75.22
75.11
74.92
74.77
74.66
74.53
74.39
74.18
74.02
73.89
73.78
73.61
73.51
73.39
73.26
73.10
73.00
72.89
72.81
72.72
72.60
72.40
72.29
72.16
72.01
71.90
71.78
71.65
71.43
71.25
71.12
71.00
70.88
70.77
70.66
70.53
70.38
70.23
70.09
69.99
69.83
69.68
69.49
69.36
69.14
68.96
68.84
68.66
68.54
68.42
68.30
68.16
68.00
67.87
67.74
67.55
67.38
67.25
67.17
66.97
66.80
66.61
66.46
66.35
66.19
66.08
65.91
65.83
65.69
65.49
65.34
65.22
65.05
64.91
64.76
64.64
64.52
64.26
64.15
64.02
63.89
63.75
63.66
63.54
63.39
63.23
63.11
62.93
62.76
62.60
62.41
62.30
62.15
62.04
61.92
61.77
61.67
61.54
61.36
61.24
61.13
60.94
60.82
60.61
60.50
