120.10
119.87
119.60
119.31
119.06
118.79
118.49
118.17
117.84
117.50
117.22
116.86
116.53
116.23
115.91
115.52
115.17
114.81
114.48
114.06
113.73
113.41
113.08
112.68
112.48
112.13
111.82
111.49
111.14
110.84
110.54
110.11
109.87
109.53
109.31
108.94
108.58
108.20
107.99
107.68
107.47
107.14
106.84
106.54
106.23
105.84
105.49
105.23
105.23
105.09
104.91
104.64
104.38
104.17
103.94
103.69
103.39
103.18
103.02
102.88
102.65
102.41
102.19
101.98
101.87
101.67
101.41
101.20
100.91
100.67
100.51
100.26
100.03
99.84
99.63
99.41
99.15
98.88
98.59
98.40
98.17
97.98
97.80
97.65
97.40
97.25
96.98
96.82
96.56
96.35
96.08
95.88
95.67
95.53
95.41
95.25
95.13
94.90
94.71
94.55
94.27
94.08
93.96
93.82
93.60
93.42
93.24
93.11
92.82
92.54
92.33
92.08
91.91
91.66
91.46
91.25
91.11
90.90
90.64
90.47
90.27
90.06
89.84
89.68
89.45
89.18
88.92
88.66
88.51
88.29
88.13
87.96
87.83
87.68
87.52
87.41
87.23
87.08
86.92
86.80
86.56
86.39
86.25
86.14
85.96
85.85
85.77
85.65
85.49
85.34
85.23
85.05
84.91
84.77
84.61
84.52
84.35
84.22
84.03
83.84
83.71
83.61
83.42
83.26
83.13
82.99
82.85
82.74
82.58
82.45
82.34
82.15
82.04
81.89
81.77
81.64
81.46
81.32
81.09
80.91
80.80
80.70
80.56
80.45
80.30
80.11
79.94
79.82
79.66
79.53
79.39
79.26
79.13
79.02
78.95
78.84
78.66
78.48
78.37
78.20
78.03
77.87
77.69
77.54
77.39
77.27
77.17
77.02
76.90
76.75
76.62
76.50
76.39
76.27
76.14
76.03
75.88
75.75
75.63
75.48
75.31
75.18
75.06
74.95
74.79
74.58
74.44
74.32
74.20
73.95
73.83
73.73
73.60
73.49
73.37
73.22
73.02
72.86
72.69
72.58
72.47
72.32
72.13
72.03
71.85
71.70
71.57
71.41
71.30
71.18
71.03
70.90
70.72
70.58
70.45
70.29
70.17
70.03
69.92
69.80
69.66
69.52
69.38
69.24
69.11
68.89
68.77
68.65
68.45
68.32
68.17
68.01
67.91
67.79
67.70
67.55
67.41
67.17
67.02
66.91
66.71
66.48
66.33
66.12
65.91
65.80
65.65
65.57
65.46
65.32
65.20
65.07
64.89
64.75
64.61
64.51
64.35
64.24
64.00
63.82
63.68
63.53
63.40
63.31
63.19
63.05
62.93
62.79
62.63
62.47
62.37
62.21
62.02
61.83
61.72
61.55
61.33
61.19
61.09
60.96
60.84
60.63
60.49
60.32
60.19
60.10
59.92
59.72
59.61
59.42
59.31
59.15
59.06
58.93
58.80
58.64
58.54
58.35
58.23
58.06
57.89
57.71
57.56
57.47
57.29
