120.68
120.43
120.18
119.86
119.65
119.30
118.84
118.50
118.28
117.92
117.57
117.25
116.87
116.51
116.21
115.92
115.56
115.19
114.88
114.54
114.20
113.94
113.55
113.31
112.86
112.68
112.25
111.89
111.55
111.23
110.85
110.64
110.33
110.11
109.78
109.50
109.17
108.86
108.50
108.16
107.86
107.66
107.32
107.11
106.77
106.37
106.11
105.67
105.47
105.14
104.91
104.49
104.10
103.77
103.40
103.06
102.82
102.56
102.34
102.02
101.71
101.45
101.13
100.82
100.45
100.13
99.80
99.33
99.02
98.67
98.36
98.05
97.68
97.30
97.00
96.62
96.30
95.91
95.60
95.27
94.87
94.55
94.23
93.98
93.71
93.35
93.08
92.73
92.43
92.13
91.83
91.57
91.30
91.08
90.85
90.65
90.39
90.07
89.73
89.35
89.04
88.70
88.47
88.17
87.91
87.63
87.43
87.04
86.70
86.36
86.04
85.79
85.48
85.12
84.79
84.55
84.24
83.95
83.64
83.34
82.95
82.67
82.44
82.15
81.84
81.48
81.10
80.87
80.52
80.23
79.96
79.75
79.50
79.23
79.02
78.73
78.46
78.25
78.08
78.08
77.93
77.79
77.66
77.53
77.34
77.23
77.09
76.99
76.80
76.66
76.56
76.42
76.33
76.20
76.07
75.97
75.78
75.63
75.48
75.29
75.13
75.01
74.89
74.71
74.57
74.45
74.30
74.19
74.08
73.93
73.77
73.64
73.52
73.34
73.23
73.08
72.91
72.79
72.63
72.46
72.32
72.18
72.03
71.92
71.77
71.57
71.43
71.26
71.12
71.00
70.85
70.70
70.58
70.42
70.27
70.14
69.94
69.79
69.55
69.40
69.31
69.17
68.88
68.75
68.60
68.46
68.34
68.23
68.05
67.88
67.74
67.61
67.48
67.36
67.19
67.03
66.85
66.71
66.57
66.44
66.30
66.20
66.08
65.93
65.77
65.57
65.44
65.33
65.19
64.98
64.88
64.78
64.66
64.54
64.39
64.26
64.04
63.88
63.72
63.61
63.48
63.37
63.18
63.07
62.92
62.78
62.58
62.43
62.30
62.15
61.97
61.85
61.69
61.44
61.32
61.20
61.00
60.92
60.81
60.61
60.48
60.33
60.17
60.03
59.86
59.65
59.53
59.36
59.17
59.09
58.92
58.81
58.69
58.60
58.50
58.34
58.23
58.03
57.90
57.77
57.62
57.44
57.30
57.05
56.89
56.76
56.60
56.48
56.37
56.23
56.10
55.88
55.74
55.61
55.48
55.30
55.12
55.02
54.80
54.67
54.53
54.39
54.27
54.12
53.95
53.81
53.68
53.54
53.41
53.23
53.09
52.92
52.75
52.60
52.49
52.38
52.08
51.92
51.77
51.57
51.43
51.29
51.11
50.94
50.81
50.67
50.47
50.32
50.16
49.95
49.80
49.63
49.52
49.39
49.25
49.11
49.00
48.81
48.69
48.59
48.45
48.31
48.17
48.06
47.89
