1	121.04	121.19	121.28	121.43	121.46	121.59	121.82	121.88	121.94	122.14	119.57	122.23	119.65	119.87	120.25	120.19	120.45	120.68	120.93	120.85
2	120.88	121.01	121.13	121.27	121.29	121.44	121.68	121.72	121.79	121.98	119.41	122.07	119.50	119.69	120.09	120.03	120.30	120.53	120.77	120.72
3	120.74	120.84	120.97	121.12	121.14	121.29	121.52	121.56	121.63	121.83	119.25	121.92	119.33	119.54	119.94	119.88	120.15	120.38	120.61	120.57
4	120.62	120.71	120.84	120.95	121.01	121.15	121.36	121.43	121.50	121.68	119.12	121.78	119.17	119.41	119.79	119.75	120.00	120.24	120.48	120.44
5	120.44	120.56	120.67	120.81	120.83	120.96	121.20	121.24	121.32	121.53	118.97	121.61	118.99	119.27	119.66	119.57	119.83	120.10	120.31	120.26
6	120.29	120.43	120.51	120.64	120.67	120.82	121.05	121.09	121.16	121.40	118.84	121.47	118.83	119.12	119.50	119.42	119.68	119.97	120.15	120.13
7	120.15	120.28	120.38	120.49	120.52	120.66	120.90	120.92	121.01	121.23	118.71	121.29	118.70	118.97	119.34	119.25	119.54	119.81	119.98	119.98
8	120.02	120.13	120.21	120.33	120.36	120.48	120.69	120.75	120.85	121.06	118.59	121.11	118.53	118.80	119.15	119.09	119.39	119.66	119.81	119.80
9	119.85	119.97	120.05	120.18	120.20	120.33	120.52	120.60	120.69	120.90	118.43	120.96	118.38	118.67	119.00	118.94	119.24	119.50	119.66	119.65
10	119.73	119.76	119.84	119.98	120.00	120.10	120.30	120.41	120.48	120.68	118.21	120.74	118.38	118.54	118.78	118.67	119.03	119.29	119.46	119.46
11	119.50	119.61	119.69	119.83	119.85	119.96	120.10	120.28	120.34	120.52	118.21	120.53	118.35	118.32	118.64	118.46	118.88	119.14	119.31	119.32
12	119.30	119.47	119.53	119.68	119.71	119.80	119.96	120.11	120.20	120.38	118.19	120.39	118.31	118.16	118.47	118.32	118.71	118.98	119.14	119.16
13	119.14	119.33	119.40	119.55	119.58	119.61	119.74	119.99	120.00	120.25	118.13	120.18	118.25	118.03	118.25	118.20	118.58	118.85	118.95	119.04
14	118.93	119.20	119.26	119.39	119.46	119.42	119.51	119.80	119.81	120.11	118.10	119.97	118.19	117.89	118.06	118.01	118.44	118.72	118.72	118.84
16	118.81	119.00	119.06	119.17	119.27	119.22	119.37	119.57	119.66	119.93	118.00	119.84	118.07	117.89	117.92	117.84	118.24	118.52	118.58	118.62
17	118.66	118.84	118.91	119.02	119.14	119.04	119.24	119.42	119.51	119.77	117.91	119.70	117.93	117.86	117.78	117.67	118.04	118.31	118.44	118.40
18	118.45	118.64	118.77	118.88	118.99	118.88	119.03	119.22	119.37	119.55	117.86	119.55	117.89	117.81	117.60	117.48	117.90	118.16	118.26	118.20
19	118.27	118.48	118.63	118.72	118.82	118.72	118.84	119.07	119.19	119.37	117.77	119.37	117.81	117.69	117.42	117.32	117.75	117.97	118.05	118.04
20	118.11	118.28	118.45	118.56	118.64	118.56	118.67	118.92	119.01	119.21	117.71	119.21	117.75	117.61	117.24	117.14	117.59	117.79	117.87	117.86
21	117.95	118.09	118.28	118.38	118.48	118.38	118.50	118.76	118.82	119.07	117.64	119.04	117.68	117.58	117.06	116.96	117.43	117.63	117.70	117.68
22	117.80	117.88	118.11	118.21	118.31	118.23	118.32	118.60	118.65	118.91	117.58	118.89	117.59	117.52	116.91	116.83	117.26	117.43	117.52	117.53
23	117.63	117.74	117.93	118.02	118.11	118.02	118.16	118.43	118.49	118.70	117.53	118.72	117.55	117.44	116.73	116.58	117.12	117.30	117.37	117.34
24	117.44	117.53	117.76	117.87	117.92	117.89	117.98	118.27	118.31	118.46	117.46	118.53	117.47	117.37	116.73	116.44	116.88	117.09	117.21	117.18
25	117.31	117.40	117.55	117.73	117.73	117.76	117.80	118.12	118.16	118.29	117.36	118.40	117.36	117.24	116.70	116.31	116.75	116.96	117.05	117.02
26	117.18	117.27	117.41	117.58	117.58	117.60	117.61	117.97	118.01	118.10	117.29	118.27	117.30	117.20	116.65	116.16	116.62	116.84	116.89	116.82
27	117.03	117.10	117.28	117.38	117.40	117.43	117.44	117.76	117.83	117.94	117.18	118.13	117.27	117.17	116.63	116.00	116.47	116.69	116.74	116.67
28	116.87	116.92	117.13	117.20	117.23	117.30	117.24	117.59	117.64	117.74	117.11	117.96	117.23	117.13	116.59	115.80	116.29	116.53	116.61	116.49
29	116.67	116.71	116.95	116.98	117.04	117.16	117.09	117.39	117.47	117.61	116.99	117.74	117.15	117.07	116.55	115.66	116.12	116.36	116.48	116.34
30	116.52	116.56	116.77	116.84	116.89	117.01	116.92	117.26	117.31	117.48	116.95	117.59	117.07	116.97	116.46	115.53	115.98	116.19	116.32	116.17
31	116.35	116.43	116.62	116.68	116.70	116.88	116.78	117.11	117.11	117.32	116.91	117.40	117.02	116.93	116.40	115.39	115.84	116.07	116.14	116.02
32	116.20	116.27	116.46	116.53	116.46	116.65	116.56	116.96	116.99	117.19	116.84	117.25	116.99	116.90	116.34	115.24	115.70	115.90	115.94	115.87
33	115.97	116.04	116.31	116.39	116.30	116.52	116.39	116.81	116.85	117.01	116.80	117.01	116.95	116.85	116.31	115.06	115.55	115.90	115.75	115.71
34	115.80	115.91	116.08	116.21	116.09	116.35	116.26	116.63	116.69	116.79	116.73	116.88	116.91	116.70	116.19	115.06	115.37	115.83	115.54	115.51
35	115.66	115.74	115.91	116.00	115.96	116.20	116.12	116.42	116.46	116.65	116.62	116.72	116.87	116.68	116.05	114.99	115.17	115.74	115.39	115.35
36	115.52	115.58	115.76	115.84	115.79	116.05	115.96	116.26	116.33	116.52	116.58	116.56	116.77	116.62	116.00	114.93	115.01	115.70	115.26	115.19
37	115.37	115.42	115.60	115.68	115.65	115.88	115.81	116.11	116.20	116.37	116.54	116.41	116.74	116.56	115.96	114.88	114.86	115.66	115.10	115.04
38	115.21	115.27	115.45	115.54	115.53	115.72	115.66	115.96	116.05	116.24	116.49	116.25	116.69	116.53	115.92	114.83	114.72	115.59	114.98	114.87
39	115.01	115.12	115.30	115.41	115.37	115.56	115.51	115.80	115.91	116.00	116.47	116.10	116.64	116.49	115.89	114.73	114.59	115.54	114.82	114.70
40	114.86	114.96	115.10	115.24	115.23	115.32	115.38	115.64	115.71	115.86	116.40	115.93	116.62	116.40	115.74	114.66	114.36	115.47	114.67	114.53
41	114.65	114.81	114.90	115.10	115.02	115.20	115.22	115.48	115.59	115.65	116.36	115.79	116.52	116.32	115.72	114.55	114.21	115.45	114.50	114.38
42	114.51	114.67	114.70	114.93	114.89	115.06	115.07	115.33	115.42	115.49	116.26	115.63	116.47	116.29	115.66	114.50	114.06	115.40	114.34	114.19
43	114.36	114.53	114.54	114.78	114.75	114.91	114.92	115.20	115.28	115.34	116.18	115.49	116.40	116.25	115.55	114.44	113.83	115.34	114.20	114.03
44	114.24	114.39	114.40	114.61	114.58	114.75	114.78	115.03	115.12	115.17	116.16	115.34	116.34	116.20	115.53	114.40	113.68	115.30	114.06	113.86
45	114.06	114.20	114.20	114.46	114.40	114.57	114.60	114.83	114.92	115.02	116.08	115.15	116.25	116.16	115.50	114.31	113.52	115.26	113.89	113.71
46	113.86	114.04	114.01	114.27	114.25	114.42	114.44	114.68	114.73	114.87	115.99	114.99	116.20	116.12	115.46	114.23	113.34	115.17	113.69	113.57
47	113.71	113.86	113.86	114.10	114.11	114.26	114.28	114.50	114.60	114.71	115.92	114.81	116.13	116.04	115.37	114.17	113.18	115.12	113.55	113.45
48	113.56	113.70	113.68	113.96	113.98	114.13	114.06	114.35	114.45	114.59	115.87	114.65	116.08	115.97	115.30	114.11	113.02	115.08	113.41	113.30
49	113.42	113.53	113.53	113.83	113.84	113.97	113.91	114.20	114.28	114.42	115.83	114.45	116.04	115.90	115.25	114.00	112.86	115.04	113.27	113.13
50	113.24	113.33	113.33	113.64	113.69	113.83	113.77	114.01	114.08	114.26	115.81	114.30	116.00	115.84	115.14	113.94	112.69	115.01	113.11	112.97
51	113.10	113.16	113.17	113.42	113.48	113.66	113.63	113.83	113.92	114.11	115.71	114.16	115.90	115.71	115.08	113.87	112.52	114.90	112.95	112.80
52	112.93	112.94	113.03	113.27	113.29	113.45	113.45	113.68	113.74	113.93	115.65	114.02	115.86	115.66	115.03	113.80	112.36	114.84	112.79	112.62
53	112.77	112.77	112.89	113.15	113.16	113.28	113.25	113.49	113.56	113.74	115.58	113.84	115.81	115.60	114.97	113.76	112.20	114.74	112.60	112.43
54	112.64	112.61	112.77	112.97	113.02	113.06	113.06	113.35	113.40	113.55	115.52	113.69	115.76	115.52	114.88	113.68	112.04	114.68	112.45	112.23
55	112.49	112.44	112.56	112.74	112.86	112.89	112.86	113.20	113.23	113.39	115.46	113.53	115.70	115.49	114.80	113.56	111.89	114.56	112.29	112.06
56	112.27	112.24	112.36	112.57	112.66	112.73	112.69	113.00	113.03	113.23	115.39	113.35	115.65	115.44	114.69	113.52	111.89	114.42	112.09	111.90
57	112.14	112.06	112.20	112.41	112.52	112.57	112.55	112.87	112.90	113.08	115.28	113.17	115.59	115.35	114.64	113.48	111.84	114.37	111.95	111.74
58	111.94	111.90	112.05	112.24	112.37	112.41	112.36	112.73	112.76	112.94	115.19	113.02	115.49	115.31	114.59	113.42	111.80	114.31	111.82	111.60
59	111.79	111.75	111.91	112.08	112.20	112.26	112.20	112.52	112.62	112.78	115.15	112.87	115.46	115.27	114.54	113.39	111.77	114.20	111.68	111.46
60	111.60	111.61	111.76	111.92	112.06	112.08	112.04	112.33	112.47	112.63	115.06	112.71	115.43	115.19	114.47	113.32	111.69	114.13	111.44	111.32
61	111.44	111.48	111.63	111.75	111.91	111.93	111.89	112.16	112.34	112.50	115.01	112.57	115.40	115.15	114.40	113.28	111.62	114.08	111.26	111.19
62	111.29	111.32	111.48	111.58	111.78	111.78	111.72	112.02	112.20	112.31	114.95	112.43	115.29	115.12	114.29	113.19	111.56	114.03	111.12	110.97
63	111.11	111.18	111.34	111.44	111.63	111.61	111.58	111.87	112.04	112.17	114.91	112.27	115.24	115.07	114.23	113.14	111.52	113.96	110.97	110.82
64	110.96	111.02	111.19	111.26	111.46	111.47	111.43	111.67	111.87	112.02	114.83	112.13	115.19	114.98	114.16	113.08	111.47	113.88	110.79	110.69
65	110.81	110.81	111.03	111.09	111.25	111.26	111.30	111.51	111.68	111.89	114.75	111.96	115.08	114.94	114.12	112.98	111.44	113.85	110.64	110.53
66	110.66	110.66	110.83	110.96	111.10	111.07	111.09	111.31	111.46	111.73	114.64	111.78	115.04	114.88	114.03	112.91	111.41	113.74	110.44	110.37
67	110.48	110.50	110.64	110.76	110.94	110.90	110.90	111.13	111.30	111.55	114.56	111.60	115.00	114.80	113.95	112.83	111.36	113.68	110.28	110.18
68	110.29	110.33	110.48	110.58	110.78	110.73	110.72	110.98	111.11	111.39	114.49	111.40	114.95	114.71	113.91	112.77	111.30	113.61	110.08	109.99
69	110.11	110.17	110.31	110.39	110.63	110.55	110.53	110.82	110.94	111.19	114.40	111.22	114.89	114.63	113.84	112.68	111.22	113.54	109.88	109.81
70	109.94	109.99	110.11	110.19	110.45	110.39	110.38	110.62	110.74	111.04	114.33	111.07	114.82	114.55	113.74	112.58	111.15	113.46	109.64	109.65
71	109.79	109.83	109.93	110.00	110.23	110.19	110.23	110.47	110.55	110.90	114.27	110.88	114.76	114.46	113.68	112.52	111.08	113.42	109.51	109.48
72	109.64	109.64	109.80	109.86	110.08	110.06	110.09	110.32	110.37	110.73	114.24	110.73	114.65	114.42	113.64	112.46	111.02	113.35	109.35	109.32
73	109.48	109.51	109.63	109.73	109.94	109.90	109.96	110.15	110.22	110.53	114.18	110.58	114.61	114.33	113.58	112.38	110.96	113.30	109.19	109.13
74	109.33	109.36	109.45	109.59	109.79	109.72	109.81	109.96	110.08	110.35	114.13	110.40	114.55	114.29	113.50	112.29	110.91	113.24	109.02	108.95
75	109.18	109.16	109.28	109.40	109.61	109.51	109.61	109.76	109.91	110.17	114.06	110.21	114.51	114.22	113.43	112.22	110.86	113.16	108.84	108.78
76	109.04	108.93	109.10	109.21	109.46	109.33	109.46	109.56	109.71	110.01	113.95	110.04	114.47	114.14	113.33	112.16	110.80	113.08	108.64	108.61
77	108.83	108.81	108.94	109.04	109.30	109.16	109.30	109.39	109.59	109.87	113.90	109.88	114.45	114.07	113.28	112.11	110.77	113.02	108.46	108.46
78	108.68	108.67	108.78	108.87	109.15	109.01	109.15	109.24	109.43	109.75	113.83	109.74	114.34	114.02	113.21	112.09	110.71	112.99	108.32	108.34
79	108.52	108.52	108.62	108.72	109.01	108.89	109.03	109.12	109.29	109.57	113.78	109.58	114.29	113.97	113.19	112.05	110.64	112.97	108.16	108.17
80	108.40	108.40	108.47	108.60	108.89	108.74	108.88	108.95	109.14	109.43	113.74	109.44	114.22	113.91	113.14	112.01	110.59	112.88	108.02	108.00
81	108.26	108.25	108.32	108.45	108.73	108.60	108.68	108.76	108.98	109.26	113.72	109.27	114.17	113.86	113.10	111.90	110.57	112.83	107.86	107.83
82	108.11	108.10	108.18	108.29	108.58	108.45	108.55	108.61	108.83	109.03	113.60	109.12	114.12	113.80	113.06	111.84	110.51	112.76	107.70	107.60
83	107.93	107.94	108.05	108.15	108.41	108.32	108.35	108.38	108.66	108.89	113.56	108.99	114.10	113.76	112.91	111.80	110.46	112.64	107.45	107.47
84	107.69	107.67	107.86	108.02	108.27	108.13	108.22	108.24	108.43	108.76	113.41	108.82	114.06	113.72	112.85	111.75	110.41	112.59	107.31	107.34
85	107.55	107.50	107.70	107.84	108.11	108.00	108.08	108.10	108.26	108.60	113.37	108.67	114.02	113.64	112.79	111.69	110.39	112.56	107.18	107.21
86	107.40	107.34	107.56	107.71	107.96	107.83	107.94	107.95	108.09	108.44	113.28	108.52	113.98	113.57	112.75	111.57	110.31	112.50	106.99	107.05
87	107.27	107.20	107.37	107.55	107.81	107.63	107.76	107.82	107.90	108.26	113.26	108.32	113.83	113.51	112.67	111.50	110.24	112.46	106.79	106.85
88	107.10	106.99	107.23	107.36	107.62	107.45	107.57	107.65	107.74	108.11	113.23	108.09	113.80	113.48	112.60	111.38	110.17	112.36	106.60	106.69
89	106.90	106.82	107.06	107.21	107.44	107.30	107.37	107.50	107.56	107.88	113.15	107.92	113.75	113.40	112.58	111.28	110.06	112.31	106.33	106.48
90	106.69	106.69	106.86	107.01	107.29	107.30	107.20	107.30	107.32	107.74	113.07	107.73	113.73	113.36	112.51	111.25	110.00	112.16	106.18	106.35
91	106.54	106.49	106.65	106.78	107.13	107.27	107.06	107.17	107.19	107.56	112.97	107.60	113.66	113.31	112.46	111.18	109.90	112.12	106.02	106.16
92	106.41	106.34	106.49	106.65	106.98	107.25	106.87	106.99	107.03	107.42	112.93	107.41	113.57	113.25	112.40	111.14	109.76	112.07	105.89	106.02
93	106.24	106.18	106.36	106.46	106.83	107.12	106.74	106.86	106.88	107.27	112.85	107.28	113.47	113.20	112.34	111.09	109.72	112.01	105.71	105.87
94	106.11	106.04	106.21	106.32	106.68	107.08	106.60	106.70	106.72	107.13	112.81	107.11	113.36	113.14	112.26	110.99	109.67	111.95	105.50	105.71
95	105.95	105.90	106.04	106.13	106.52	107.02	106.42	106.56	106.56	106.99	112.78	106.96	113.31	113.11	112.21	110.92	109.63	111.90	105.34	105.56
96	105.77	105.75	105.88	105.97	106.38	106.98	106.26	106.40	106.41	106.85	112.72	106.81	113.23	113.05	112.11	110.85	109.59	111.85	105.12	105.42
97	105.61	105.61	105.71	105.79	106.23	106.93	106.12	106.26	106.27	106.65	112.66	106.67	113.17	113.00	112.01	110.80	109.51	111.81	104.99	105.28
98	105.46	105.38	105.53	105.58	106.08	106.89	105.97	106.26	106.13	106.51	112.63	106.51	113.11	112.93	111.96	110.71	109.42	111.77	104.82	105.07
99	105.32	105.23	105.35	105.43	105.90	106.80	105.97	106.19	105.96	106.34	112.57	106.32	113.05	112.87	111.90	110.65	109.30	111.67	104.60	104.91
100	105.15	105.01	105.20	105.28	105.70	106.77	105.95	106.11	105.81	106.12	112.49	106.17	112.93	112.81	111.80	110.60	109.26	111.62	104.40	104.78
101	104.99	104.85	105.04	105.08	105.53	106.70	105.90	106.05	105.67	105.92	112.44	106.00	112.81	112.70	111.70	110.56	109.18	111.56	104.26	104.60
102	104.82	104.68	104.88	104.89	105.35	106.59	105.86	105.98	105.53	105.75	112.37	105.86	112.70	112.67	111.65	110.49	109.09	111.52	104.10	104.43
103	104.68	104.47	104.74	104.72	105.20	106.48	105.81	105.92	105.38	105.58	112.33	105.71	112.66	112.65	111.59	110.44	109.01	111.48	103.92	104.28
104	104.53	104.32	104.56	104.57	104.96	106.40	105.76	105.78	105.24	105.41	112.26	105.55	112.53	112.56	111.56	110.36	108.96	111.42	103.73	104.12
105	104.38	104.18	104.43	104.39	104.80	106.34	105.71	105.69	105.11	105.21	112.22	105.42	112.51	112.51	111.44	110.28	108.91	111.38	103.57	103.92
106	104.21	103.99	104.24	104.20	104.63	106.30	105.67	105.60	104.88	105.07	112.15	105.42	112.45	112.47	111.39	110.22	108.85	111.28	103.38	103.76
107	104.02	103.84	104.08	104.04	104.48	106.20	105.60	105.53	104.74	104.86	112.06	105.38	112.40	112.40	111.34	110.08	108.76	111.21	103.38	103.76
108	103.86	103.70	103.90	103.82	104.29	106.15	105.55	105.41	104.60	104.66	112.00	105.34	112.36	112.31	111.27	110.01	108.70	111.17	103.34	103.67
109	103.67	103.54	103.68	103.60	104.06	106.12	105.50	105.29	104.44	104.50	111.90	105.30	112.26	112.25	111.16	109.95	108.59	111.15	103.30	103.54
110	103.67	103.37	103.52	103.41	103.90	106.03	105.43	105.20	104.26	104.32	111.82	105.25	112.22	112.15	111.11	109.89	108.50	111.07	103.20	103.49
111	103.65	103.21	103.29	103.23	103.71	105.96	105.37	105.12	104.11	104.10	111.78	105.17	112.19	112.05	111.02	109.79	108.45	111.03	103.06	103.37
112	103.56	103.02	103.08	103.03	103.50	105.92	105.33	105.00	103.89	103.96	111.71	105.12	112.11	112.00	110.86	109.74	108.39	110.91	103.00	103.29
113	103.48	102.82	102.93	102.89	103.35	105.84	105.27	104.94	103.89	103.80	111.56	105.02	112.03	111.93	110.82	109.67	108.30	110.81	102.97	103.22
114	103.38	102.66	102.78	102.76	103.19	105.74	105.15	104.91	103.87	103.65	111.52	104.93	111.99	111.81	110.76	109.62	108.24	110.75	102.90	103.19
115	103.32	102.52	102.62	102.56	103.05	105.67	105.11	104.84	103.83	103.48	111.48	104.89	111.95	111.76	110.71	109.56	108.21	110.70	102.84	103.12
116	103.28	102.38	102.47	102.41	102.89	105.50	105.05	104.80	103.81	103.32	111.40	104.86	111.82	111.72	110.63	109.48	108.15	110.65	102.80	103.09
117	103.21	102.21	102.34	102.26	102.72	105.43	105.01	104.73	103.72	103.17	111.33	104.81	111.75	111.65	110.57	109.42	108.11	110.60	102.77	103.06
118	103.17	102.05	102.19	102.10	102.50	105.34	104.94	104.65	103.65	102.96	111.25	104.76	111.71	111.60	110.53	109.38	108.08	110.57	102.72	103.01
119	103.12	101.90	102.05	101.96	102.34	105.29	104.87	104.60	103.59	102.96	111.21	104.73	111.63	111.56	110.45	109.28	108.01	110.52	102.57	102.97
120	103.03	101.77	101.79	101.73	102.12	105.20	104.82	104.50	103.49	102.94	111.15	104.69	111.60	111.52	110.33	109.18	107.94	110.48	102.48	102.85
121	102.98	101.77	101.61	101.73	101.96	105.09	104.79	104.41	103.43	102.87	111.03	104.65	111.55	111.48	110.26	109.08	107.83	110.37	102.36	102.76
122	102.87	101.75	101.61	101.70	101.76	105.02	104.69	104.32	103.30	102.76	110.95	104.60	111.49	111.35	110.13	109.05	107.78	110.26	102.34	102.67
123	102.78	101.65	101.58	101.62	101.56	104.93	104.59	104.27	103.22	102.65	110.84	104.50	111.45	111.25	110.07	108.93	107.68	110.19	102.30	102.63
124	102.67	101.58	101.56	101.58	101.44	104.85	104.52	104.23	103.12	102.63	110.81	104.43	111.41	111.14	110.02	108.88	107.58	110.15	102.25	102.59
125	102.64	101.54	101.50	101.54	101.25	104.80	104.47	104.19	103.02	102.54	110.77	104.33	111.29	111.09	109.98	108.85	107.52	110.10	102.20	102.48
126	102.60	101.49	101.46	101.49	101.11	104.72	104.42	104.15	102.99	102.49	110.73	104.24	111.21	111.04	109.91	108.75	107.46	110.07	102.16	102.42
127	102.49	101.45	101.40	101.43	100.97	104.68	104.38	104.11	102.93	102.44	110.69	104.21	111.12	110.99	109.86	108.69	107.42	110.03	102.08	102.37
128	102.45	101.39	101.36	101.40	100.81	104.62	104.33	104.05	102.91	102.39	110.65	104.15	111.03	110.94	109.81	108.64	107.38	109.99	102.01	102.33
129	102.36	101.35	101.30	101.30	100.66	104.56	104.29	104.01	102.84	102.35	110.59	104.10	110.98	110.90	109.76	108.58	107.32	109.94	101.91	102.27
130	102.31	101.26	101.25	101.23	100.50	104.51	104.25	103.99	102.79	102.28	110.53	104.01	110.93	110.79	109.70	108.50	107.24	109.88	101.86	102.17
131	102.27	101.20	101.21	101.12	100.28	104.45	104.18	103.90	102.74	102.20	110.48	103.98	110.80	110.73	109.63	108.42	107.21	109.82	101.78	102.11
132	102.20	101.09	101.14	101.02	100.11	104.37	104.14	103.82	102.68	102.14	110.40	103.88	110.77	110.64	109.54	108.33	107.14	109.73	101.72	102.03
133	102.13	101.07	101.06	100.95	99.92	104.29	104.09	103.72	102.55	102.04	110.31	103.77	110.71	110.57	109.52	108.26	107.03	109.64	101.63	101.97
