87.73
87.51
87.26
87.06
86.84
86.57
86.25
85.90
85.53
85.24
84.94
84.55
84.20
83.88
83.57
83.24
82.95
82.74
82.41
82.11
81.81
81.55
81.24
80.88
80.53
80.23
79.91
79.60
79.31
79.05
78.74
78.43
78.15
77.85
77.65
77.29
76.98
76.65
76.27
75.92
75.65
75.37
75.09
74.78
74.55
74.32
74.12
73.90
73.59
73.31
73.00
72.69
72.21
71.83
71.44
71.05
70.73
70.36
69.99
69.79
69.60
69.31
68.98
68.50
68.19
67.82
67.61
67.40
67.20
66.99
66.79
66.48
66.19
65.87
65.66
65.45
65.23
65.02
64.75
64.46
64.14
63.84
63.55
63.26
62.92
62.70
62.47
62.25
62.05
61.85
61.64
61.43
61.23
61.05
60.84
60.56
60.36
60.16
59.96
59.77
59.56
59.35
59.09
58.90
58.67
58.39
58.13
57.88
57.66
57.35
57.12
56.92
56.70
56.49
56.30
56.08
55.90
55.70
55.51
55.28
55.01
54.78
54.53
54.30
54.02
53.76
53.54
53.35
53.08
52.83
52.83
52.72
52.61
52.50
52.39
52.29
52.17
52.07
51.95
51.82
51.72
51.60
51.49
51.39
51.28
51.16
51.04
50.93
50.81
50.71
50.57
50.45
50.36
50.26
50.15
50.05
49.95
49.84
49.74
49.63
49.54
49.45
49.35
49.24
49.13
49.03
48.93
48.82
48.71
48.61
48.53
48.44
48.32
48.20
48.09
48.01
47.89
47.78
47.68
47.59
47.49
47.37
47.29
47.19
47.07
