86.96
86.75
86.55
86.35
86.13
85.80
85.46
85.16
84.77
84.45
84.10
83.81
83.49
83.14
82.81
82.47
82.15
81.86
81.55
81.19
80.87
80.57
80.28
79.96
79.65
79.34
78.99
78.67
78.34
78.11
77.67
77.47
77.15
76.82
76.53
76.29
75.95
75.64
75.31
74.98
74.64
74.34
74.34
74.23
74.02
73.83
73.72
73.63
73.51
73.25
73.03
72.83
72.62
72.45
72.26
72.04
71.85
71.64
71.43
71.23
71.04
70.94
70.77
70.49
70.27
70.02
69.81
69.64
69.53
69.40
69.28
69.17
68.98
68.77
68.58
68.49
68.38
68.26
68.17
67.99
67.78
67.57
67.36
67.16
66.95
66.75
66.64
66.55
66.45
66.34
66.24
66.14
66.03
65.93
65.79
65.70
65.56
65.43
65.34
65.21
65.12
65.00
64.88
64.73
64.63
64.50
64.32
64.15
64.03
63.93
63.77
63.63
63.54
63.43
63.35
63.23
63.13
63.02
62.92
62.83
62.72
62.55
62.43
62.29
62.20
62.05
61.89
61.78
61.66
61.48
61.29
61.12
61.01
60.89
60.79
60.66
60.56
60.44
60.34
60.25
60.16
60.03
59.90
59.78
59.66
59.57
59.42
59.31
59.20
59.09
58.98
58.86
58.75
58.63
58.52
58.40
58.29
58.19
58.10
57.98
57.87
57.77
57.65
57.55
57.44
57.32
57.20
57.08
56.94
56.82
56.72
56.60
56.48
56.38
56.25
56.12
56.03
55.89
55.75
55.63
55.54
55.42
55.32
55.25
55.13
