88.41
88.20
87.98
87.79
87.56
87.24
86.90
86.58
86.21
85.90
85.59
85.33
85.07
84.72
84.39
84.03
83.69
83.39
83.05
82.75
82.47
82.14
81.79
81.47
81.12
80.77
80.44
80.13
79.80
79.44
79.14
78.82
78.55
78.23
78.03
77.64
77.33
77.00
76.69
76.40
76.17
75.81
75.61
75.30
75.02
74.79
74.58
74.37
73.95
73.65
73.33
73.01
72.68
72.38
72.06
71.77
71.54
71.26
70.95
70.66
70.44
70.13
69.75
69.44
69.15
68.86
68.59
68.39
68.14
67.94
67.71
67.39
67.08
66.77
66.56
66.34
66.13
65.76
65.38
65.00
64.61
64.26
63.86
63.47
63.24
63.01
62.77
62.56
62.35
62.13
61.92
61.72
61.51
61.31
61.09
60.82
60.60
60.39
60.15
59.96
59.76
59.54
59.30
59.09
58.88
58.62
58.36
58.12
57.93
57.67
57.45
57.23
57.04
56.83
56.60
56.42
56.20
55.99
55.79
55.55
55.55
55.45
55.31
55.21
55.11
54.91
54.78
54.67
54.60
54.41
54.24
54.05
53.94
53.83
53.69
53.60
53.50
53.38
53.26
53.14
53.04
52.92
52.81
52.68
52.55
52.44
52.30
52.17
52.07
51.97
51.87
51.75
51.65
51.53
51.43
51.32
51.24
51.09
50.98
50.86
50.77
50.64
50.52
50.41
50.31
50.21
50.08
49.91
49.80
49.68
49.58
49.48
49.39
49.29
49.19
49.07
48.97
48.86
48.72
48.61
48.51
48.39
48.29
48.20
48.11
