88.86
88.64
88.41
88.21
88.01
87.73
87.42
87.09
86.80
86.49
86.17
85.87
85.57
85.02
84.67
84.31
83.94
83.56
83.21
82.84
82.46
82.24
81.72
81.52
81.21
80.89
80.60
80.27
79.96
79.65
79.37
79.07
78.77
78.48
78.29
77.82
77.46
77.06
76.68
76.28
76.09
75.65
75.41
75.12
74.82
74.59
74.39
74.19
73.88
73.59
73.31
73.04
72.74
72.41
72.11
71.82
71.49
71.16
70.86
70.58
70.37
70.09
69.80
69.52
69.23
68.89
68.63
68.43
68.25
68.03
67.72
67.39
67.08
66.85
66.65
66.44
66.21
66.00
65.73
65.36
65.04
64.70
64.38
64.06
63.77
63.57
63.35
63.13
62.91
62.69
62.46
62.28
62.07
61.88
61.67
61.41
61.21
61.01
60.81
60.60
60.39
60.16
59.91
59.70
59.49
59.25
58.97
58.97
58.87
58.78
58.57
58.44
58.33
58.21
58.11
57.97
57.84
57.73
57.62
57.52
57.38
57.23
57.09
56.96
56.85
56.65
56.52
56.37
56.27
56.11
55.93
55.73
55.58
55.48
55.36
55.24
55.13
55.05
54.91
54.78
54.66
54.54
54.42
54.31
54.20
54.09
54.00
53.87
53.76
53.66
53.57
53.46
53.37
53.25
53.15
53.03
52.86
52.78
52.67
52.59
52.47
52.37
52.26
52.13
52.03
51.92
51.80
51.67
51.57
51.47
51.38
51.27
51.17
51.08
50.92
50.83
50.75
50.64
50.53
50.42
50.30
50.15
50.06
49.95
49.85
