87.23
87.03
86.82
86.59
86.38
85.96
85.76
85.35
85.02
84.69
84.48
84.00
83.62
83.26
82.86
82.51
82.12
81.90
81.90
81.76
81.53
81.16
80.82
80.51
80.19
79.88
79.57
79.24
79.14
78.91
78.71
78.49
78.30
78.10
77.92
77.84
77.67
77.45
77.23
77.00
76.80
76.64
76.41
76.20
75.98
75.79
75.67
75.54
75.44
75.29
75.12
74.88
74.67
74.46
74.23
73.95
73.76
73.55
73.34
73.13
72.90
72.77
72.58
72.35
72.11
71.90
71.73
71.54
71.42
71.31
71.18
71.07
70.88
70.65
70.42
70.32
70.22
70.13
70.02
69.84
69.62
69.43
69.18
68.99
68.77
68.54
68.42
68.30
68.21
68.09
68.00
67.91
67.80
67.70
67.61
67.49
67.30
67.20
67.09
66.99
66.86
66.76
66.63
66.47
66.38
66.27
66.10
65.87
65.72
65.60
65.48
65.37
65.26
65.16
65.07
64.92
64.82
64.70
64.59
64.50
64.38
64.23
64.13
63.99
63.88
63.72
63.56
63.47
63.32
63.17
63.02
62.85
62.74
62.64
62.50
62.41
62.30
62.19
62.09
61.96
61.88
61.77
61.65
61.55
61.44
61.33
61.23
61.13
61.02
60.92
60.81
60.72
60.64
60.53
60.43
60.31
60.22
60.12
60.02
59.91
59.81
59.73
59.60
59.50
59.43
59.30
59.19
59.08
58.93
58.81
58.71
58.60
58.52
58.42
58.30
58.19
58.09
57.96
57.87
57.78
57.67
57.53
57.43
57.33
57.24
