86.62
86.39
86.17
85.97
85.78
85.47
85.10
84.75
84.43
84.25
83.85
83.58
83.21
82.87
82.57
82.28
81.96
81.64
81.35
81.15
80.83
80.49
80.14
79.84
79.51
79.17
78.90
78.60
78.31
78.02
77.72
77.42
77.10
76.81
76.61
76.27
75.92
75.58
75.21
74.92
74.60
74.26
73.96
73.72
73.42
73.19
73.00
72.77
72.48
72.22
71.92
71.59
71.59
71.45
71.22
70.95
70.73
70.57
70.32
70.11
69.90
69.79
69.62
69.44
69.20
68.96
68.74
68.54
68.44
68.32
68.19
68.09
67.88
67.70
67.47
67.37
67.25
67.14
67.04
66.81
66.59
66.36
66.11
65.89
65.64
65.38
65.25
65.10
64.99
64.88
64.77
64.68
64.55
64.46
64.37
64.26
64.09
63.97
63.88
63.75
63.64
63.52
63.41
63.26
63.15
63.03
62.89
62.71
62.54
62.43
62.25
62.14
62.04
61.95
61.85
61.71
61.61
61.49
61.38
61.24
61.13
60.98
60.85
60.75
60.67
60.49
60.35
60.24
60.14
59.99
59.83
59.66
59.57
59.45
59.30
59.19
59.08
58.97
58.83
58.75
58.66
58.53
58.42
58.31
58.20
58.09
57.98
57.85
57.74
57.63
57.54
57.39
57.26
57.18
57.09
56.96
56.82
56.70
56.60
56.48
56.35
56.26
56.15
56.06
55.92
55.83
55.73
55.61
55.49
55.35
55.22
55.11
55.02
54.93
54.82
54.71
54.61
54.50
54.39
54.28
54.16
54.03
53.93
53.83
53.73
