88.99
88.75
88.53
88.30
88.10
87.79
87.47
87.18
86.83
86.50
86.19
85.76
85.38
85.00
84.67
84.23
83.88
83.65
83.35
83.09
82.81
82.49
82.20
81.90
81.60
81.24
80.90
80.62
80.32
79.84
79.48
79.09
78.75
78.56
78.18
77.82
77.44
77.02
76.60
76.39
76.06
75.62
75.40
75.11
74.83
74.63
74.43
74.25
73.80
73.42
73.08
72.69
72.33
71.96
71.63
71.25
71.03
70.72
70.37
70.10
69.89
69.59
69.27
69.00
68.66
68.35
68.04
67.82
67.61
67.40
67.18
66.87
66.57
66.23
66.01
65.80
65.60
65.40
65.13
64.76
64.44
64.07
63.81
63.47
63.14
62.94
62.71
62.48
62.29
62.09
61.90
61.67
61.47
61.26
61.05
60.82
60.63
60.44
60.23
60.02
59.81
59.58
59.33
59.14
58.94
58.68
58.41
58.14
57.94
57.94
57.82
57.69
57.58
57.47
57.36
57.24
57.16
57.05
56.93
56.80
56.71
56.54
56.37
56.25
56.13
55.94
55.77
55.67
55.58
55.46
55.30
55.12
55.00
54.89
54.78
54.65
54.53
54.42
54.33
54.22
54.10
53.99
53.87
53.77
53.65
53.53
53.39
53.27
53.15
53.05
52.91
52.78
52.66
52.55
52.41
52.29
52.14
52.02
51.94
51.82
51.69
51.56
51.45
51.36
51.25
51.14
51.02
50.94
50.82
50.71
50.62
50.51
50.41
50.31
50.23
50.12
50.00
49.87
49.75
49.63
49.54
49.43
49.34
49.25
49.16
