87.95
87.72
87.49
87.28
87.06
86.74
86.43
86.13
85.82
85.52
85.20
84.91
84.60
84.25
83.90
83.58
83.26
82.94
82.51
82.20
81.90
81.53
81.20
80.83
80.60
80.29
79.97
79.65
79.29
78.99
78.68
78.34
78.06
77.75
77.54
77.22
76.90
76.56
76.26
75.91
75.58
75.25
74.95
74.61
74.31
74.09
73.88
73.55
73.24
72.90
72.71
72.40
72.04
71.71
71.40
71.13
70.72
70.39
70.06
69.85
69.65
69.32
68.99
68.54
68.17
67.85
67.64
67.46
67.28
67.05
66.82
66.48
66.16
65.80
65.59
65.40
65.18
64.94
64.65
64.32
64.01
63.70
63.44
63.10
62.80
62.59
62.33
62.11
61.89
61.69
61.50
61.29
61.09
60.90
60.72
60.47
60.28
60.08
59.86
59.66
59.46
59.23
58.98
58.76
58.56
58.31
58.00
57.75
57.56
57.31
57.11
56.91
56.66
56.45
56.21
56.00
55.77
55.55
55.36
55.13
54.86
54.65
54.43
54.22
53.96
53.74
53.52
53.31
53.31
53.23
53.06
52.86
52.74
52.64
52.49
52.37
52.27
52.15
52.02
51.90
51.79
51.68
51.54
51.44
51.33
51.21
51.08
51.00
50.89
50.80
50.69
50.55
50.44
50.34
50.23
50.11
49.98
49.89
49.79
49.70
49.58
49.48
49.37
49.27
49.19
49.10
48.98
48.84
48.74
48.63
48.54
48.43
48.31
48.19
48.08
47.98
47.85
47.70
47.59
47.48
47.37
47.24
47.15
47.07
46.95
