88.51
88.31
88.08
87.87
87.67
87.37
87.02
86.70
86.39
86.09
85.79
85.52
85.25
84.91
84.59
84.27
83.93
83.63
83.33
83.03
82.73
82.40
82.04
81.72
81.37
81.07
80.72
80.37
80.07
79.74
79.43
79.10
78.84
78.53
78.33
78.07
77.71
77.38
77.05
76.73
76.44
76.08
75.80
75.50
75.25
75.04
74.85
74.66
74.39
74.08
73.81
73.49
73.21
72.95
72.58
72.29
71.94
71.61
71.29
70.92
70.71
70.42
70.13
69.86
69.50
69.19
68.89
68.67
68.45
68.22
67.84
67.44
67.09
66.90
66.68
66.47
66.25
66.06
65.74
65.43
65.10
64.78
64.50
64.15
63.90
63.69
63.46
63.25
63.04
62.85
62.63
62.43
62.23
62.02
61.80
61.55
61.36
61.16
60.98
60.79
60.58
60.37
60.13
59.89
59.62
59.33
59.33
59.20
59.04
58.94
58.77
58.67
58.56
58.47
58.33
58.21
58.13
58.01
57.89
57.79
57.67
57.54
57.40
57.27
57.15
56.95
56.80
56.66
56.56
56.38
56.24
56.06
55.94
55.82
55.69
55.57
55.48
55.37
55.27
55.16
55.08
54.99
54.87
54.77
54.67
54.58
54.47
54.37
54.26
54.16
54.04
53.94
53.84
53.74
53.62
53.53
53.44
53.32
53.20
53.08
52.98
52.87
52.78
52.65
52.53
52.42
52.33
52.22
52.13
52.03
51.93
51.81
51.68
51.58
51.47
51.38
51.28
51.15
51.03
50.94
50.84
50.70
50.60
50.48
50.38
