89.11
88.91
88.71
88.47
88.27
87.99
87.70
87.38
87.08
86.72
86.37
86.07
85.73
85.35
85.05
84.72
84.39
84.06
83.72
83.43
82.98
82.61
82.20
81.81
81.43
81.06
80.65
80.46
80.16
79.75
79.52
79.19
78.87
78.56
78.36
78.07
77.75
77.45
77.11
76.78
76.43
76.09
75.78
75.45
75.19
74.97
74.78
74.37
74.03
73.64
73.43
73.12
72.80
72.48
72.16
71.86
71.57
71.25
70.95
70.65
70.45
70.17
69.82
69.54
69.18
68.83
68.50
68.30
68.07
67.88
67.66
67.38
67.08
66.70
66.49
66.30
66.11
65.91
65.62
65.27
64.94
64.60
64.35
64.03
63.70
63.47
63.24
63.02
62.81
62.60
62.41
62.19
61.99
61.80
61.59
61.37
61.15
60.92
60.73
60.54
60.35
60.13
59.86
59.64
59.43
59.18
58.90
58.64
58.44
58.44
58.33
58.21
58.10
58.01
57.87
57.72
57.61
57.51
57.41
57.32
57.17
57.02
56.91
56.76
56.64
56.44
56.30
56.20
56.08
55.89
55.72
55.60
55.48
55.37
55.27
55.17
55.04
54.94
54.84
54.73
54.65
54.54
54.42
54.33
54.23
54.12
54.00
53.88
53.79
53.69
53.59
53.47
53.36
53.26
53.15
53.05
52.94
52.83
52.73
52.62
52.47
52.36
52.26
52.13
52.02
51.91
51.80
51.67
51.55
51.46
51.35
51.23
51.10
50.98
50.86
50.77
50.68
50.57
50.45
50.35
50.26
50.13
50.02
49.92
49.82
