88.68
88.47
88.25
88.03
87.83
87.52
87.20
86.86
86.54
86.25
85.92
85.64
85.33
85.00
84.71
84.34
84.02
83.70
83.41
83.12
82.77
82.47
82.13
81.79
81.48
81.16
80.84
80.52
80.21
79.86
79.58
79.23
78.92
78.60
78.40
78.07
77.76
77.45
77.11
76.77
76.47
76.13
75.84
75.55
75.26
75.03
74.84
74.61
74.31
74.02
73.71
73.45
73.16
72.88
72.54
72.24
71.93
71.58
71.27
71.02
70.81
70.52
70.16
69.81
69.53
69.25
69.00
68.79
68.58
68.35
68.16
67.88
67.59
67.26
67.07
66.86
66.63
66.42
66.13
65.77
65.49
65.18
64.93
64.59
64.26
64.05
63.81
63.58
63.38
63.16
62.93
62.73
62.52
62.31
62.09
61.84
61.64
61.45
61.24
61.04
60.84
60.63
60.37
60.16
59.92
59.61
59.61
59.50
59.36
59.25
59.06
58.96
58.86
58.74
58.63
58.52
58.42
58.32
58.20
58.10
58.00
57.83
57.67
57.51
57.43
57.27
57.14
57.03
56.93
56.81
56.66
56.51
56.37
56.26
56.14
56.03
55.91
55.81
55.72
55.64
55.55
55.42
55.27
55.17
55.05
54.95
54.84
54.76
54.64
54.54
54.42
54.29
54.19
54.11
54.02
53.88
53.76
53.66
53.56
53.44
53.35
53.26
53.16
53.03
52.93
52.80
52.68
52.55
52.45
52.33
52.22
52.11
52.00
51.88
51.78
51.67
51.54
51.44
51.32
51.20
51.10
50.99
50.88
50.79
50.69
