88.00
87.78
87.54
87.33
87.11
86.66
86.28
85.89
85.53
85.12
84.91
84.64
84.35
84.01
83.68
83.35
83.02
82.70
82.37
82.08
81.77
81.35
81.10
80.70
80.48
80.14
79.82
79.46
79.13
78.87
78.55
78.24
77.95
77.66
77.35
77.02
76.73
76.41
76.04
75.65
75.27
74.97
74.61
74.39
74.08
73.85
73.64
73.42
73.09
72.78
72.48
72.17
71.87
71.61
71.26
70.92
70.61
70.30
69.99
69.71
69.52
69.24
68.96
68.66
68.36
68.05
67.79
67.58
67.36
67.16
66.95
66.66
66.36
66.03
65.80
65.57
65.36
65.07
64.74
64.39
64.06
63.76
63.46
63.14
62.94
62.72
62.49
62.28
62.08
61.88
61.68
61.46
61.25
61.04
60.84
60.60
60.41
60.21
60.01
59.80
59.59
59.36
59.06
58.87
58.66
58.42
58.11
57.85
57.66
57.37
57.15
56.97
56.76
56.54
56.32
56.12
55.89
55.67
55.45
55.21
54.93
54.71
54.47
54.26
54.02
53.74
53.53
53.35
53.09
53.09
52.99
52.82
52.69
52.57
52.46
52.37
52.26
52.16
52.06
51.95
51.85
51.73
51.62
51.52
51.42
51.30
51.19
51.09
50.97
50.87
50.76
50.63
50.53
50.42
50.30
50.17
50.06
49.96
49.87
49.77
49.66
49.56
49.43
49.34
49.25
49.11
48.99
48.87
48.74
48.64
48.51
48.39
48.28
48.16
48.06
47.94
47.80
47.66
47.53
47.43
47.34
47.21
47.11
47.02
46.93
