120.82
120.70
120.52
120.38
120.22
120.09
119.92
119.76
119.62
119.42
119.27
119.11
118.97
118.79
118.60
118.45
118.29
118.12
117.96
117.80
117.65
117.50
117.36
117.18
117.04
116.88
116.73
116.59
116.38
116.20
116.03
115.87
115.71
115.57
115.44
115.31
115.09
114.87
114.71
114.53
114.40
114.17
114.00
113.84
113.68
113.50
113.34
113.15
112.97
112.84
112.66
112.47
112.31
112.16
111.97
111.82
111.68
111.54
111.36
111.20
111.05
110.88
110.66
110.46
110.29
110.09
109.96
109.81
109.66
109.49
109.34
109.16
109.01
108.85
108.72
108.55
108.39
108.26
108.09
107.91
107.70
107.54
107.41
107.26
107.10
106.90
106.69
106.50
106.29
106.10
105.96
105.79
105.63
105.46
105.27
105.12
104.87
104.72
104.59
104.40
104.22
104.07
103.90
103.73
103.54
103.40
103.17
103.01
102.84
102.66
102.53
102.39
102.24
102.11
101.92
101.70
101.55
101.40
101.24
101.11
100.90
100.74
100.74
100.72
100.64
100.55
100.49
100.44
100.40
100.32
100.27
100.24
100.20
100.13
100.10
100.05
99.99
99.89
99.81
99.77
99.69
99.64
99.53
99.45
99.39
99.33
99.29
99.25
99.16
99.12
99.03
98.99
