120.44
120.28
120.12
119.95
119.79
119.65
119.52
119.39
119.22
119.04
118.91
118.78
118.61
118.41
118.24
118.10
117.98
117.79
117.65
117.46
117.31
117.16
117.02
116.83
116.69
116.54
116.39
116.23
116.23
116.21
116.12
116.05
115.99
115.89
115.84
115.79
115.72
115.64
115.56
115.53
115.48
115.43
115.36
115.30
115.23
115.16
115.11
115.04
114.95
114.88
114.84
114.78
114.71
114.63
114.58
114.56
114.49
114.45
114.41
114.32
114.27
114.23
114.15
114.09
114.00
113.95
113.85
113.80
113.76
113.70
113.65
113.58
113.49
113.43
113.35
113.29
113.24
113.17
113.09
113.01
112.90
112.86
112.83
112.77
112.74
112.64
112.57
112.53
112.47
112.39
112.31
112.23
112.16
112.07
112.00
111.94
111.88
111.84
111.77
111.69
111.63
111.59
111.54
111.45
111.37
111.27
111.23
111.16
111.06
111.01
110.92
110.89
110.80
110.69
110.65
110.51
110.46
110.42
110.37
110.33
110.26
110.21
110.12
110.07
109.98
109.91
109.84
109.80
109.72
109.68
109.64
109.56
109.49
109.44
109.37
109.31
109.27
109.23
109.16
109.04
109.02
108.92
108.85
108.78
108.70
108.64
108.57
108.52
108.45
108.35
108.31
