121.15
120.99
120.85
120.72
120.55
120.40
120.27
120.10
119.98
119.82
119.63
119.48
119.29
119.07
118.93
118.79
118.61
118.45
118.27
118.10
117.94
117.79
117.65
117.45
117.29
117.13
116.98
116.83
116.69
116.57
116.41
116.25
116.10
115.92
115.79
115.64
115.50
115.31
115.14
114.99
114.86
114.71
114.48
114.29
114.12
113.95
113.77
113.58
113.39
113.21
113.07
112.86
112.69
112.54
112.40
112.21
112.06
111.91
111.76
111.62
111.45
111.31
111.17
110.98
110.81
110.63
110.48
110.30
110.13
109.92
109.74
109.54
109.39
109.21
109.05
108.83
108.64
108.45
108.31
108.12
107.96
107.78
107.64
107.51
107.31
107.16
106.95
106.77
106.54
106.37
106.19
105.97
105.80
105.68
105.50
105.31
105.14
105.01
104.88
104.74
104.53
104.36
104.20
104.03
103.86
103.68
103.54
103.35
103.20
103.03
103.03
102.99
102.94
102.85
102.77
102.73
102.68
102.63
102.52
102.46
102.42
102.33
102.27
102.16
102.10
102.01
101.92
101.87
101.83
101.77
101.73
101.69
101.64
101.58
101.53
101.51
101.41
101.31
101.27
101.23
101.15
101.11
101.02
100.94
100.89
100.84
100.81
100.76
100.68
100.60
100.49
100.42
