120.08
119.93
119.77
119.63
119.47
119.31
119.14
119.00
118.82
118.63
118.43
118.29
118.15
118.00
117.84
117.71
117.52
117.35
117.15
117.00
116.85
116.70
116.55
116.37
116.21
116.04
115.88
115.73
115.52
115.34
115.16
115.02
114.86
114.72
114.58
114.44
114.27
114.03
113.87
113.71
113.59
113.59
113.57
113.48
113.42
113.37
113.30
113.22
113.12
113.04
112.99
112.94
112.87
112.81
112.76
112.65
112.61
112.58
112.47
112.38
112.34
112.31
112.25
112.21
112.14
112.05
112.00
111.89
111.83
111.77
111.68
111.61
111.56
111.51
111.47
111.39
111.28
111.18
111.13
111.08
111.01
110.95
110.90
110.85
110.82
110.78
110.75
110.66
110.60
110.55
110.50
110.40
110.33
110.26
110.18
110.11
110.02
109.97
109.90
109.81
109.76
109.67
109.62
109.59
109.55
109.49
109.45
109.34
109.30
109.18
109.04
109.02
108.93
108.86
108.78
108.72
108.68
108.63
108.59
108.50
108.41
108.38
108.30
108.22
108.13
108.07
107.99
107.93
107.89
107.84
107.79
107.73
107.67
107.60
107.54
107.48
107.42
107.35
107.31
107.26
107.22
107.18
107.11
107.08
107.01
106.96
106.91
106.88
106.82
106.78
106.73
106.65
106.60
