122.03
121.87
121.71
121.57
121.41
121.27
121.15
120.96
120.82
120.62
120.46
120.26
120.11
119.97
119.82
119.68
119.55
119.40
119.28
119.08
118.94
118.80
118.63
118.37
118.20
118.08
117.92
117.77
117.57
117.39
117.26
117.11
116.93
116.79
116.63
116.47
116.28
116.05
115.89
115.72
115.54
115.39
115.23
115.07
114.91
114.73
114.54
114.36
114.20
114.04
113.89
113.71
113.55
113.41
113.22
113.08
112.95
112.76
112.59
112.41
112.26
112.11
111.91
111.77
111.60
111.40
111.22
111.07
110.91
110.75
110.55
110.41
110.22
110.06
109.92
109.75
109.56
109.39
109.27
109.15
109.00
108.84
108.69
108.45
108.30
108.14
108.00
107.82
107.62
107.46
107.29
107.13
106.97
106.80
106.62
106.46
106.26
106.12
105.91
105.75
105.62
105.49
105.33
105.17
104.95
104.78
104.78
104.66
104.61
104.59
104.52
104.47
104.36
104.30
104.26
104.20
104.15
104.04
103.99
103.95
103.86
103.79
103.69
103.62
103.55
103.49
103.46
103.43
103.37
103.34
103.30
103.27
103.21
103.12
103.02
102.97
102.94
102.90
102.81
102.78
102.72
102.66
102.57
102.51
102.47
102.43
102.39
102.32
102.27
102.14
102.10
