119.83
119.68
119.53
119.38
119.22
119.03
118.88
118.71
118.57
118.35
118.22
118.05
117.92
117.72
117.58
117.45
117.27
117.10
116.93
116.78
116.62
116.47
116.32
116.15
116.02
115.86
115.71
115.56
115.37
115.20
115.07
114.94
114.76
114.62
114.48
114.32
114.32
114.30
114.21
114.14
114.07
113.98
113.93
113.86
113.80
113.74
113.67
113.60
113.51
113.44
113.36
113.33
113.24
113.19
113.16
113.06
113.01
112.94
112.89
112.80
112.75
112.71
112.67
112.61
112.55
112.47
112.41
112.34
112.28
112.21
112.19
112.10
112.01
111.93
111.87
111.76
111.66
111.61
111.54
111.47
111.40
111.34
111.31
111.26
111.22
111.14
111.05
111.03
110.95
110.87
110.79
110.72
110.62
110.56
110.50
110.44
110.34
110.30
110.23
110.14
110.06
110.02
109.95
109.90
109.81
109.71
109.61
109.57
109.51
109.45
109.39
109.26
109.19
109.15
109.09
109.02
108.91
108.82
108.79
108.71
108.67
108.56
108.51
108.42
108.34
108.28
108.24
108.16
108.10
108.04
107.97
107.92
107.86
107.82
107.76
107.72
107.63
107.55
107.47
107.41
107.32
107.25
107.17
107.13
107.09
107.03
106.96
106.90
