122.17
122.02
121.88
121.75
121.61
121.47
121.34
121.18
121.06
120.85
120.71
120.53
120.33
120.11
119.97
119.82
119.65
119.48
119.31
119.15
118.99
118.84
118.69
118.48
118.33
118.19
118.05
117.89
117.71
117.54
117.36
117.21
117.04
116.89
116.74
116.57
116.38
116.18
116.03
115.86
115.61
115.45
115.27
115.11
114.91
114.70
114.52
114.34
114.22
114.04
113.83
113.66
113.51
113.36
113.22
113.07
112.92
112.74
112.59
112.46
112.25
112.11
111.93
111.72
111.55
111.35
111.20
111.05
110.86
110.71
110.52
110.31
110.14
109.96
109.81
109.66
109.48
109.32
109.16
109.01
108.79
108.64
108.48
108.31
108.16
108.02
107.86
107.69
107.50
107.30
107.14
106.95
106.73
106.57
106.45
106.30
106.17
106.17
106.07
106.02
105.91
105.81
105.76
105.65
105.59
105.50
105.46
105.40
105.34
105.30
105.26
105.15
105.11
105.01
104.97
104.86
104.78
104.74
104.66
104.59
104.51
104.45
104.39
104.28
104.24
104.19
104.12
104.07
104.03
104.00
103.93
103.87
103.85
103.74
103.65
103.55
103.48
103.42
103.34
103.26
103.20
103.11
103.08
103.03
102.98
102.95
102.93
102.86
102.81
