121.18
121.02
120.87
120.72
120.56
120.41
120.28
120.14
119.97
119.80
119.60
119.43
119.29
119.11
118.96
118.81
118.68
118.55
118.39
118.21
118.08
117.92
117.78
117.58
117.43
117.29
117.15
116.99
116.76
116.61
116.42
116.26
116.08
115.91
115.76
115.59
115.41
115.22
115.05
114.89
114.67
114.49
114.33
114.16
114.00
113.82
113.65
113.47
113.33
113.13
112.93
112.78
112.64
112.49
112.31
112.15
111.99
111.80
111.64
111.48
111.34
111.17
111.02
110.86
110.68
110.50
110.35
110.14
109.93
109.80
109.61
109.43
109.26
109.09
108.90
108.71
108.55
108.37
108.20
108.04
107.88
107.73
107.58
107.42
107.24
107.10
106.89
106.71
106.55
106.36
106.19
105.98
105.83
105.68
105.52
105.31
105.17
104.96
104.82
104.69
104.51
104.36
104.22
104.00
103.80
103.59
103.45
103.30
103.09
102.96
102.83
102.69
102.56
102.36
102.16
102.02
101.86
101.69
101.56
101.56
101.52
101.47
101.35
101.29
101.20
101.13
101.08
101.04
100.99
100.94
100.88
100.80
100.73
100.68
100.61
100.51
100.42
100.38
100.29
100.25
100.16
100.07
99.99
99.91
99.85
99.79
99.73
99.68
99.62
99.58
