121.22
121.07
120.92
120.78
120.61
120.47
120.33
120.12
119.98
119.77
119.56
119.38
119.25
119.11
118.94
118.76
118.59
118.44
118.23
118.08
117.88
117.72
117.43
117.27
117.10
116.96
116.81
116.63
116.47
116.31
116.16
115.99
115.85
115.72
115.57
115.35
115.18
115.03
114.88
114.73
114.52
114.34
114.18
114.02
113.85
113.73
113.53
113.36
113.22
113.02
112.82
112.66
112.52
112.34
112.17
112.03
111.88
111.72
111.56
111.40
111.25
111.09
110.95
110.77
110.59
110.42
110.28
110.07
109.90
109.77
109.58
109.41
109.23
109.05
108.90
108.70
108.54
108.36
108.20
108.05
107.88
107.73
107.56
107.38
107.21
107.07
106.94
106.75
106.56
106.40
106.21
106.00
105.84
105.70
105.55
105.39
105.25
105.07
104.90
104.75
104.61
104.43
104.24
104.03
103.86
103.86
103.77
103.73
103.71
103.63
103.57
103.46
103.39
103.34
103.29
103.22
103.11
103.04
102.99
102.88
102.81
102.71
102.64
102.58
102.51
102.46
102.43
102.37
102.29
102.21
102.16
102.09
102.04
101.99
101.93
101.83
101.81
101.72
101.67
101.61
101.54
101.49
101.37
101.34
101.30
101.24
101.18
101.07
101.02
