121.83
121.67
121.51
121.35
121.18
121.03
120.87
120.68
120.52
120.35
120.19
119.97
119.83
119.69
119.50
119.34
119.18
119.02
118.85
118.69
118.54
118.39
118.25
118.01
117.87
117.71
117.56
117.41
117.19
117.06
116.94
116.72
116.53
116.38
116.25
116.10
115.91
115.69
115.52
115.39
115.24
114.99
114.84
114.67
114.52
114.36
114.16
114.00
113.83
113.65
113.52
113.35
113.20
113.06
112.87
112.73
112.60
112.46
112.32
112.16
112.01
111.86
111.72
111.58
111.45
111.30
111.13
110.94
110.78
110.64
110.44
110.30
110.13
109.98
109.82
109.68
109.51
109.34
109.18
109.06
108.93
108.78
108.63
108.50
108.35
108.16
108.00
107.82
107.68
107.52
107.40
107.23
107.05
106.85
106.69
106.48
106.32
106.18
106.01
105.86
105.71
105.55
105.43
105.29
105.13
104.96
104.79
104.79
104.76
104.74
104.62
104.56
104.50
104.40
104.35
104.30
104.25
104.16
104.12
104.01
103.98
103.92
103.86
103.82
103.71
103.64
103.60
103.55
103.50
103.40
103.33
103.29
103.25
103.20
103.13
103.08
103.00
102.93
102.88
102.81
102.74
102.69
102.60
102.50
102.44
102.31
102.24
102.17
102.11
102.06
102.01
101.95
101.90
101.79
101.75
