120.64
120.50
120.33
120.19
120.00
119.85
119.68
119.51
119.36
119.16
119.01
118.85
118.71
118.53
118.36
118.21
118.07
117.94
117.82
117.62
117.48
117.34
117.18
116.94
116.79
116.63
116.48
116.32
116.13
115.96
115.81
115.65
115.46
115.32
115.19
115.05
114.89
114.89
114.86
114.77
114.70
114.62
114.50
114.48
114.40
114.31
114.27
114.20
114.11
114.04
114.01
113.98
113.96
113.85
113.81
113.77
113.67
113.62
113.58
113.53
113.51
113.46
113.41
113.35
113.31
113.24
113.20
113.14
113.05
112.99
112.96
112.85
112.80
112.76
112.67
112.59
112.49
112.40
112.33
112.28
112.19
112.08
112.03
111.99
111.96
111.89
111.82
111.75
111.70
111.66
111.62
111.53
111.43
111.33
111.26
111.18
111.11
111.06
110.99
110.89
110.85
110.76
110.69
110.64
110.58
110.51
110.39
110.35
110.27
110.18
110.12
110.06
110.01
109.98
109.93
109.82
109.76
109.64
109.59
109.56
109.50
109.46
109.34
109.29
109.17
109.12
109.09
109.01
108.98
108.94
108.87
108.80
108.76
108.72
108.66
108.62
108.54
108.47
108.44
108.35
108.27
108.20
108.10
108.02
107.98
107.93
107.89
107.82
107.76
107.72
107.63
107.60
