121.51
121.37
121.23
121.09
120.93
120.77
120.64
120.47
120.32
120.13
119.98
119.84
119.63
119.45
119.30
119.13
118.96
118.81
118.64
118.50
118.35
118.17
117.93
117.76
117.61
117.45
117.31
117.11
116.93
116.78
116.63
116.49
116.35
116.18
116.03
115.87
115.67
115.52
115.35
115.17
115.03
114.86
114.71
114.55
114.39
114.21
114.02
113.83
113.69
113.49
113.29
113.15
113.00
112.82
112.69
112.54
112.38
112.20
112.07
111.93
111.73
111.58
111.44
111.26
111.09
110.94
110.77
110.61
110.45
110.30
110.12
109.94
109.78
109.60
109.41
109.26
109.09
108.91
108.75
108.58
108.42
108.26
108.10
107.92
107.74
107.60
107.45
107.26
107.07
106.87
106.70
106.53
106.36
106.15
105.99
105.83
105.68
105.48
105.30
105.15
104.98
104.78
104.78
104.73
104.66
104.58
104.54
104.50
104.44
104.40
104.33
104.29
104.23
104.19
104.13
104.08
103.98
103.91
103.87
103.78
103.74
103.69
103.66
103.60
103.49
103.40
103.36
103.33
103.29
103.23
103.17
103.11
103.04
102.98
102.89
102.81
102.74
102.69
102.60
102.52
102.47
102.41
102.36
102.30
102.26
102.22
102.16
102.10
101.99
101.95
