1	120.90	121.18	121.22	121.15	121.45	121.51	121.53	121.83	121.79	122.03	119.57	122.17	119.83	120.03	120.08	120.14	120.44	120.64	120.60	120.82
2	120.74	121.02	121.07	120.99	121.28	121.37	121.37	121.67	121.64	121.87	119.42	122.02	119.68	119.88	119.93	120.00	120.28	120.50	120.46	120.70
3	120.59	120.87	120.92	120.85	121.12	121.23	121.22	121.51	121.49	121.71	119.27	121.88	119.53	119.71	119.77	119.86	120.12	120.33	120.31	120.52
4	120.46	120.72	120.78	120.72	120.95	121.09	121.08	121.35	121.34	121.57	119.14	121.75	119.38	119.57	119.63	119.72	119.95	120.19	120.17	120.38
5	120.33	120.56	120.61	120.55	120.78	120.93	120.90	121.18	121.21	121.41	118.98	121.61	119.22	119.43	119.47	119.58	119.79	120.00	119.99	120.22
6	120.18	120.41	120.47	120.40	120.64	120.77	120.76	121.03	121.06	121.27	118.83	121.47	119.03	119.30	119.31	119.44	119.65	119.85	119.84	120.09
7	120.05	120.28	120.33	120.27	120.48	120.64	120.63	120.87	120.89	121.15	118.70	121.34	118.88	119.15	119.14	119.31	119.52	119.68	119.71	119.92
8	119.91	120.14	120.12	120.10	120.32	120.47	120.50	120.68	120.72	120.96	118.55	121.18	118.71	118.99	119.00	119.17	119.39	119.51	119.57	119.76
9	119.75	119.97	119.98	119.98	120.13	120.32	120.33	120.52	120.49	120.82	118.40	121.06	118.57	118.80	118.82	119.02	119.22	119.36	119.43	119.62
10	119.55	119.80	119.77	119.82	119.92	120.13	120.17	120.35	120.30	120.62	118.23	120.85	118.35	118.64	118.63	118.84	119.04	119.16	119.26	119.42
11	119.41	119.60	119.56	119.63	119.77	119.98	120.02	120.19	120.15	120.46	118.04	120.71	118.22	118.45	118.43	118.69	118.91	119.01	119.06	119.27
12	119.27	119.43	119.38	119.48	119.56	119.84	119.88	119.97	119.97	120.26	117.88	120.53	118.05	118.27	118.29	118.54	118.78	118.85	118.88	119.11
13	119.10	119.29	119.25	119.29	119.37	119.63	119.71	119.83	119.81	120.11	117.64	120.33	117.92	118.10	118.15	118.34	118.61	118.71	118.68	118.97
14	118.92	119.11	119.11	119.07	119.21	119.45	119.51	119.69	119.66	119.97	117.52	120.11	117.72	117.96	118.00	118.15	118.41	118.53	118.55	118.79
15	118.72	118.96	118.94	118.93	119.07	119.30	119.37	119.50	119.52	119.82	117.39	119.97	117.58	117.83	117.84	117.97	118.24	118.36	118.39	118.60
16	118.58	118.81	118.76	118.79	118.94	119.13	119.23	119.34	119.37	119.68	117.24	119.82	117.45	117.67	117.71	117.82	118.10	118.21	118.25	118.45
17	118.42	118.68	118.59	118.61	118.78	118.96	119.08	119.18	119.20	119.55	117.08	119.65	117.27	117.51	117.52	117.65	117.98	118.07	118.08	118.29
18	118.26	118.55	118.44	118.45	118.63	118.81	118.87	119.02	119.03	119.40	116.91	119.48	117.10	117.35	117.35	117.49	117.79	117.94	117.93	118.12
19	118.07	118.39	118.23	118.27	118.48	118.64	118.73	118.85	118.87	119.28	116.76	119.31	116.93	117.16	117.15	117.30	117.65	117.82	117.77	117.96
20	117.93	118.21	118.08	118.10	118.34	118.50	118.54	118.69	118.72	119.08	116.59	119.15	116.78	117.00	117.00	117.14	117.46	117.62	117.64	117.80
21	117.77	118.08	117.88	117.94	118.17	118.35	118.38	118.54	118.56	118.94	116.44	118.99	116.62	116.83	116.85	117.00	117.31	117.48	117.45	117.65
22	117.61	117.92	117.72	117.79	118.00	118.17	118.19	118.39	118.36	118.80	116.28	118.84	116.47	116.68	116.70	116.87	117.16	117.34	117.31	117.50
23	117.45	117.78	117.43	117.65	117.83	117.93	118.02	118.25	118.20	118.63	116.10	118.69	116.32	116.49	116.55	116.74	117.02	117.18	117.09	117.36
24	117.28	117.58	117.27	117.45	117.69	117.76	117.85	118.01	118.07	118.37	115.93	118.48	116.15	116.34	116.37	116.74	116.83	116.94	116.95	117.18
25	117.15	117.43	117.10	117.29	117.53	117.61	117.71	117.87	117.91	118.20	115.77	118.33	116.02	116.16	116.21	116.72	116.69	116.79	116.79	117.04
26	116.99	117.29	116.96	117.13	117.39	117.45	117.56	117.71	117.76	118.08	115.62	118.19	115.86	116.02	116.04	116.64	116.54	116.63	116.63	116.88
27	116.85	117.15	116.81	116.98	117.25	117.31	117.40	117.56	117.62	117.92	115.47	118.05	115.71	115.87	115.88	116.56	116.39	116.48	116.48	116.73
28	116.70	116.99	116.63	116.83	117.05	117.11	117.25	117.41	117.42	117.77	115.33	117.89	115.56	115.68	115.73	116.50	116.23	116.32	116.30	116.59
29	116.51	116.76	116.47	116.69	116.88	116.93	117.07	117.19	117.25	117.57	115.14	117.71	115.37	115.51	115.52	116.46	116.23	116.13	116.12	116.38
30	116.34	116.61	116.31	116.57	116.72	116.78	116.92	117.06	117.09	117.39	114.96	117.54	115.20	115.32	115.34	116.36	116.21	115.96	115.95	116.20
31	116.16	116.42	116.16	116.41	116.58	116.63	116.76	116.94	116.94	117.26	114.80	117.36	115.07	115.16	115.16	116.31	116.12	115.81	115.80	116.03
32	115.99	116.26	115.99	116.25	116.40	116.49	116.60	116.72	116.76	117.11	114.65	117.21	114.94	114.97	115.02	116.26	116.05	115.65	115.63	115.87
33	115.80	116.08	115.85	116.10	116.26	116.35	116.42	116.53	116.59	116.93	114.49	117.04	114.76	114.81	114.86	116.18	115.99	115.46	115.49	115.71
34	115.66	115.91	115.72	115.92	116.11	116.18	116.27	116.38	116.45	116.79	114.35	116.89	114.62	114.67	114.72	116.09	115.89	115.32	115.35	115.57
35	115.50	115.76	115.57	115.79	115.96	116.03	116.13	116.25	116.29	116.63	114.18	116.74	114.48	114.51	114.58	116.03	115.84	115.19	115.20	115.44
36	115.33	115.59	115.35	115.64	115.79	115.87	115.97	116.10	116.09	116.47	114.03	116.57	114.32	114.35	114.44	115.98	115.79	115.05	115.01	115.31
37	115.16	115.41	115.18	115.50	115.60	115.67	115.80	115.91	115.87	116.28	113.83	116.38	114.32	114.17	114.27	115.90	115.72	114.89	114.82	115.09
38	114.95	115.22	115.03	115.31	115.45	115.52	115.59	115.69	115.72	116.05	113.66	116.18	114.30	114.02	114.03	115.81	115.64	114.89	114.67	114.87
39	114.81	115.05	114.88	115.14	115.29	115.35	115.41	115.52	115.54	115.89	113.51	116.03	114.21	113.86	113.87	115.69	115.56	114.86	114.54	114.71
40	114.63	114.89	114.73	114.99	115.15	115.17	115.22	115.39	115.26	115.72	113.31	115.86	114.14	113.60	113.71	115.64	115.53	114.77	114.40	114.53
41	114.39	114.67	114.52	114.86	114.94	115.03	115.06	115.24	115.09	115.54	113.13	115.61	114.07	113.43	113.59	115.59	115.48	114.70	114.20	114.40
42	114.25	114.49	114.34	114.71	114.79	114.86	114.92	114.99	114.95	115.39	112.99	115.45	113.98	113.27	113.59	115.52	115.43	114.62	114.04	114.17
43	114.07	114.33	114.18	114.48	114.62	114.71	114.74	114.84	114.75	115.23	112.84	115.27	113.93	112.97	113.57	115.47	115.36	114.50	113.88	114.00
44	113.91	114.16	114.02	114.29	114.42	114.55	114.54	114.67	114.57	115.07	112.66	115.11	113.86	112.85	113.48	115.40	115.30	114.48	113.71	113.84
45	113.74	114.00	113.85	114.12	114.26	114.39	114.38	114.52	114.39	114.91	112.54	114.91	113.80	112.67	113.42	115.35	115.23	114.40	113.55	113.68
46	113.55	113.82	113.73	113.95	114.07	114.21	114.21	114.36	114.25	114.73	112.34	114.70	113.74	112.51	113.37	115.30	115.16	114.31	113.37	113.50
47	113.38	113.65	113.53	113.77	113.90	114.02	114.05	114.16	114.06	114.54	112.15	114.52	113.67	112.34	113.30	115.23	115.11	114.27	113.13	113.34
48	113.21	113.47	113.36	113.58	113.76	113.83	113.88	114.00	113.92	114.36	112.15	114.34	113.60	112.19	113.22	115.14	115.04	114.20	112.96	113.15
49	113.05	113.33	113.22	113.39	113.62	113.69	113.72	113.83	113.75	114.20	112.11	114.22	113.51	111.99	113.12	115.04	114.95	114.11	112.81	112.97
51	112.90	113.13	113.02	113.21	113.45	113.49	113.57	113.65	113.54	114.04	112.05	114.04	113.44	111.99	113.04	114.97	114.88	114.04	112.62	112.84
52	112.73	112.93	112.82	113.07	113.25	113.29	113.42	113.52	113.39	113.89	111.99	113.83	113.36	111.97	112.99	114.91	114.84	114.01	112.39	112.66
53	112.58	112.78	112.66	112.86	113.09	113.15	113.23	113.35	113.24	113.71	111.94	113.66	113.33	111.90	112.94	114.86	114.78	113.98	112.21	112.47
54	112.42	112.64	112.52	112.69	112.94	113.00	113.07	113.20	113.06	113.55	111.89	113.51	113.24	111.84	112.87	114.80	114.71	113.96	112.08	112.31
55	112.23	112.49	112.34	112.54	112.78	112.82	112.93	113.06	112.92	113.41	111.83	113.36	113.19	111.76	112.81	114.74	114.63	113.85	111.91	112.16
56	112.08	112.31	112.17	112.40	112.63	112.69	112.75	112.87	112.78	113.22	111.78	113.22	113.16	111.70	112.76	114.69	114.58	113.81	111.76	111.97
57	111.93	112.15	112.03	112.21	112.51	112.54	112.60	112.73	112.62	113.08	111.71	113.07	113.06	111.64	112.65	114.61	114.56	113.77	111.63	111.82
58	111.79	111.99	111.88	112.06	112.30	112.38	112.45	112.60	112.50	112.95	111.64	112.92	113.01	111.60	112.61	114.55	114.49	113.67	111.46	111.68
59	111.63	111.80	111.72	111.91	112.08	112.20	112.29	112.46	112.34	112.76	111.56	112.74	112.94	111.53	112.58	114.52	114.45	113.62	111.31	111.54
60	111.48	111.64	111.56	111.76	111.91	112.07	112.10	112.32	112.19	112.59	111.51	112.59	112.89	111.50	112.47	114.48	114.41	113.58	111.18	111.36
61	111.32	111.48	111.40	111.62	111.77	111.93	111.93	112.16	112.05	112.41	111.41	112.46	112.80	111.45	112.38	114.46	114.32	113.53	111.05	111.20
62	111.19	111.34	111.25	111.45	111.62	111.73	111.79	112.01	111.86	112.26	111.35	112.25	112.75	111.40	112.34	114.41	114.27	113.51	110.90	111.05
63	111.04	111.17	111.09	111.31	111.47	111.58	111.64	111.86	111.72	112.11	111.30	112.11	112.71	111.30	112.31	114.33	114.23	113.46	110.76	110.88
64	110.89	111.02	110.95	111.17	111.33	111.44	111.49	111.72	111.56	111.91	111.21	111.93	112.67	111.28	112.25	114.27	114.15	113.41	110.61	110.66
65	110.71	110.86	110.77	110.98	111.16	111.26	111.35	111.58	111.37	111.77	111.14	111.72	112.61	111.24	112.21	114.22	114.09	113.35	110.47	110.46
66	110.57	110.68	110.59	110.81	110.98	111.09	111.20	111.45	111.20	111.60	111.06	111.55	112.55	111.18	112.14	114.16	114.00	113.31	110.29	110.29
67	110.38	110.50	110.42	110.63	110.81	110.94	111.02	111.30	111.02	111.40	110.96	111.35	112.47	111.09	112.05	114.08	113.95	113.24	110.11	110.09
68	110.23	110.35	110.28	110.48	110.68	110.77	110.87	111.13	110.86	111.22	110.90	111.20	112.41	111.03	112.00	114.02	113.85	113.20	109.96	109.96
69	110.08	110.14	110.07	110.30	110.54	110.61	110.72	110.94	110.66	111.07	110.79	111.05	112.34	111.00	111.89	113.93	113.80	113.14	109.82	109.81
70	109.91	109.93	109.90	110.13	110.41	110.45	110.55	110.78	110.45	110.91	110.74	110.86	112.28	110.93	111.83	113.87	113.76	113.05	109.66	109.66
71	109.70	109.80	109.77	109.92	110.26	110.30	110.36	110.64	110.30	110.75	110.68	110.71	112.21	110.87	111.77	113.83	113.70	112.99	109.52	109.49
72	109.50	109.61	109.58	109.74	110.10	110.12	110.22	110.44	110.11	110.55	110.60	110.52	112.19	110.82	111.68	113.78	113.65	112.96	109.31	109.34
73	109.38	109.43	109.41	109.54	109.96	109.94	110.08	110.30	109.95	110.41	110.56	110.31	112.10	110.78	111.61	113.75	113.58	112.85	109.14	109.16
74	109.21	109.26	109.23	109.39	109.81	109.78	109.92	110.13	109.78	110.22	110.46	110.14	112.01	110.73	111.56	113.64	113.49	112.80	108.92	109.01
75	109.02	109.09	109.05	109.21	109.63	109.60	109.74	109.98	109.61	110.06	110.43	109.96	111.93	110.71	111.51	113.54	113.43	112.76	108.73	108.85
76	108.84	108.90	108.90	109.05	109.42	109.41	109.58	109.82	109.45	109.92	110.37	109.81	111.87	110.65	111.47	113.49	113.35	112.67	108.58	108.72
77	108.62	108.71	108.70	108.83	109.29	109.26	109.42	109.68	109.24	109.75	110.31	109.66	111.76	110.59	111.39	113.39	113.29	112.59	108.41	108.55
78	108.47	108.55	108.54	108.64	109.11	109.09	109.24	109.51	109.08	109.56	110.22	109.48	111.66	110.52	111.28	113.37	113.24	112.49	108.22	108.39
79	108.32	108.37	108.36	108.45	108.98	108.91	109.04	109.34	108.91	109.39	110.12	109.32	111.61	110.45	111.18	113.28	113.17	112.40	108.04	108.26
80	108.15	108.20	108.20	108.31	108.83	108.75	108.87	109.18	108.75	109.27	110.08	109.16	111.54	110.39	111.13	113.21	113.09	112.33	107.92	108.09
81	108.02	108.04	108.05	108.12	108.67	108.58	108.71	109.06	108.60	109.15	110.06	109.01	111.47	110.33	111.08	113.17	113.01	112.28	107.80	107.91
82	107.88	107.88	107.88	107.96	108.52	108.42	108.57	108.93	108.47	109.00	110.03	108.79	111.40	110.25	111.01	113.13	112.90	112.19	107.61	107.70
83	107.75	107.73	107.73	107.78	108.38	108.26	108.41	108.78	108.32	108.84	109.97	108.64	111.34	110.18	110.95	113.04	112.86	112.08	107.47	107.54
84	107.61	107.58	107.56	107.64	108.20	108.10	108.25	108.63	108.16	108.69	109.93	108.48	111.31	110.12	110.90	112.96	112.83	112.03	107.29	107.41
85	107.48	107.42	107.38	107.51	108.05	107.92	108.06	108.50	108.02	108.45	109.89	108.31	111.26	110.08	110.85	112.87	112.77	111.99	107.12	107.26
86	107.27	107.24	107.21	107.31	107.87	107.74	107.90	108.35	107.86	108.30	109.85	108.16	111.22	109.98	110.82	112.82	112.74	111.96	106.99	107.10
87	107.15	107.10	107.07	107.16	107.70	107.60	107.73	108.16	107.71	108.14	109.82	108.02	111.14	109.89	110.78	112.76	112.64	111.89	106.81	106.90
88	106.94	106.89	106.94	106.95	107.53	107.45	107.59	108.00	107.56	108.00	109.80	107.86	111.05	109.81	110.75	112.70	112.57	111.82	106.65	106.69
89	106.78	106.71	106.75	106.77	107.39	107.26	107.42	107.82	107.40	107.82	109.70	107.69	111.03	109.77	110.66	112.60	112.53	111.75	106.43	106.50
90	106.63	106.55	106.56	106.54	107.23	107.07	107.27	107.68	107.24	107.62	109.58	107.50	110.95	109.73	110.60	112.51	112.47	111.70	106.27	106.29
91	106.47	106.36	106.40	106.37	107.03	106.87	107.12	107.52	107.06	107.46	109.53	107.30	110.87	109.64	110.55	112.45	112.39	111.66	106.10	106.10
92	106.26	106.19	106.21	106.19	106.86	106.70	106.92	107.40	106.84	107.29	109.50	107.14	110.79	109.57	110.50	112.39	112.31	111.62	105.91	105.96
93	106.06	105.98	106.00	105.97	106.68	106.53	106.74	107.23	106.72	107.13	109.40	106.95	110.72	109.50	110.40	112.31	112.23	111.53	105.71	105.79
94	105.90	105.83	105.84	105.80	106.51	106.36	106.56	107.05	106.56	106.97	109.32	106.73	110.62	109.42	110.33	112.24	112.16	111.43	105.53	105.63
95	105.72	105.68	105.70	105.68	106.34	106.15	106.38	106.85	106.35	106.80	109.21	106.57	110.56	109.36	110.26	112.15	112.07	111.33	105.34	105.46
96	105.53	105.52	105.55	105.50	106.19	105.99	106.22	106.69	106.18	106.62	109.14	106.45	110.50	109.28	110.18	112.07	112.00	111.26	105.14	105.27
97	105.37	105.31	105.39	105.31	106.00	105.83	106.07	106.48	106.06	106.46	109.06	106.30	110.44	109.21	110.11	112.02	111.94	111.18	104.96	105.12
98	105.22	105.17	105.25	105.14	105.84	105.68	105.87	106.32	105.93	106.26	108.97	106.17	110.34	109.13	110.02	111.91	111.88	111.11	104.74	104.87
99	105.07	104.96	105.07	105.01	105.66	105.48	105.73	106.18	105.79	106.12	108.92	106.17	110.30	109.06	109.97	111.86	111.84	111.06	104.61	104.72
100	104.94	104.82	104.90	104.88	105.52	105.30	105.53	106.01	105.60	105.91	108.84	106.07	110.23	109.02	109.90	111.82	111.77	110.99	104.45	104.59
101	104.76	104.69	104.75	104.74	105.31	105.15	105.35	105.86	105.40	105.75	108.79	106.02	110.14	108.90	109.81	111.76	111.69	110.89	104.28	104.40
102	104.62	104.51	104.61	104.53	105.12	104.98	105.18	105.71	105.20	105.62	108.70	105.91	110.06	108.83	109.76	111.71	111.63	110.85	104.13	104.22
103	104.46	104.36	104.43	104.36	104.96	104.78	104.99	105.55	105.00	105.49	108.65	105.81	110.02	108.77	109.67	111.68	111.59	110.76	103.97	104.07
104	104.29	104.22	104.24	104.20	104.82	104.78	104.82	105.43	104.85	105.33	108.57	105.76	109.95	108.73	109.62	111.61	111.54	110.69	103.78	103.90
105	104.13	104.00	104.03	104.03	104.65	104.73	104.63	105.29	104.65	105.17	108.51	105.65	109.90	108.60	109.59	111.55	111.45	110.64	103.63	103.73
106	103.96	103.80	103.86	103.86	104.51	104.66	104.48	105.13	104.47	104.95	108.45	105.59	109.81	108.57	109.55	111.44	111.37	110.58	103.44	103.54
107	103.82	103.59	103.86	103.68	104.30	104.58	104.48	104.96	104.26	104.78	108.37	105.50	109.71	108.45	109.49	111.36	111.27	110.51	103.28	103.40
108	103.60	103.45	103.77	103.54	104.11	104.54	104.45	104.79	104.12	104.78	108.33	105.46	109.61	108.26	109.45	111.30	111.23	110.39	103.09	103.17
109	103.44	103.30	103.73	103.35	103.92	104.50	104.38	104.79	103.97	104.66	108.23	105.40	109.57	108.24	109.34	111.18	111.16	110.35	102.93	103.01
110	103.27	103.09	103.71	103.20	103.78	104.44	104.32	104.76	103.78	104.61	108.17	105.34	109.51	108.11	109.30	111.08	111.06	110.27	102.77	102.84
111	103.07	102.96	103.63	103.03	103.61	104.40	104.26	104.74	103.63	104.59	108.10	105.30	109.45	108.00	109.18	110.98	111.01	110.18	102.58	102.66
112	102.93	102.83	103.57	103.03	103.44	104.33	104.18	104.62	103.63	104.52	108.01	105.26	109.39	107.95	109.04	110.94	110.92	110.12	102.41	102.53
113	102.78	102.69	103.46	102.99	103.29	104.29	104.08	104.56	103.61	104.47	107.96	105.15	109.26	107.91	109.02	110.89	110.89	110.06	102.24	102.39
114	102.63	102.56	103.39	102.94	103.15	104.23	103.98	104.50	103.52	104.36	107.89	105.11	109.19	107.80	108.93	110.81	110.80	110.01	102.06	102.24
115	102.45	102.36	103.34	102.85	102.95	104.19	103.93	104.40	103.46	104.30	107.85	105.01	109.15	107.71	108.86	110.78	110.69	109.98	101.92	102.11
116	102.22	102.16	103.29	102.77	102.80	104.13	103.86	104.35	103.33	104.26	107.76	104.97	109.09	107.58	108.78	110.73	110.65	109.93	101.77	101.92
117	102.06	102.02	103.22	102.73	102.66	104.08	103.79	104.30	103.23	104.20	107.71	104.86	109.02	107.55	108.72	110.69	110.51	109.82	101.62	101.70
118	102.06	101.86	103.11	102.68	102.66	103.98	103.68	104.25	103.14	104.15	107.60	104.78	108.91	107.50	108.68	110.66	110.46	109.76	101.44	101.55
119	102.04	101.69	103.04	102.63	102.63	103.91	103.59	104.16	103.10	104.04	107.54	104.74	108.82	107.47	108.63	110.61	110.42	109.64	101.25	101.40
120	101.96	101.56	102.99	102.52	102.59	103.87	103.55	104.12	103.03	103.99	107.50	104.66	108.79	107.43	108.59	110.54	110.37	109.59	101.12	101.24
121	101.92	101.56	102.88	102.46	102.53	103.78	103.48	104.01	102.96	103.95	107.45	104.59	108.71	107.35	108.50	110.46	110.33	109.56	100.91	101.11
122	101.82	101.52	102.81	102.42	102.48	103.74	103.41	103.98	102.84	103.86	107.42	104.51	108.67	107.30	108.41	110.38	110.26	109.50	100.73	100.90
123	101.77	101.47	102.71	102.33	102.44	103.69	103.37	103.92	102.78	103.79	107.32	104.45	108.56	107.18	108.38	110.30	110.21	109.46	100.53	100.74
124	101.65	101.35	102.64	102.27	102.36	103.66	103.33	103.86	102.69	103.69	107.26	104.39	108.51	107.11	108.30	110.26	110.12	109.34	100.37	100.74
125	101.58	101.29	102.58	102.16	102.29	103.60	103.29	103.82	102.60	103.62	107.15	104.28	108.42	107.06	108.22	110.18	110.07	109.29	100.16	100.72
126	101.49	101.20	102.51	102.10	102.25	103.49	103.24	103.71	102.56	103.55	107.08	104.24	108.34	106.99	108.13	110.14	109.98	109.17	100.16	100.64
127	101.38	101.13	102.46	102.01	102.20	103.40	103.05	103.64	102.53	103.49	106.97	104.19	108.28	106.96	108.07	110.06	109.91	109.12	100.13	100.55
128	101.33	101.08	102.43	101.92	102.16	103.36	103.02	103.60	102.47	103.46	106.91	104.12	108.24	106.90	107.99	109.99	109.84	109.09	100.10	100.49
129	101.29	101.04	102.37	101.87	102.08	103.33	102.99	103.55	102.43	103.43	106.88	104.07	108.16	106.85	107.93	109.88	109.80	109.01	100.06	100.44
130	101.23	100.99	102.29	101.83	101.96	103.29	102.94	103.50	102.40	103.37	106.84	104.03	108.10	106.79	107.89	109.82	109.72	108.98	99.99	100.40
131	101.19	100.94	102.21	101.77	101.93	103.23	102.89	103.40	102.37	103.34	106.78	104.00	108.04	106.75	107.84	109.75	109.68	108.94	99.97	100.32
132	101.16	100.88	102.16	101.73	101.89	103.17	102.84	103.33	102.33	103.30	106.72	103.93	107.97	106.69	107.79	109.71	109.64	108.87	99.91	100.27
133	101.08	100.80	102.09	101.69	101.83	103.11	102.77	103.29	102.29	103.27	106.67	103.87	107.92	106.65	107.73	109.66	109.56	108.80	99.83	100.24
134	101.00	100.73	102.04	101.64	101.78	103.04	102.68	103.25	102.21	103.21	106.62	103.85	107.86	106.58	107.67	109.62	109.49	108.76	99.77	100.20
135	100.94	100.68	101.99	101.58	101.75	102.98	102.64	103.20	102.16	103.12	106.55	103.74	107.82	106.53	107.60	109.59	109.44	108.72	99.71	100.13
136	100.89	100.61	101.93	101.53	101.68	102.89	102.56	103.13	102.10	103.02	106.50	103.65	107.76	106.49	107.54	109.54	109.37	108.66	99.64	100.10
137	100.85	100.51	101.83	101.51	101.63	102.81	102.51	103.08	101.99	102.97	106.45	103.55	107.72	106.38	107.48	109.50	109.31	108.62	99.59	100.05
138	100.76	100.42	101.81	101.41	101.57	102.74	102.42	103.00	101.88	102.94	106.41	103.48	107.63	106.28	107.42	109.42	109.27	108.54	99.54	99.99
139	100.65	100.38	101.72	101.31	101.48	102.69	102.38	102.93	101.86	102.90	106.36	103.42	107.55	106.17	107.35	109.35	109.23	108.47	99.45	99.89
140	100.58	100.29	101.67	101.27	101.44	102.60	102.30	102.88	101.80	102.81	106.25	103.34	107.47	106.10	107.31	109.31	109.16	108.44	99.35	99.81
141	100.52	100.25	101.61	101.23	101.40	102.52	102.22	102.81	101.71	102.78	106.20	103.26	107.41	106.05	107.26	109.19	109.04	108.35	99.27	99.77
142	100.45	100.16	101.54	101.15	101.33	102.47	102.16	102.74	101.63	102.72	106.16	103.20	107.32	105.98	107.22	109.13	109.02	108.27	99.22	99.69
143	100.37	100.07	101.49	101.11	101.24	102.41	102.09	102.69	101.55	102.66	106.08	103.11	107.25	105.94	107.18	109.09	108.92	108.20	99.19	99.64
144	100.33	99.99	101.37	101.02	101.17	102.36	102.04	102.60	101.47	102.57	106.00	103.08	107.17	105.85	107.11	108.98	108.85	108.10	99.15	99.53
145	100.26	99.91	101.34	100.94	101.11	102.30	101.99	102.50	101.42	102.51	105.90	103.03	107.13	105.81	107.08	108.94	108.78	108.02	99.10	99.45
146	100.23	99.85	101.30	100.89	101.03	102.26	101.96	102.44	101.37	102.47	105.84	102.98	107.09	105.78	107.01	108.87	108.70	107.98	99.07	99.39
147	100.18	99.79	101.24	100.84	100.97	102.22	101.89	102.31	101.30	102.43	105.81	102.95	107.03	105.73	106.96	108.80	108.64	107.93	99.00	99.33
148	100.12	99.73	101.18	100.81	100.92	102.16	101.83	102.24	101.22	102.39	105.78	102.93	106.96	105.65	106.91	108.74	108.57	107.89	98.96	99.29
149	100.06	99.68	101.07	100.76	100.85	102.10	101.77	102.17	101.15	102.32	105.72	102.86	106.90	105.58	106.88	108.69	108.52	107.82	98.92	99.25
	99.95	99.62	101.02	100.68	100.79	101.99	101.71	102.11	101.11	102.27	105.66	102.81		105.54	106.82	108.65	108.45	107.76	98.86	99.16
	99.91	99.58		100.60	100.74	101.95	101.68	102.06		102.14	105.62				106.78	108.61	108.35	107.72	98.83	99.12
				100.49	100.68			102.01		102.10	105.53				106.73	108.56	108.31	107.63		99.03
				100.42	100.61			101.95							106.65	108.49		107.60		98.99
					100.56			101.90							106.60	108.43				
								101.79								108.37				
								101.75												
