79.06
78.84
78.64
78.43
78.19
77.95
77.76
77.57
77.38
77.19
76.97
76.78
76.55
76.32
76.08
75.88
75.66
75.46
75.23
75.03
74.84
74.64
74.44
74.23
74.03
73.81
73.61
73.42
73.23
73.01
72.78
72.56
72.36
72.16
71.94
71.69
71.49
71.28
71.09
70.88
70.67
70.46
70.25
70.04
69.84
69.65
69.44
69.18
68.92
68.71
68.52
68.29
68.08
67.85
67.64
67.42
67.22
67.01
66.80
66.59
66.38
66.18
65.99
65.78
65.58
65.41
65.21
64.99
64.79
64.58
64.35
64.14
63.90
63.70
63.49
63.30
63.09
62.89
62.61
62.42
62.17
61.92
61.72
61.50
61.28
61.07
60.86
60.63
60.42
60.19
59.98
59.75
59.50
59.28
59.08
58.84
58.60
58.40
58.19
57.97
57.69
57.49
57.30
57.10
57.10
57.01
56.90
56.79
56.68
56.57
56.43
56.34
56.20
56.12
56.01
55.89
55.74
55.65
55.55
55.43
55.28
55.17
55.05
54.86
54.70
54.60
54.49
54.37
54.26
54.15
54.02
53.91
53.79
53.68
53.57
53.47
53.35
53.13
53.04
52.91
52.82
52.71
52.61
52.51
52.40
52.29
52.18
52.05
51.96
51.87
51.77
51.67
51.56
51.47
