97.16
96.95
96.73
96.52
96.32
96.11
95.91
95.71
95.51
95.31
95.10
94.85
94.60
94.41
94.18
93.98
93.76
93.53
93.32
93.11
92.88
92.69
92.49
92.29
92.09
91.86
91.66
91.47
91.27
91.00
90.82
90.61
90.41
90.21
89.97
89.77
89.59
89.35
89.16
88.93
88.73
88.50
88.28
88.08
87.86
87.67
87.48
87.25
87.00
86.79
86.58
86.39
86.19
85.98
85.78
85.57
85.35
85.14
84.94
84.74
84.56
84.37
84.18
83.98
83.77
83.58
83.38
83.19
82.98
82.77
82.55
82.35
82.14
81.92
81.71
81.48
81.26
81.03
80.78
80.59
80.37
80.17
79.97
79.74
79.52
79.31
79.10
78.89
78.65
78.44
78.23
78.02
77.82
77.62
77.40
77.17
76.97
76.74
76.54
76.31
76.04
75.85
75.63
75.41
75.14
74.91
74.71
74.51
74.28
74.08
73.85
73.62
73.41
73.21
72.98
72.79
72.54
72.33
72.10
71.88
71.69
71.48
71.19
70.91
70.68
70.49
70.29
70.09
69.89
69.69
69.47
69.25
69.04
68.84
68.64
68.37
68.37
68.29
68.19
68.07
67.96
67.86
67.76
67.66
67.55
67.45
67.33
67.21
67.09
66.97
66.83
66.76
66.65
66.56
66.46
