85.31
85.10
84.89
84.68
84.46
84.25
84.02
83.85
83.63
83.42
83.22
82.99
82.77
82.54
82.36
82.15
81.95
81.73
81.54
81.33
81.13
80.91
80.72
80.53
80.32
80.11
79.89
79.67
79.47
79.27
79.04
78.86
78.65
78.46
78.25
78.04
77.84
77.64
77.40
77.21
76.98
76.75
76.55
76.33
76.12
75.94
75.74
75.53
75.30
75.09
74.90
74.70
74.51
74.30
74.13
73.91
73.71
73.50
73.28
73.08
72.89
72.71
72.51
72.30
72.10
71.90
71.68
71.49
71.29
71.07
70.86
70.67
70.46
70.25
70.04
69.82
69.59
69.38
69.12
68.93
68.71
68.46
68.26
68.04
67.81
67.59
67.39
67.18
66.96
66.74
66.53
66.33
66.11
65.90
65.68
65.50
65.28
65.09
64.88
64.67
64.42
64.23
64.01
63.81
63.51
63.32
63.13
62.92
62.68
62.47
62.26
62.05
61.85
61.64
61.45
61.22
61.02
60.79
60.57
60.34
60.12
59.91
59.91
59.80
59.62
59.52
59.43
59.32
59.22
59.09
59.00
58.86
58.76
58.64
58.52
58.41
58.30
58.05
57.94
57.82
57.73
57.62
57.53
57.43
57.33
57.22
57.09
56.97
56.87
56.79
56.71
56.58
56.48
56.37
56.28
