83.31
83.09
82.90
82.69
82.48
82.26
82.05
81.85
81.63
81.43
81.20
80.99
80.77
80.54
80.31
80.12
79.91
79.71
79.50
79.29
79.09
78.89
78.69
78.49
78.28
78.05
77.86
77.65
77.43
77.23
76.97
76.76
76.55
76.34
76.11
75.92
75.71
75.50
75.29
75.05
74.82
74.59
74.39
74.18
73.97
73.75
73.53
73.29
73.10
72.87
72.65
72.45
72.25
72.03
71.84
71.62
71.41
71.21
71.00
70.80
70.61
70.38
70.18
69.98
69.77
69.57
69.38
69.18
68.99
68.77
68.56
68.35
68.13
67.91
67.72
67.51
67.29
67.02
66.82
66.61
66.38
66.18
65.95
65.75
65.51
65.31
65.11
64.90
64.68
64.45
64.26
64.06
63.85
63.62
63.39
63.22
63.02
62.84
62.64
62.39
62.39
62.27
62.18
62.07
61.94
61.77
61.66
61.56
61.47
61.36
61.24
61.12
61.00
60.86
60.78
60.68
60.55
60.42
60.28
60.16
60.04
59.94
59.83
59.62
59.45
59.32
59.20
59.12
59.01
58.88
58.77
58.68
58.55
58.45
58.35
58.25
58.14
57.90
57.77
57.67
57.56
57.47
57.36
57.27
57.15
57.05
56.91
56.81
56.71
56.60
56.48
56.38
56.29
56.20
56.10
