1	88.13	87.05	88.22	87.47	89.62	87.80	87.85	86.92	89.07	90.13	85.70	89.15	86.63	86.06	87.16	87.39	84.55	86.59	85.71	87.81
2	87.94	86.86	87.99	87.26	89.42	87.60	87.64	86.71	88.88	89.92	85.48	88.96	86.42	85.84	86.96	87.21	84.32	86.38	85.48	87.61
3	87.74	86.65	87.78	87.05	89.20	87.40	87.46	86.52	88.67	89.72	85.28	88.76	86.23	85.61	86.76	87.00	84.11	86.17	85.27	87.41
4	87.54	86.39	87.56	86.82	88.99	87.17	87.26	86.31	88.44	89.47	85.04	88.54	86.02	85.39	86.54	86.77	83.87	85.92	85.08	87.19
5	87.32	86.19	87.33	86.62	88.77	86.96	87.06	86.09	88.23	89.25	84.83	88.33	85.80	85.18	86.33	86.57	83.65	85.70	84.86	86.95
6	87.11	85.86	87.10	86.41	88.53	86.73	86.82	85.86	88.01	89.03	84.42	88.10	85.61	84.94	86.10	86.34	83.44	85.49	84.64	86.73
7	86.82	85.55	86.80	86.13	88.22	86.42	86.55	85.53	87.66	88.72	84.07	87.67	85.27	84.62	85.78	86.00	83.04	85.16	84.32	86.44
8	86.53	85.25	86.52	85.85	87.83	86.13	86.28	85.21	87.40	88.40	83.71	87.39	84.99	84.28	85.32	85.66	82.67	84.83	83.98	86.09
9	86.21	84.98	86.17	85.54	87.54	85.81	85.95	84.90	87.01	88.08	83.40	87.09	84.67	83.94	84.93	85.34	82.35	84.50	83.44	85.73
10	85.89	84.66	85.83	85.22	87.33	85.51	85.66	84.56	86.73	87.76	83.03	86.80	84.35	83.61	84.74	85.02	82.01	84.21	83.10	85.41
11	85.61	84.46	85.53	84.93	86.93	85.20	85.37	84.26	86.44	87.46	82.83	86.53	84.05	83.29	84.31	84.73	81.66	83.89	82.71	85.10
12	85.27	84.13	85.23	84.61	86.71	84.88	85.07	83.96	86.14	87.14	82.50	86.17	83.72	82.98	84.08	84.44	81.28	83.58	82.38	84.77
13	84.95	83.82	84.88	84.28	86.41	84.57	84.77	83.68	85.82	86.83	82.16	85.92	83.38	82.65	83.73	84.14	80.91	83.25	82.00	84.44
14	84.65	83.53	84.57	83.97	86.10	84.22	84.45	83.36	85.53	86.50	81.85	85.71	83.07	82.33	83.42	83.82	80.69	82.93	81.64	84.12
15	84.29	83.16	84.18	83.45	85.69	83.82	84.13	82.99	85.08	86.19	81.42	85.39	82.70	81.88	83.01	83.31	80.32	82.51	81.64	83.73
16	84.00	82.88	83.86	83.10	85.37	83.49	83.79	82.69	84.72	85.87	81.09	85.06	82.37	81.59	82.69	82.98	80.00	82.21	81.34	83.43
17	83.70	82.53	83.56	82.76	85.05	83.16	83.47	82.34	84.36	85.57	80.75	84.79	82.08	81.26	82.35	82.67	79.71	81.87	81.01	83.12
18	83.39	82.21	83.27	82.37	84.73	82.84	83.14	82.06	84.17	85.25	80.44	84.45	81.74	80.97	82.02	82.34	79.38	81.55	80.72	82.80
19	83.09	81.89	82.96	82.15	84.42	82.53	82.82	81.75	83.88	84.96	80.12	84.17	81.43	80.66	81.69	82.15	79.07	81.22	80.60	82.48
20	82.87	81.66	82.69	81.93	84.18	82.28	82.60	81.52	83.65	84.74	79.88	83.95	81.17	80.45	81.44	81.90	78.87	80.98	80.41	82.27
21	82.67	81.47	82.48	81.69	84.00	82.05	82.40	81.32	83.45	84.52	79.70	83.75	80.97	80.23	81.24	81.72	78.66	80.78	80.32	82.05
22	82.35	81.24	82.25	81.35	83.74	81.83	82.15	81.08	83.22	84.29	79.47	83.53	80.74	80.01	81.00	81.47	78.45	80.56	80.22	81.83
23	82.03	80.94	81.95	81.02	83.47	81.49	81.79	80.75	82.94	84.02	79.16	83.17	80.45	79.67	80.73	81.13	78.14	80.23	80.10	81.54
24	81.75	80.60	81.62	80.68	83.07	81.16	81.48	80.43	82.61	83.72	78.69	82.88	80.12	79.38	80.44	80.80	77.81	79.90	79.92	81.20
25	81.55	80.28	81.34	80.45	82.84	80.66	81.19	80.17	82.32	83.41	78.50	82.56	79.81	79.07	80.14	80.40	77.52	79.59	79.72	80.88
27	81.25	79.96	81.07	80.12	82.53	80.32	80.89	79.87	82.04	83.08	78.19	82.24	79.53	79.07	79.83	80.11	77.21	79.28	79.54	80.59
28	80.95	79.63	80.79	79.80	82.22	79.96	80.59	79.61	81.77	82.75	77.92	81.97	79.25	78.87	79.51	79.82	77.21	78.96	79.33	80.27
29	80.60	79.29	80.47	79.38	81.96	79.62	80.27	79.31	81.45	82.39	77.62	81.67	78.96	78.67	79.17	79.49	77.06	78.62	79.13	79.99
30	80.40	78.97	80.17	79.14	81.63	79.39	79.94	78.98	81.14	82.09	77.14	81.36	78.64	78.45	78.84	79.16	76.88	78.32	78.92	79.66
31	79.97	78.65	79.85	78.84	81.27	78.90	79.62	78.63	80.84	81.80	76.76	81.02	78.27	78.24	78.53	78.88	76.64	78.03	78.67	79.32
32	79.68	78.31	79.53	78.48	80.94	78.51	79.30	78.27	80.49	81.47	76.39	80.68	77.97	78.01	78.21	78.58	76.41	77.68	78.43	78.99
33	79.38	78.01	79.25	78.15	80.64	78.13	78.87	77.95	80.19	81.21	76.01	80.33	77.63	77.77	77.80	78.25	76.18	77.35	78.18	78.69
34	79.05	77.67	78.91	77.84	80.31	77.80	78.48	77.61	79.85	80.87	75.66	79.99	77.31	77.54	77.44	77.95	75.96	77.01	77.94	78.38
35	78.77	77.35	78.61	77.36	80.00	77.53	78.12	77.29	79.52	80.57	75.32	79.69	76.89	77.27	77.15	77.77	75.69	76.70	77.72	78.05
36	78.47	77.04	78.29	77.00	79.69	77.19	77.75	76.95	79.19	80.25	74.95	79.35	76.56	77.04	76.87	77.36	75.49	76.34	77.51	77.72
37	78.16	76.69	77.99	76.62	79.31	76.88	77.43	76.64	78.88	79.90	74.53	78.91	76.25	76.82	76.48	77.02	75.28	76.00	77.30	77.39
38	77.86	76.35	77.60	76.22	78.96	76.52	77.07	76.27	78.57	79.53	74.31	78.57	75.89	76.56	76.13	76.69	75.06	75.68	77.09	77.02
39	77.60	76.02	77.26	76.00	78.64	76.23	76.69	75.95	78.25	79.16	73.97	78.24	75.68	76.29	75.83	76.37	74.85	75.33	76.86	76.68
40	77.28	75.68	76.92	75.67	78.33	75.92	76.32	75.65	77.91	78.79	73.97	77.94	75.37	76.07	75.62	76.02	74.59	75.03	76.62	76.34
41	76.91	75.33	76.61	75.36	78.03	75.46	75.90	75.34	77.55	78.47	73.62	77.61	75.06	75.86	75.31	75.67	74.32	74.73	76.35	76.00
42	76.69	75.00	76.31	75.03	77.72	75.21	75.51	75.34	77.18	78.10	73.28	77.25	74.76	75.64	75.01	75.32	74.10	74.40	76.13	75.66
43	76.31	74.65	75.94	74.69	77.39	74.71	75.14	75.20	76.81	77.72	72.95	76.93	74.42	75.43	74.68	75.03	73.87	74.02	75.92	75.21
44	75.84	74.33	75.59	74.36	77.08	74.33	74.75	74.93	76.47	77.40	72.61	76.66	74.10	75.18	74.37	74.69	73.63	73.70	75.67	74.86
45	75.52	74.01	75.28	74.05	76.76	73.94	74.35	74.71	76.18	77.09	72.32	76.46	73.77	74.93	74.03	74.37	73.39	73.38	75.45	74.58
46	75.24	73.63	74.94	73.71	76.38	73.57	74.02	74.49	75.83	76.76	71.98	75.99	73.44	74.72	73.68	73.99	73.15	73.04	75.25	74.29
47	74.98	73.30	74.61	73.44	76.06	73.15	73.66	74.21	75.53	76.45	71.64	75.79	73.19	74.47	73.32	73.64	72.93	72.72	75.01	73.93
48	74.66	72.97	74.26	73.10	75.79	72.97	73.27	74.00	75.23	76.12	71.36	75.46	72.89	74.23	72.97	73.30	72.65	72.40	74.75	73.69
49	74.33	72.63	73.91	72.75	75.45	72.64	72.89	73.79	74.89	75.75	71.08	75.00	72.54	73.99	72.65	72.98	72.43	72.04	74.53	73.40
50	73.98	72.34	73.56	72.39	75.16	72.33	72.68	73.53	74.52	75.40	70.76	74.65	72.23	73.74	72.31	72.52	72.20	71.76	74.32	73.07
51	73.64	71.96	73.18	72.03	74.83	71.96	72.34	73.28	74.17	75.05	70.39	74.29	71.88	73.47	71.95	72.19	71.97	71.41	74.08	72.64
52	73.35	71.64	72.90	71.74	74.54	71.69	71.88	72.99	73.89	74.79	70.05	74.09	71.61	73.18	71.66	71.84	71.73	71.11	73.81	72.23
53	73.06	71.34	72.59	71.36	74.19	71.34	71.50	72.80	73.57	74.45	69.96	73.79	71.26	72.97	71.30	71.47	71.55	70.80	73.66	71.93
54	72.73	71.02	72.26	71.06	73.84	70.99	71.13	72.55	73.22	74.14	69.74	73.39	70.92	72.74	70.99	71.10	71.33	70.48	73.48	71.62
55	72.43	70.70	71.94	70.74	73.52	70.66	70.79	72.34	72.87	73.77	69.52	73.06	70.58	72.52	70.65	70.74	71.11	70.01	73.30	71.31
56	72.13	70.38	71.60	70.46	73.21	70.34	70.44	72.13	72.57	73.47	69.28	72.75	70.28	72.30	70.35	70.40	70.88	69.67	73.08	71.03
57	71.80	69.91	71.30	70.13	72.87	70.03	70.07	71.92	72.17	73.23	69.10	72.43	69.96	72.05	70.01	70.22	70.70	69.43	72.88	70.73
58	71.60	69.57	70.96	69.81	72.50	69.70	69.73	71.68	71.86	72.87	68.86	72.21	69.61	71.85	69.68	69.92	70.48	69.15	72.67	70.46
59	71.29	69.25	70.67	69.52	72.19	69.42	69.53	71.44	71.55	72.57	68.66	71.90	69.31	71.64	69.36	69.62	70.26	68.83	72.47	70.25
60	70.99	69.05	70.36	69.21	71.89	69.11	69.26	71.27	71.34	72.25	68.49	71.60	69.01	71.45	69.08	69.27	70.06	68.50	72.30	69.94
61	70.78	68.70	70.14	69.02	71.64	68.90	69.04	71.07	71.03	72.06	68.30	71.38	68.79	71.25	68.85	69.04	69.89	68.29	72.08	69.73
62	70.48	68.50	69.82	68.74	71.35	68.57	68.77	70.97	70.85	71.72	68.19	71.05	68.50	71.15	68.57	68.78	69.77	67.98	71.97	69.42
63	70.28	68.30	69.63	68.55	71.14	68.36	68.57	70.76	70.65	71.49	67.97	70.85	68.30	70.92	68.38	68.58	69.54	67.76	71.75	69.20
64	70.07	68.08	69.38	68.32	70.90	68.16	68.32	70.67	70.40	71.28	67.87	70.62	68.04	70.80	68.12	68.34	69.44	67.53	71.68	68.97
65	69.84	67.88	69.17	68.13	70.68	67.94	68.10	70.56	70.21	71.08	67.76	70.40	67.81	70.66	67.90	68.11	69.28	67.30	71.56	68.77
66	69.65	67.66	68.98	67.91	70.38	67.75	67.89	70.46	69.82	70.87	67.64	70.19	67.61	70.55	67.69	67.90	69.15	67.10	71.45	68.56
67	69.35	67.35	68.67	67.61	70.07	67.42	67.59	70.34	69.44	70.58	67.53	69.88	67.32	70.44	67.35	67.61	69.05	66.75	71.37	68.26
68	69.03	67.07	68.36	67.28	69.77	67.11	67.30	70.15	69.11	70.27	67.30	69.60	67.02	70.24	67.06	67.18	68.85	66.47	71.12	67.84
69	68.71	66.71	68.36	66.96	69.57	66.78	66.97	69.99	68.91	69.93	67.06	69.28	66.70	70.04	66.75	66.83	68.63	66.17	70.93	67.51
70	68.38	66.37	68.17	66.66	69.28	66.49	66.63	69.77	68.63	69.62	66.81	68.96	66.39	69.82	66.48	66.45	68.38	65.89	70.69	67.23
71	68.09	66.13	67.93	66.38	68.87	66.17	66.36	69.54	68.19	69.34	66.61	68.67	66.10	69.62	66.23	66.11	68.17	65.60	70.45	66.94
72	67.77	65.77	67.76	66.02	68.67	65.86	66.00	69.37	68.00	69.00	66.47	68.30	65.73	69.43	65.87	65.73	67.97	65.25	70.30	66.53
73	67.41	65.44	67.55	65.65	68.32	65.52	65.64	69.12	67.67	68.66	66.23	67.97	65.43	69.22	65.56	65.51	67.68	64.88	70.06	66.31
74	67.18	65.23	67.34	65.44	68.09	65.34	65.43	68.91	67.43	68.44	65.99	67.79	65.23	69.02	65.34	65.32	67.42	64.68	69.80	66.11
75	66.94	65.01	67.22	65.19	67.87	65.13	65.20	68.79	67.21	68.22	65.86	67.57	65.02	68.93	65.10	65.10	67.30	64.46	69.69	65.91
76	66.70	64.78	67.08	64.95	67.65	64.91	64.98	68.68	66.98	67.99	65.75	67.34	64.81	68.79	64.86	64.87	67.17	64.25	69.57	65.70
77	66.49	64.59	66.95	64.76	67.45	64.71	64.77	68.54	66.78	67.80	65.66	67.15	64.63	68.65	64.65	64.66	67.05	64.04	69.45	65.49
78	66.18	64.36	66.84	64.52	67.21	64.47	64.55	68.45	66.55	67.56	65.55	66.96	64.43	68.56	64.42	64.43	66.95	63.83	69.35	65.13
79	65.95	64.08	66.72	64.22	66.89	64.16	64.26	68.37	66.28	67.25	65.39	66.68	64.12	68.42	64.15	64.15	66.82	63.56	69.23	64.93
80	65.63	63.86	66.50	64.03	66.64	63.95	64.03	68.18	66.06	67.04	65.18	66.45	63.90	68.22	63.93	63.94	66.59	63.34	69.06	64.59
81	65.29	63.49	66.39	63.67	66.32	63.65	63.72	68.03	66.06	66.71	65.04	66.15	63.53	68.11	63.61	63.65	66.43	63.03	68.95	64.20
82	64.98	63.18	66.13	63.37	66.05	63.35	63.41	67.85	65.93	66.71	64.80	65.84	63.24	67.86	63.31	63.36	66.21	62.73	68.73	63.83
83	64.66	62.85	65.94	63.05	65.74	63.04	63.12	67.64	65.70	66.58	64.60	65.53	62.91	67.63	62.99	63.07	65.99	62.42	68.51	63.42
84	64.45	62.54	65.70	62.69	65.40	62.67	62.82	67.42	65.50	66.37	64.38	65.17	62.55	67.39	62.67	62.74	65.79	62.11	68.31	63.21
85	64.25	62.34	65.52	62.47	65.21	62.47	62.63	67.19	65.24	66.16	64.16	64.96	62.36	67.11	62.47	62.53	65.58	61.89	68.06	63.00
86	64.02	62.12	65.40	62.25	64.96	62.26	62.45	67.12	65.13	66.06	64.05	64.74	62.14	67.03	62.26	62.35	65.48	61.70	67.95	62.78
87	63.84	61.91	65.29	62.04	64.59	62.08	62.25	66.99	65.02	65.92	63.93	64.53	61.91	66.90	62.03	62.12	65.35	61.48	67.82	62.55
88	63.56	61.64	64.95	61.74	64.20	61.81	61.99	66.89	64.90	65.83	63.79	64.23	61.59	66.79	61.76	61.81	65.24	61.22	67.72	62.25
89	63.25	61.35	64.68	61.43	63.87	61.52	61.73	66.72	64.76	65.64	63.62	63.89	61.26	66.57	61.44	61.50	65.05	60.94	67.52	61.92
90	62.98	61.02	64.32	61.10	63.49	61.18	61.40	66.50	64.53	65.44	63.40	63.59	60.93	66.34	61.17	61.16	64.83	60.62	67.32	61.58
91	62.69	60.75	64.05	60.79	63.30	60.87	61.08	66.35	64.36	65.26	63.21	63.29	60.62	66.14	60.86	60.82	64.66	60.34	67.15	61.26
92	62.49	60.55	63.93	60.59	63.09	60.50	60.88	66.16	64.18	65.04	63.02	63.09	60.41	65.94	60.66	60.62	64.45	60.14	66.94	61.04
93	62.15	60.26	63.81	60.33	62.79	60.11	60.55	66.05	64.06	64.75	62.93	62.81	60.06	65.84	60.37	60.28	64.32	59.87	66.83	60.78
94	61.82	59.96	63.66	59.97	62.49	59.75	60.23	65.84	63.88	64.47	62.71	62.51	59.70	65.65	60.06	59.93	64.15	59.55	66.63	60.47
95	61.46	59.60	63.46	59.65	62.18	59.54	59.86	65.63	63.67	64.10	62.48	62.14	59.37	65.42	59.72	59.59	63.92	59.16	66.44	60.14
96	61.24	59.39	63.22	59.43	61.96	59.31	59.64	65.36	63.42	64.01	62.24	61.95	59.13	65.16	59.49	59.37	63.66	58.95	66.17	59.95
97	61.03	59.19	63.10	59.23	61.75	59.09	59.41	65.27	63.33	63.92	62.12	61.75	58.90	65.04	59.25	59.11	63.53	58.72	66.07	59.74
98	60.77	58.91	62.98	58.98	61.75	58.83	59.15	65.14	63.21	63.80	61.99	61.50	58.90	64.94	58.97	58.85	63.40	58.45	65.96	59.49
99	60.59	58.70	62.82	58.77	61.67	58.64	58.94	64.97	63.05	63.64	61.83	61.28	58.81	64.77	58.78	58.65	63.24	58.23	65.79	59.27
100	60.34	58.44	62.72	58.51	61.58	58.36	58.69	64.87	62.94	63.54	61.73	61.00	58.70	64.67	58.51	58.39	63.12	58.23	65.68	59.02
101	60.12	58.22	62.56	58.29	61.43	58.16	58.48	64.70	62.76	63.39	61.59	60.80	58.52	64.50	58.29	58.18	62.93	58.13	65.55	58.80
102	59.89	58.01	62.48	58.10	61.32	57.96	58.28	64.55	62.62	63.26	61.46	60.60	58.38	64.38	58.09	57.97	62.79	58.04	65.42	58.58
103	59.67	57.77	62.37	57.88	61.22	57.74	58.07	64.45	62.52	63.14	61.36	60.39	58.28	64.27	57.89	57.75	62.68	57.95	65.31	58.33
104	59.46	57.55	62.23	57.65	61.13	57.52	57.87	64.30	62.39	63.01	61.25	60.18	58.15	64.17	57.69	57.54	62.56	57.83	65.17	58.13
105	59.25	57.32	62.09	57.40	61.00	57.29	57.63	64.18	62.27	62.86	61.13	59.94	58.02	64.05	57.46	57.31	62.46	57.70	65.05	57.89
106	59.01	57.05	61.96	57.12	60.86	57.02	57.38	64.06	62.13	62.72	60.99	59.68	57.90	63.90	57.46	57.07	62.35	57.58	64.92	57.64
107	58.81	56.81	61.79	56.87	60.68	56.76	57.09	63.88	61.97	62.55	60.83	59.68	57.74	63.73	57.37	56.78	62.17	57.44	64.73	57.36
108	58.61	56.61	61.61	56.68	60.50	56.54	56.89	63.72	61.78	62.39	60.68	59.56	57.58	63.60	57.23	56.54	61.99	57.28	64.59	57.16
109	58.38	56.41	61.50	56.46	60.41	56.35	56.67	63.61	61.68	62.28	60.56	59.44	57.48	63.50	57.13	56.34	61.87	57.19	64.50	56.97
110	58.15	56.19	61.38	56.27	60.28	56.11	56.46	63.48	61.56	62.20	60.44	59.33	57.37	63.37	57.02	56.10	61.75	57.03	64.40	56.75
111	57.96	55.98	61.26	56.06	60.14	55.89	56.26	63.34	61.43	62.05	60.30	59.20	57.23	63.25	56.88	55.87	61.64	56.93	64.32	56.52
112	57.70	55.72	61.13	55.83	60.00	55.68	56.00	63.23	61.31	61.94	60.20	59.06	57.14	63.10	56.76	55.63	61.52	56.79	64.18	56.30
113	57.48	55.50	60.98	55.56	59.86	55.44	55.75	63.10	61.16	61.81	60.08	58.95	57.04	62.99	56.62	55.41	61.38	56.65	64.04	56.08
114	57.28	55.29	60.89	55.34	59.77	55.23	55.54	62.95	61.02	61.71	59.96	58.81	56.90	62.88	56.45	55.18	61.29	56.51	63.89	55.88
115	57.05	55.08	60.78	55.11	59.64	54.99	55.34	62.82	60.94	61.59	59.86	58.72	56.79	62.76	56.33	54.96	61.17	56.39	63.80	55.69
116	56.83	54.88	60.66	54.91	59.54	54.77	55.14	62.71	60.81	61.50	59.75	58.60	56.69	62.59	56.23	54.76	61.06	56.25	63.66	55.48
117	56.58	54.62	60.56	54.91	59.43	54.55	54.91	62.60	60.71	61.39	59.63	58.52	56.59	62.50	56.12	54.54	60.96	56.16	63.57	55.23
118	56.38	54.42	60.40	54.84	59.29	54.34	54.70	62.43	60.56	61.25	59.45	58.34	56.42	62.34	55.95	54.34	60.79	56.02	63.40	55.02
119	56.08	54.42	60.29	54.72	59.20	54.11	54.44	62.34	60.47	61.14	59.34	58.23	56.30	62.23	55.81	54.09	60.70	55.90	63.30	54.74
120	55.88	54.33	60.14	54.50	59.00	53.91	54.23	62.17	60.31	60.97	59.18	58.06	56.14	62.05	55.64	53.87	60.53	55.74	63.11	54.38
121	55.48	54.19	60.03	54.40	58.87	53.44	53.96	62.05	60.22	60.88	59.09	57.93	56.04	61.94	55.33	53.60	60.42	55.66	63.00	54.01
122	55.10	53.83	59.84	54.22	58.69	53.10	53.66	61.83	59.99	60.66	58.90	57.76	55.71	61.72	55.03	53.26	60.22	55.48	62.82	53.66
123	54.74	53.56	59.63	54.00	58.49	52.71	53.18	61.59	59.78	60.46	58.66	57.57	55.46	61.52	54.76	53.26	60.02	55.27	62.62	53.29
124	54.36	53.24	59.41	53.76	58.29	52.38	52.84	61.37	59.58	60.27	58.45	57.33	55.14	61.30	54.50	53.12	59.77	54.83	62.38	52.90
125	54.06	52.93	59.16	53.52	58.11	52.04	52.50	61.13	59.40	60.05	58.23	57.12	54.86	61.06	54.20	52.86	59.53	54.53	62.12	52.54
126	53.70	52.65	58.95	53.34	57.87	51.65	52.16	60.90	59.16	59.87	58.00	56.93	54.60	60.83	53.87	52.63	59.34	54.21	61.90	52.18
127	53.36	52.37	58.72	53.15	57.64	51.31	51.81	60.70	58.96	59.69	57.81	56.72	54.34	60.62	53.57	52.40	59.16	53.89	61.67	51.94
128	53.12	52.08	58.54	52.99	57.44	51.09	51.45	60.51	58.76	59.46	57.61	56.52	54.04	60.40	53.47	52.20	58.94	53.61	61.45	51.61
129	52.78	51.97	58.32	52.79	57.19	50.78	51.23	60.32	58.60	59.29	57.38	56.30	53.90	60.18	53.30	52.02	58.72	53.30	61.25	51.31
130	52.59	51.80	58.09	52.61	57.01	50.58	51.02	60.11	58.38	59.07	57.16	56.05	53.71	59.97	53.10	51.86	58.50	53.20	61.06	51.11
131	52.33	51.69	57.97	52.49	56.90	50.35	50.79	60.04	58.30	58.96	57.05	55.93	53.58	59.89	52.99	51.78	58.39	53.09	60.94	50.89
132	52.11	51.57	57.83	52.35	56.78	50.12	50.56	59.90	58.16	58.86	56.93	55.81	53.44	59.77	52.85	51.67	58.25	52.98	60.81	50.89
133	51.87	51.44	57.67	52.21	56.68	49.91	50.35	59.75	58.02	58.74	56.77	55.69	53.30	59.63	52.70	51.53	58.11	52.81	60.65	50.79
134	51.64	51.32	57.55	52.07	56.57	49.68	50.18	59.65	57.90	58.63	56.66	55.58	53.17	59.49	52.56	51.41	57.99	52.67	60.55	50.69
135	51.43	51.18	57.41	51.95	56.48	49.42	49.95	59.52	57.80	58.49	56.55	55.47	53.06	59.36	52.44	51.30	57.87	52.54	60.41	50.55
136	51.13	51.05	57.29	51.88	56.37	49.42	49.70	59.39	57.64	58.36	56.43	55.36	52.95	59.25	52.33	51.17	57.73	52.39	60.27	50.40
137	50.90	50.91	57.10	51.74	56.23	49.28	49.47	59.25	57.47	58.19	56.28	55.22	52.79	59.08	52.18	51.00	57.53	52.21	60.06	50.18
138	50.90	50.80	56.99	51.62	56.08	49.17	49.22	59.14	57.36	58.07	56.16	55.12	52.67	58.97	52.07	50.88	57.43	52.08	59.94	50.06
139	50.79	50.59	56.78	51.46	55.94	48.93	48.93	58.98	57.19	57.90	56.00	54.95	52.49	58.78	51.91	50.70	57.29	51.93	59.75	49.89
140	50.67	50.43	56.62	51.32	55.80	48.82	48.72	58.84	57.04	57.76	55.83	54.81	52.33	58.62	51.72	50.56	57.12	51.79	59.59	49.75
141	50.58	50.34	56.53	51.19	55.66	48.70	48.52	58.75	56.94	57.65	55.70	54.70	52.22	58.51	51.61	50.46	57.01	51.69	59.48	49.65
142	50.44	50.24	56.42	51.10	55.55	48.60	48.33	58.63	56.85	57.53	55.59	54.59	52.12	58.40	51.50	50.34	56.90	51.59	59.38	49.54
143	50.34	50.11	56.32	51.01	55.45	48.49	48.09	58.50	56.72	57.40	55.50	54.45	52.01	58.26	51.38	50.22	56.77	51.48	59.29	49.44
