86.00
85.81
85.60
85.41
85.19
85.00
84.77
84.44
84.13
83.83
83.55
83.26
82.93
82.63
82.25
81.98
81.65
81.34
81.00
80.64
80.31
80.00
79.71
79.40
79.20
78.81
78.48
78.11
77.74
77.37
77.16
76.91
76.67
76.46
76.23
75.94
75.59
75.25
74.96
74.64
74.33
74.00
73.71
73.40
73.19
72.98
72.77
72.49
72.20
71.90
71.62
71.30
71.01
70.77
70.44
70.23
70.00
69.80
69.50
69.18
68.90
68.55
68.23
68.03
67.81
67.61
67.29
66.98
66.63
66.26
65.96
65.64
65.35
65.05
64.73
64.44
64.15
63.85
63.51
63.12
62.73
62.34
61.99
61.79
61.47
61.26
60.97
60.75
60.54
60.33
60.12
59.92
59.75
59.55
59.31
59.10
58.85
58.56
58.34
58.15
57.93
57.72
57.52
57.32
57.12
56.93
56.61
56.25
55.95
55.74
55.54
55.33
55.14
54.92
54.72
54.41
54.19
53.98
53.78
53.56
53.35
53.14
52.93
52.69
52.33
51.89
51.49
51.11
50.91
50.51
50.09
49.73
49.54
49.30
49.09
48.83
48.63
48.43
48.22
48.01
47.83
47.83
47.73
47.62
47.51
47.40
47.28
47.19
47.06
46.96
46.84
46.76
46.66
46.57
46.44
46.33
46.24
46.13
46.02
45.90
45.81
45.73
45.63
45.53
45.44
45.34
45.22
45.11
45.01
44.91
44.80
44.70
44.59
44.48
44.37
44.29
44.19
44.09
43.98
43.89
43.78
43.66
43.57
43.48
43.38
43.28
43.16
43.08
42.95
42.85
42.75
42.66
42.53
42.43
