87.94
87.73
87.49
87.29
87.06
86.85
86.65
86.36
86.06
85.77
85.48
85.15
84.87
84.56
84.23
83.95
83.61
83.31
82.96
82.59
82.28
81.99
81.67
81.38
81.18
80.94
80.63
80.33
79.96
79.66
79.45
79.16
78.96
78.74
78.51
78.22
77.90
77.54
77.33
77.00
76.72
76.39
76.07
75.81
75.58
75.40
75.01
74.65
74.29
73.96
73.63
73.41
72.98
72.76
72.45
72.22
72.00
71.79
71.52
71.20
70.94
70.60
70.29
70.09
69.90
69.68
69.36
69.02
68.81
68.45
68.11
67.78
67.43
67.11
66.80
66.47
66.13
65.80
65.43
65.09
64.79
64.46
64.17
63.87
63.56
63.37
63.04
62.82
62.63
62.46
62.26
62.02
61.82
61.62
61.42
61.21
60.98
60.71
60.49
60.27
60.04
59.86
59.64
59.46
59.24
59.03
58.81
58.49
58.18
58.18
58.05
57.93
57.82
57.72
57.59
57.47
57.32
57.23
57.13
57.03
56.90
56.79
56.68
56.56
56.42
56.32
56.07
55.84
55.68
55.47
55.33
55.14
54.95
54.75
54.63
54.53
54.42
54.31
54.22
54.13
54.00
53.88
53.69
53.58
53.48
53.36
53.24
53.12
53.01
52.90
52.83
52.71
52.59
52.48
52.35
52.23
52.12
51.99
51.88
51.76
51.63
51.55
51.45
51.34
51.25
51.15
51.04
50.91
50.81
50.71
50.60
50.49
50.39
50.30
50.18
50.05
49.94
49.81
49.71
49.60
49.47
49.37
49.28
49.17
49.08
48.99
48.88
48.78
48.67
48.58
48.48
48.34
48.24
48.13
