96.06
95.87
95.62
95.41
95.18
94.97
94.76
94.44
94.16
93.84
93.56
93.21
92.88
92.58
92.27
91.97
91.66
91.33
91.02
90.70
90.40
90.05
89.74
89.42
89.22
89.01
88.67
88.33
88.02
87.72
87.41
87.14
86.90
86.69
86.47
86.16
85.86
85.53
85.24
84.94
84.61
84.29
83.99
83.73
83.52
83.32
83.12
82.79
82.47
82.15
81.83
81.49
81.21
80.89
80.61
80.40
80.17
79.96
79.96
79.80
79.57
79.37
79.16
78.94
78.82
78.71
78.56
78.38
78.22
77.94
77.65
77.30
76.95
76.64
76.31
76.01
75.74
75.42
75.08
74.79
74.46
74.17
73.81
73.54
73.42
73.21
73.08
72.91
72.81
72.72
72.63
72.52
72.41
72.32
72.22
72.10
71.98
71.81
71.62
71.50
71.41
71.29
71.17
71.05
70.95
70.84
70.72
70.61
70.40
70.19
69.93
69.83
69.73
69.64
69.52
69.41
69.20
69.09
68.99
68.88
68.74
68.62
68.50
68.38
68.24
68.11
67.90
67.68
67.49
67.30
67.16
66.99
66.76
66.58
66.46
66.37
66.22
66.12
66.01
65.91
65.81
65.72
65.55
65.46
65.35
65.22
65.14
65.03
64.90
64.80
64.70
64.61
64.51
64.41
64.28
64.17
64.09
63.99
63.86
63.77
63.65
63.57
63.47
63.37
63.29
63.19
63.08
62.95
62.87
62.75
62.67
62.59
62.49
62.39
62.30
62.14
62.05
61.97
61.84
61.74
61.65
61.52
61.44
61.35
61.27
61.18
61.08
60.99
60.86
60.74
60.64
60.52
60.41
60.28
