98.86
98.68
98.47
98.27
98.04
97.84
97.62
97.29
96.97
96.66
96.37
96.04
95.70
95.36
95.00
94.71
94.41
94.11
93.79
93.42
93.08
92.77
92.45
92.14
91.94
91.71
91.43
91.13
90.86
90.57
90.25
89.97
89.74
89.55
89.31
88.99
88.68
88.36
87.84
87.45
87.07
86.87
86.56
86.25
86.01
85.80
85.47
85.12
84.82
84.56
84.27
84.09
83.68
83.47
83.15
82.93
82.72
82.52
82.24
81.93
81.63
81.31
81.00
80.82
80.60
80.27
79.98
79.77
79.45
79.24
78.96
78.65
78.34
78.00
77.69
77.34
77.00
76.69
76.36
76.03
75.73
75.43
75.12
74.81
74.50
74.28
73.96
73.75
73.56
73.34
73.15
72.92
72.73
72.52
72.30
72.09
71.82
71.55
71.36
71.15
70.93
70.74
70.54
70.35
70.15
69.93
69.93
69.82
69.61
69.41
69.22
69.10
69.01
68.89
68.77
68.65
68.45
68.33
68.21
68.10
67.93
67.85
67.74
67.62
67.44
67.32
67.11
66.92
66.70
66.51
66.37
66.17
65.94
65.74
65.60
65.48
65.35
65.26
65.16
65.06
64.95
64.84
64.66
64.54
64.43
64.30
64.19
64.11
64.00
63.90
63.80
63.68
63.54
63.43
63.30
63.17
63.07
62.98
62.87
62.78
62.67
62.58
62.48
62.39
62.29
62.18
62.08
61.97
61.87
61.76
61.66
61.55
61.44
61.36
61.23
61.09
60.97
60.84
60.71
60.60
60.48
60.38
60.28
60.18
60.08
59.96
59.84
59.72
59.59
59.49
59.38
59.25
59.12
59.01
