81.41
81.21
80.99
80.76
80.56
80.36
80.14
79.68
79.39
79.10
78.83
78.49
78.21
77.90
77.70
77.22
76.87
76.66
76.31
75.97
75.65
75.31
74.97
74.67
74.46
74.26
73.93
73.57
73.22
72.92
72.60
72.31
72.09
71.89
71.67
71.38
71.05
70.73
70.23
69.86
69.49
69.08
68.74
68.52
68.26
68.05
67.84
67.52
67.02
66.68
66.31
65.92
65.56
65.23
65.01
64.78
64.56
64.36
64.05
63.71
63.41
63.09
62.76
62.56
62.35
62.12
61.78
61.45
61.22
60.92
60.43
60.08
59.72
59.39
59.01
58.62
58.26
57.92
57.72
57.42
57.09
56.80
56.35
55.98
55.76
55.36
55.16
54.94
54.74
54.54
54.34
54.12
53.91
53.71
53.50
53.29
52.98
52.68
52.46
52.26
52.05
51.85
51.64
51.44
51.22
51.02
50.79
50.49
50.13
49.82
49.63
49.44
49.23
48.99
48.80
48.80
48.68
48.54
48.44
48.36
48.22
48.11
48.01
47.88
47.73
47.64
47.41
47.18
46.96
46.74
46.56
46.36
46.15
45.93
45.82
45.71
45.61
45.51
45.40
45.29
45.18
45.08
44.91
44.79
44.67
44.55
44.45
44.35
44.22
44.11
44.01
43.90
43.79
43.69
43.57
43.45
43.34
43.21
43.10
42.99
42.89
42.79
42.66
42.56
42.45
42.35
42.26
42.15
42.07
41.97
41.87
41.79
41.71
41.62
41.52
41.37
41.26
41.18
41.09
41.01
40.89
40.77
40.68
40.56
40.45
40.35
40.25
40.17
40.05
39.95
39.86
39.74
39.63
