86.04
85.85
85.59
85.36
85.12
84.92
84.70
84.36
84.06
83.62
83.26
83.05
82.59
82.36
82.06
81.81
81.49
81.22
80.89
80.56
80.21
79.89
79.60
79.30
79.09
78.77
78.56
78.27
77.96
77.68
77.39
77.14
76.93
76.72
76.30
75.93
75.55
75.20
75.00
74.65
74.34
74.02
73.72
73.44
73.20
72.99
72.77
72.43
72.11
71.77
71.48
71.18
70.86
70.53
70.20
69.95
69.76
69.55
69.24
68.94
68.67
68.35
68.06
67.85
67.62
67.39
67.08
66.77
66.55
66.22
65.91
65.59
65.32
65.00
64.52
64.18
63.82
63.48
63.21
62.86
62.56
62.27
61.92
61.56
61.28
61.07
60.74
60.52
60.32
60.12
59.93
59.70
59.50
59.30
59.08
58.87
58.60
58.33
58.11
57.91
57.69
57.51
57.31
57.10
56.89
56.67
56.39
56.08
55.73
55.44
55.20
55.01
54.78
54.57
54.36
54.06
53.84
53.64
53.45
53.23
53.02
52.80
52.59
52.29
52.08
51.78
51.48
51.21
50.90
50.90
50.79
50.60
50.41
50.17
50.04
49.94
49.84
49.74
49.64
49.54
49.45
49.36
49.20
49.12
49.04
48.93
48.82
48.72
48.60
48.50
48.38
48.30
48.20
48.09
48.00
47.91
47.81
47.72
47.63
47.52
47.43
47.31
47.22
47.11
47.02
46.92
46.78
46.67
46.57
46.47
46.37
46.25
46.15
46.07
45.96
45.82
45.72
45.62
45.52
45.43
45.33
45.21
45.12
45.00
44.89
44.77
44.68
44.58
44.47
44.36
44.24
44.13
44.01
43.92
