74.62
74.42
74.19
73.99
73.73
73.52
73.31
72.97
72.67
72.35
72.03
71.71
71.42
71.11
70.79
70.53
70.53
70.20
69.95
69.62
69.24
69.13
68.88
68.64
68.44
68.34
68.24
68.04
67.80
67.54
67.35
67.16
67.00
66.89
66.79
66.66
66.49
66.29
66.06
65.84
65.59
65.39
65.19
65.01
64.78
64.65
64.54
64.43
64.24
64.02
63.79
63.56
63.33
63.13
62.97
62.78
62.64
62.54
62.43
62.20
61.99
61.79
61.55
61.32
61.21
61.06
60.94
60.73
60.56
60.43
60.21
59.98
59.77
59.59
59.33
59.08
58.84
58.61
58.41
58.20
57.99
57.76
57.62
57.41
57.20
56.99
56.88
56.70
56.57
56.48
56.36
56.24
56.14
56.04
55.97
55.83
55.73
55.58
55.41
55.30
55.19
55.09
54.97
54.89
54.79
54.68
54.58
54.45
54.26
54.07
53.86
53.74
53.65
53.56
53.43
53.33
53.21
53.07
52.97
52.87
52.71
52.62
52.49
52.39
52.18
52.07
51.88
51.66
51.45
51.28
51.14
50.95
50.71
50.51
50.37
50.28
50.14
50.05
49.95
49.85
49.75
49.64
49.50
49.42
49.29
49.15
49.04
48.94
48.82
48.72
48.61
48.50
48.37
48.24
48.13
48.01
47.91
47.79
47.67
47.55
47.43
47.34
47.22
47.12
47.00
46.89
46.79
46.69
46.58
46.48
46.36
46.24
46.13
46.05
45.95
45.81
45.71
45.61
45.54
45.45
45.35
45.24
45.14
45.03
44.91
44.81
44.72
44.62
44.52
44.42
44.32
44.22
44.09
43.99
