96.74
96.56
96.33
96.12
95.89
95.68
95.47
95.17
94.87
94.55
94.28
93.95
93.65
93.34
93.01
92.75
92.43
92.15
91.82
91.48
91.17
90.82
90.54
90.22
90.02
89.80
89.50
89.20
88.89
88.57
88.29
88.04
87.83
87.61
87.40
87.09
86.77
86.40
86.09
85.74
85.40
85.08
84.79
84.52
84.29
84.08
83.86
83.54
83.22
82.90
82.62
82.30
82.04
81.74
81.43
81.19
80.97
80.76
80.46
80.12
79.81
79.45
79.16
78.94
78.70
78.49
78.18
78.18
78.02
77.93
77.71
77.51
77.30
76.94
76.68
76.42
76.12
75.80
75.52
75.34
75.13
74.93
74.74
74.57
74.37
74.17
74.08
73.87
73.75
73.66
73.52
73.43
73.30
73.18
73.06
72.95
72.81
72.60
72.40
72.30
72.21
72.12
71.98
71.86
71.75
71.62
71.50
71.38
71.15
70.94
70.70
70.60
70.52
70.41
70.30
70.19
70.03
69.91
69.81
69.67
69.54
69.43
69.33
69.23
69.06
68.96
68.72
68.48
68.29
68.09
67.92
67.72
67.49
67.29
67.15
67.04
66.89
66.78
66.68
66.58
66.46
66.35
66.17
66.06
65.94
65.82
65.72
65.63
65.52
65.43
65.30
65.21
65.08
64.95
64.83
64.70
64.59
64.48
64.36
64.25
64.13
64.04
63.94
63.83
63.73
63.63
63.53
63.41
63.32
63.19
63.10
62.97
62.86
62.77
62.67
62.54
62.43
62.30
62.17
62.08
61.96
61.85
61.75
61.65
61.55
61.41
61.32
61.21
61.10
61.02
60.90
60.81
60.70
