91.32
91.12
90.92
90.72
90.51
90.30
90.11
89.80
89.49
89.17
88.89
88.53
88.24
87.93
87.58
87.32
87.02
86.68
86.38
86.02
85.69
85.37
85.03
84.70
84.48
84.26
83.97
83.66
83.39
83.08
82.77
82.50
82.26
82.06
81.84
81.54
81.24
80.93
80.60
80.25
79.97
79.66
79.34
79.07
78.87
78.67
78.46
78.14
77.78
77.50
77.23
76.93
76.63
76.32
75.99
75.75
75.54
75.34
75.02
74.71
74.41
74.07
73.73
73.51
73.30
73.08
72.75
72.47
72.26
71.96
71.65
71.31
70.99
70.68
70.37
70.05
69.73
69.43
69.03
68.70
68.44
68.17
67.87
67.55
67.24
67.00
66.68
66.46
66.26
66.02
65.83
65.62
65.42
65.20
64.94
64.73
64.47
64.47
64.36
64.26
64.16
64.03
63.91
63.82
63.74
63.63
63.53
63.38
63.18
62.95
62.73
62.61
62.53
62.42
62.29
62.19
62.02
61.92
61.82
61.71
61.49
61.38
61.27
61.16
61.00
60.90
60.68
60.42
60.20
59.97
59.79
59.63
59.43
59.21
59.10
59.00
58.86
58.75
58.64
58.55
58.47
58.38
58.25
58.12
58.02
57.89
57.77
57.68
57.58
57.49
57.38
57.28
57.16
57.06
56.95
56.86
56.78
56.66
56.55
56.45
56.34
56.26
56.16
56.04
55.97
55.85
55.71
55.59
55.46
55.35
55.22
55.10
54.99
54.89
54.80
54.65
54.56
54.45
54.34
54.26
54.14
54.04
53.92
53.80
53.71
53.61
53.51
53.40
53.29
53.20
53.07
52.99
52.87
52.78
