81.63
81.42
81.22
81.01
80.77
80.57
80.34
80.04
79.73
79.44
79.11
78.81
78.51
78.15
77.82
77.57
77.09
76.74
76.33
75.97
75.74
75.44
75.13
74.82
74.63
74.40
74.08
73.78
73.52
73.25
72.93
72.68
72.45
72.22
71.98
71.69
71.39
70.93
70.69
70.34
70.02
69.75
69.44
69.14
68.91
68.73
68.55
68.24
67.91
67.60
67.28
66.96
66.96
66.80
66.58
66.37
66.24
66.12
65.77
65.46
65.14
64.79
64.47
64.37
64.27
64.16
64.05
63.87
63.67
63.59
63.41
63.22
62.99
62.79
62.59
62.35
62.11
61.87
61.67
61.46
61.28
61.12
60.93
60.71
60.52
60.33
60.22
60.03
59.93
59.81
59.73
59.62
59.50
59.38
59.28
59.12
59.00
58.84
58.64
58.54
58.43
58.31
58.20
58.07
57.96
57.87
57.74
57.57
57.37
57.15
56.94
56.82
56.73
56.62
56.51
56.40
56.22
56.10
56.01
55.88
55.76
55.66
55.56
55.45
55.28
55.18
54.97
54.73
54.56
54.33
54.16
53.94
53.69
53.45
53.33
53.23
53.04
52.95
52.84
52.73
52.64
52.55
52.40
52.29
52.16
52.04
51.92
51.81
51.68
51.58
51.45
51.36
51.23
51.12
51.01
50.91
50.79
50.69
50.57
50.42
50.30
50.22
50.11
50.02
49.92
49.83
49.71
49.58
49.47
49.39
49.27
49.15
49.05
48.95
48.86
48.72
48.63
48.53
48.44
48.35
48.25
48.14
48.02
47.93
47.82
47.72
47.64
47.53
47.42
47.34
47.23
47.11
47.00
46.90
