56.78
56.58
56.35
56.09
55.75
55.35
55.05
54.77
54.46
54.24
53.89
53.54
53.26
52.98
52.69
52.41
52.08
51.76
51.42
51.07
51.07
50.93
50.71
50.49
50.13
49.80
49.51
49.41
49.01
48.89
48.67
48.47
48.24
48.02
47.80
47.56
47.31
47.05
46.81
46.60
46.37
46.17
45.96
45.83
45.59
45.41
45.21
45.05
44.83
44.61
44.46
44.26
44.16
44.03
43.84
43.59
43.38
43.24
43.14
43.04
42.84
42.73
42.57
42.47
42.40
42.30
42.21
42.07
41.96
41.85
41.73
41.63
41.46
41.25
41.14
41.00
40.88
40.69
40.55
40.45
40.23
40.14
40.01
39.83
39.71
39.60
39.37
39.21
39.01
38.78
38.55
38.29
38.13
37.90
37.68
37.44
37.22
37.04
36.86
36.66
36.44
36.21
36.04
35.90
35.78
35.61
35.37
35.26
35.08
34.90
34.76
34.67
34.56
34.42
34.32
34.21
34.09
33.97
33.81
33.72
33.60
33.47
33.35
33.23
33.10
32.90
32.80
32.70
32.58
32.46
32.35
32.26
32.15
32.04
31.91
31.75
31.65
31.49
31.35
31.24
31.13
31.01
30.86
30.73
30.62
30.47
30.31
30.20
30.10
30.01
29.87
29.74
29.64
29.52
29.41
29.30
29.18
29.08
28.99
28.88
28.77
28.65
28.54
28.42
28.32
28.19
28.09
27.94
27.83
27.71
27.57
27.45
27.37
27.26
