113.15
112.93
112.73
112.51
112.12
111.78
111.51
111.22
110.89
110.46
110.21
109.82
109.47
109.11
108.91
108.57
108.17
107.83
107.60
107.13
106.77
106.41
106.07
105.71
105.34
105.00
104.77
104.47
104.17
103.90
103.60
103.25
102.91
102.55
102.22
101.93
101.63
101.30
100.98
100.67
100.36
100.03
99.84
99.47
99.17
98.86
98.43
98.19
97.84
97.62
97.34
97.14
96.75
96.38
96.00
95.79
95.58
95.37
95.17
94.84
94.60
94.33
94.12
93.90
93.69
93.48
93.28
93.09
92.86
92.65
92.42
92.16
91.86
91.65
91.44
91.20
90.89
90.69
90.50
90.17
89.95
89.73
89.42
89.22
89.00
88.71
88.48
88.16
87.89
87.56
87.27
86.94
86.44
86.08
85.66
85.27
84.91
84.56
84.18
83.80
83.60
83.32
83.09
82.89
82.59
82.36
82.12
81.86
81.59
81.35
81.15
80.90
80.63
80.42
80.17
79.95
79.68
79.44
79.23
79.02
78.81
78.59
78.40
78.20
77.92
77.68
77.46
77.24
77.04
76.83
76.62
76.41
76.22
75.99
75.77
75.56
75.56
75.47
75.35
75.25
75.12
75.01
74.88
74.77
74.66
74.52
74.43
74.31
74.21
74.08
73.96
73.83
73.72
73.62
73.52
73.41
73.31
73.22
73.11
72.99
72.86
72.76
72.66
72.56
72.43
72.34
72.22
72.07
71.96
71.82
71.72
71.60
71.49
