69.05
68.84
68.62
68.41
67.96
67.68
67.33
67.12
66.80
66.48
66.18
65.88
65.58
65.31
64.99
64.67
64.34
64.04
63.69
63.33
63.02
62.69
62.40
62.11
61.82
61.51
61.25
60.95
60.63
60.31
60.00
59.66
59.33
58.91
58.67
58.37
58.08
57.78
57.47
57.18
56.86
56.54
56.33
55.97
55.68
55.37
55.07
54.70
54.36
54.13
53.86
53.64
53.42
53.13
52.86
52.55
52.33
52.14
51.90
51.59
51.38
51.38
51.29
51.19
51.08
50.97
50.86
50.78
50.70
50.56
50.44
50.31
50.14
49.97
49.86
49.75
49.64
49.48
49.36
49.24
49.00
48.89
48.75
48.55
48.41
48.30
48.10
48.01
47.78
47.55
47.33
47.13
46.94
46.69
46.48
46.27
46.06
45.87
45.63
45.43
45.21
44.97
44.78
44.66
44.56
44.38
44.17
44.05
43.86
43.72
43.59
43.49
43.37
43.21
43.10
42.97
42.83
42.71
42.55
42.44
42.33
42.23
42.12
42.01
41.87
41.72
41.62
41.51
41.41
41.30
41.17
41.05
40.96
40.82
40.72
40.56
40.42
40.24
40.14
40.02
39.87
39.76
39.63
39.53
39.40
39.25
39.10
39.00
38.90
38.78
38.63
38.53
38.42
38.29
38.19
38.10
38.00
37.88
37.77
37.66
37.54
37.40
37.27
37.17
37.07
36.94
36.84
36.72
36.59
36.46
36.34
36.23
36.12
36.02
