142.77
142.58
142.36
141.95
141.56
141.31
141.01
140.70
140.33
140.02
139.72
139.43
139.15
138.89
138.57
138.27
137.99
137.70
137.37
137.03
136.73
136.38
136.05
135.74
135.44
135.19
134.90
134.55
134.25
133.95
133.65
133.33
133.02
132.65
132.30
131.98
131.67
131.33
131.00
130.70
130.35
130.04
129.84
129.52
129.21
128.95
128.66
128.33
128.04
127.79
127.54
127.33
127.13
126.84
126.53
126.20
126.01
125.79
125.54
125.25
125.00
124.75
124.49
124.27
124.06
123.83
123.62
123.40
123.18
122.97
122.75
122.33
122.13
121.93
121.69
121.32
121.12
120.87
120.51
120.28
120.10
119.72
119.51
119.27
118.92
118.68
118.33
117.96
117.57
117.38
117.08
116.75
116.41
116.11
115.83
115.50
115.20
114.89
114.60
114.26
113.97
113.68
113.43
113.23
112.94
112.67
112.43
112.19
112.19
112.09
111.97
111.86
111.76
111.63
111.51
111.38
111.26
111.15
111.00
110.91
110.79
110.68
110.55
110.45
110.36
110.15
110.04
109.92
109.80
109.65
109.54
109.44
109.30
109.19
109.08
108.91
108.79
108.59
108.46
108.34
108.18
108.08
107.95
107.86
107.76
107.61
107.47
107.37
107.26
107.15
107.07
106.98
106.89
106.79
106.68
106.58
106.47
106.36
106.24
106.12
105.99
105.90
105.78
105.67
105.57
105.42
105.29
105.16
105.05
104.93
104.81
104.68
104.57
104.46
