77.63
77.41
77.18
76.98
76.62
76.29
75.99
75.67
75.34
74.99
74.68
74.36
74.02
73.73
73.41
73.08
72.78
72.43
72.09
71.75
71.42
71.13
70.82
70.42
70.11
69.75
69.53
69.08
68.85
68.57
68.29
67.96
67.64
67.27
66.97
66.69
66.33
65.97
65.70
65.29
64.89
64.69
64.47
64.14
63.83
63.54
63.22
62.90
62.62
62.37
62.06
61.83
61.61
61.34
61.02
60.72
60.52
60.30
60.09
59.81
59.59
59.36
59.15
58.96
58.73
58.54
58.34
58.12
57.90
57.68
57.46
57.46
57.36
57.16
57.05
56.94
56.82
56.63
56.51
56.38
56.14
56.06
55.92
55.76
55.61
55.50
55.33
55.19
55.03
54.86
54.63
54.41
54.23
54.01
53.81
53.64
53.40
53.19
52.99
52.81
52.60
52.34
52.14
52.02
51.91
51.70
51.56
51.43
51.25
51.10
50.97
50.87
50.75
50.62
50.52
50.41
50.30
50.15
49.97
49.86
49.77
49.66
49.52
49.41
49.30
49.10
48.99
48.88
48.77
48.66
48.55
48.43
48.32
48.22
48.09
47.93
47.81
47.65
47.54
47.42
47.30
47.20
47.09
46.98
46.87
46.72
46.58
46.46
46.35
46.25
46.13
46.01
45.91
45.78
45.69
45.59
45.49
45.39
45.29
45.20
45.08
44.97
44.83
44.71
44.59
44.44
44.32
44.21
44.09
43.97
43.86
43.74
43.62
43.52
