89.97
89.77
89.55
89.33
88.99
88.64
88.37
88.06
87.77
87.45
87.09
86.73
86.36
86.02
85.68
85.34
85.05
84.79
84.53
84.19
83.86
83.53
83.23
82.91
82.58
82.30
82.01
81.69
81.37
81.08
80.77
80.40
80.07
79.73
79.39
79.08
78.76
78.44
78.13
77.84
77.54
77.25
76.95
76.58
76.23
75.94
75.62
75.31
75.13
74.90
74.61
74.37
74.15
73.85
73.55
73.23
73.01
72.80
72.59
72.28
72.04
71.78
71.56
71.35
71.16
70.96
70.74
70.53
70.34
70.12
69.91
69.66
69.36
69.15
68.95
68.74
68.45
68.25
68.03
67.75
67.51
67.29
66.99
66.75
66.56
66.23
66.02
65.72
65.36
65.02
64.73
64.44
64.05
63.77
63.50
63.14
62.82
62.54
62.22
61.91
61.68
61.40
61.16
60.95
60.62
60.32
60.10
59.88
59.61
59.38
59.18
58.98
58.73
58.52
58.29
58.09
57.88
57.65
57.48
57.26
57.07
56.86
56.62
56.43
56.43
56.32
56.18
56.07
55.93
55.81
55.70
55.58
55.50
55.38
55.28
55.11
54.99
54.82
54.69
54.60
54.45
54.34
54.23
54.11
54.00
53.86
53.73
53.61
53.49
53.41
53.25
53.17
53.06
52.94
52.85
52.74
52.61
52.52
52.40
52.29
52.14
52.01
51.92
51.81
51.71
51.59
51.48
51.36
51.23
51.10
51.01
50.89
50.77
50.65
