141.42
141.19
141.00
140.77
140.27
140.04
139.62
139.39
139.06
138.72
138.36
138.03
137.71
137.42
137.09
136.79
136.49
136.20
135.85
135.55
135.22
134.89
134.58
134.14
133.92
133.63
133.20
132.97
132.52
132.34
131.89
131.63
131.14
130.79
130.43
130.22
129.92
129.57
129.26
128.98
128.69
128.36
128.15
127.81
127.51
127.23
126.96
126.67
126.38
126.16
125.90
125.71
125.50
125.18
124.88
124.56
124.33
124.13
123.93
123.65
123.42
123.17
122.91
122.68
122.47
122.24
122.05
121.85
121.65
121.43
121.26
120.99
120.70
120.50
120.27
120.05
119.75
119.54
119.35
119.03
118.80
118.52
118.17
117.97
117.76
117.43
117.21
116.93
116.63
116.32
116.01
115.70
115.39
115.09
114.83
114.49
114.21
113.90
113.59
113.27
112.93
112.63
112.38
112.17
111.88
111.56
111.34
111.34
111.21
111.04
110.92
110.83
110.72
110.56
110.46
110.34
110.22
110.09
109.93
109.82
109.72
109.62
109.50
109.39
109.31
109.13
109.01
108.91
108.78
108.66
108.54
108.42
108.30
108.20
108.08
107.91
107.82
107.65
107.54
107.41
107.26
107.15
107.00
106.89
106.78
106.66
106.53
106.41
106.30
106.20
106.09
105.99
105.86
105.76
105.66
105.55
105.44
105.35
105.25
105.14
105.01
104.88
104.74
104.62
104.53
104.41
104.29
104.15
104.03
103.90
103.79
103.69
103.57
103.45
