132.61
132.38
132.15
131.90
131.51
131.16
130.85
130.55
130.18
129.73
129.52
129.09
128.70
128.39
128.22
127.79
127.44
127.05
126.63
126.24
125.89
125.49
125.14
124.78
124.58
124.27
123.96
123.64
123.32
122.99
122.70
122.36
122.02
121.69
121.40
121.09
120.77
120.46
120.19
119.90
119.59
119.28
119.08
118.75
118.46
118.13
117.85
117.52
117.18
116.99
116.72
116.48
116.25
115.96
115.62
115.32
115.09
114.89
114.52
114.32
114.11
113.85
113.64
113.43
113.22
112.99
112.75
112.56
112.37
112.15
111.93
111.64
111.36
111.14
110.93
110.70
110.39
110.17
109.98
109.70
109.48
109.27
108.92
108.68
108.46
108.11
107.87
107.59
107.31
107.02
106.67
106.35
106.04
105.71
105.36
105.02
104.71
104.40
104.10
103.80
103.45
103.16
102.94
102.72
102.72
102.62
102.40
102.29
102.12
101.96
101.87
101.78
101.65
101.48
101.38
101.28
101.17
101.06
100.93
100.81
100.68
100.58
100.45
100.33
100.22
100.03
99.93
99.80
99.68
99.60
99.48
99.36
99.26
99.14
99.03
98.86
98.74
98.55
98.44
98.32
98.16
98.06
97.90
97.75
97.63
97.49
97.37
97.25
97.15
97.05
96.92
96.79
96.65
96.55
96.44
96.36
96.25
96.16
96.07
95.94
95.81
95.70
95.55
95.47
95.36
95.23
95.13
95.01
94.88
94.73
94.61
94.51
94.37
94.23
