136.55
136.33
136.13
135.89
135.59
135.30
135.01
134.69
134.33
134.01
133.51
133.11
132.86
132.53
132.20
131.83
131.37
131.16
130.86
130.54
130.23
129.92
129.63
129.32
129.04
128.70
128.38
128.06
127.78
127.51
127.23
126.86
126.50
126.18
125.85
125.51
125.18
124.89
124.59
124.25
123.91
123.60
123.38
123.05
122.73
122.44
122.17
121.85
121.52
121.29
121.00
120.76
120.55
120.28
119.96
119.66
119.47
119.25
119.05
118.71
118.46
118.22
118.02
117.81
117.61
117.38
117.15
116.93
116.71
116.49
116.28
115.91
115.70
115.51
115.28
114.99
114.78
114.53
114.19
114.00
113.77
113.42
113.21
112.99
112.65
112.45
112.13
111.83
111.52
111.18
110.82
110.43
110.23
109.91
109.61
109.32
109.00
108.66
108.35
107.97
107.64
107.40
107.14
106.94
106.67
106.67
106.57
106.44
106.27
106.08
105.94
105.82
105.73
105.57
105.45
105.32
105.20
105.10
104.94
104.85
104.72
104.62
104.50
104.38
104.27
104.10
103.99
103.89
103.80
103.69
103.56
103.45
103.34
103.19
103.08
102.90
102.80
102.62
102.51
102.39
102.24
102.15
102.01
101.90
101.79
101.67
101.55
101.44
101.34
101.23
101.12
101.01
100.90
100.80
100.68
100.59
100.48
100.40
100.31
100.19
100.05
99.92
99.81
99.71
99.59
99.45
99.32
99.20
99.07
98.94
98.85
98.74
98.62
98.52
