91.85
91.65
91.44
91.22
90.80
90.46
90.10
89.72
89.36
89.02
88.63
88.29
88.07
87.79
87.46
87.19
86.89
86.59
86.24
85.86
85.54
85.22
84.89
84.61
84.35
84.02
83.71
83.39
83.06
82.75
82.42
82.04
81.78
81.47
81.16
80.86
80.53
80.21
79.91
79.65
79.33
79.00
78.61
78.15
77.81
77.45
77.10
76.73
76.52
76.31
76.01
75.80
75.57
75.27
74.97
74.67
74.48
74.27
74.04
73.75
73.52
73.27
73.06
72.83
72.61
72.40
72.19
71.99
71.78
71.58
71.37
71.09
70.79
70.58
70.39
70.17
69.89
69.69
69.50
69.20
69.01
68.76
68.42
68.18
67.98
67.61
67.37
67.05
66.71
66.35
66.03
65.74
65.40
65.09
64.84
64.51
64.18
63.89
63.60
63.33
63.00
62.72
62.49
62.28
62.04
61.72
61.49
61.21
60.97
60.73
60.51
60.31
60.31
60.21
60.11
60.00
59.91
59.80
59.63
59.52
59.41
59.31
59.20
59.10
59.00
58.86
58.75
58.63
58.46
58.37
58.26
58.14
58.03
57.92
57.82
57.65
57.55
57.40
57.27
57.15
57.00
56.91
56.76
56.66
56.58
56.46
56.33
56.21
56.09
55.97
55.84
55.71
55.61
55.50
55.40
55.29
55.17
55.04
54.94
54.83
54.70
54.57
54.47
54.35
54.24
54.13
54.03
53.90
53.78
53.63
53.50
53.41
53.31
53.18
