59.02
58.81
58.61
58.24
57.85
57.66
57.35
57.03
56.66
56.33
56.05
55.83
55.50
55.16
54.87
54.59
54.23
53.85
53.66
53.32
52.89
52.69
52.36
52.05
51.74
51.40
51.09
50.77
50.46
50.16
49.87
49.50
49.15
48.85
48.51
48.19
47.90
47.62
47.34
47.05
47.05
46.88
46.66
46.52
46.29
46.04
45.82
45.64
45.41
45.20
45.08
44.90
44.77
44.67
44.44
44.23
44.03
43.94
43.84
43.72
43.50
43.38
43.25
43.14
43.03
42.92
42.80
42.68
42.56
42.42
42.29
42.19
42.04
41.82
41.72
41.57
41.46
41.24
41.16
41.07
40.88
40.78
40.64
40.47
40.33
40.21
39.97
39.81
39.62
39.44
39.19
38.99
38.80
38.59
38.38
38.18
38.00
37.77
37.54
37.33
37.12
36.93
36.78
36.62
36.52
36.35
36.17
36.06
35.86
35.70
35.60
35.50
35.37
35.23
35.09
34.97
34.86
34.71
34.58
34.48
34.40
34.25
34.12
34.00
33.90
33.73
33.62
33.50
33.37
33.24
33.11
32.98
32.89
32.78
32.66
32.50
32.40
32.24
32.12
31.96
31.83
31.73
31.58
31.44
31.32
31.21
31.08
30.95
30.86
30.74
30.59
30.46
30.31
30.21
30.08
30.00
29.87
29.76
29.64
29.49
29.36
29.24
29.09
28.98
28.88
28.79
28.67
28.56
28.44
28.31
28.19
28.07
27.96
27.85
