1	29:00.664	1	1	1	1	1	1	1	1	1	1	1	1	1	1	1	1	1	1	1	1
2	29:00.922	2	2	2	2	2	2	2	2	2	2	2	2	2	2	2	2	2	2	2	2
3	29:01.167	3	3	3	3	3	3	3	3	3	3	3	3	3	3	3	3	3	3	3	3
4	29:01.452	4	4	4	4	4	4	4	4	4	4	4	4	4	4	4	3	4	4	4	4
5	29:01.949	5	5	5	5	5	5	5	5	5	5	5	4	5	5	5	3	5	5	5	5
6	29:02.396	6	6	6	6	6	6	6	6	6	6	6	5	6	6	5	4	6	6	6	6
7	29:02.766	7	7	7	7	7	7	7	7	7	7	7	5	7	7	5	5	7	7	6	7
8	29:03.379	8	8	8	8	8	8	8	8	8	8	8	6	8	7	5	6	8	8	6	8
9	29:03.796	9	9	9	9	9	9	9	9	9	9	9	7	9	7	5	6	9	9	6	9
10	29:04.173	10	10	10	10	10	10	10	10	10	10	9	8	10	7	6	6	10	10	6	10
11	29:04.606	11	11	11	11	11	11	11	11	11	11	10	9	11	7	7	6	10	11	7	11
12	29:05.052	12	12	12	12	12	12	12	12	12	12	10	10	12	7	8	7	10	12	7	12
13	29:05.407	13	13	13	13	13	13	13	13	13	13	10	11	13	7	9	8	11	13	8	13
14	29:05.840	14	14	14	14	14	14	14	14	14	14	10	12	14	7	10	9	12	14	9	14
15	29:06.261	15	15	15	15	15	15	15	15	15	15	11	13	15	7	11	10	13	15	10	15
16	29:06.690	16	16	16	16	16	16	16	16	16	16	12	14	15	7	12	11	14	15	11	16
17	29:07.042	17	17	17	17	17	17	17	17	17	17	12	15	16	7	13	12	14	15	12	17
18	29:07.314	18	18	18	18	18	18	18	18	18	18	13	16	17	8	14	12	15	15	13	18
19	29:07.717	19	18	19	19	19	19	19	19	19	19	14	17	17	9	15	13	16	15	14	19
20	29:08.164	20	19	20	20	20	20	20	20	20	20	14	18	18	10	16	14	17	15	15	20
21	29:08.560	21	19	21	21	21	21	21	21	21	21	15	19	19	11	16	14	18	15	16	21
22	29:08.988	22	19	22	22	22	22	22	22	22	22	16	20	19	12	16	15	19	15	17	22
23	29:09.372	23	19	23	23	23	23	23	23	23	23	17	21	20	13	16	16	20	15	18	23
24	29:09.772	24	19	24	24	24	24	24	24	24	24	18	22	21	14	16	17	20	15	19	24
25	29:10.166	25	20	25	25	25	25	25	25	25	25	19	23	21	15	16	18	21	15	20	25
26	29:10.596	26	21	26	26	26	26	26	26	26	26	20	24	21	16	16	19	22	15	21	26
27	29:10.979	27	22	27	27	27	27	27	27	27	27	21	25	21	17	16	20	22	16	22	27
28	29:11.502	28	23	28	28	28	28	28	28	28	28	22	26	22	17	16	21	23	17	23	28
29	29:11.781	29	24	29	29	29	29	29	29	29	29	23	27	23	18	16	22	23	18	24	29
30	29:12.316	30	25	30	30	30	30	30	30	30	30	24	28	24	18	16	23	24	19	25	30
31	29:12.732	31	26	31	31	31	31	31	31	31	31	25	29	25	18	16	24	24	20	26	31
32	29:13.255	32	27	32	31	32	32	32	32	32	32	26	30	26	19	16	25	25	21	27	32
33	29:13.670	33	28	33	31	33	33	33	33	33	33	27	31	27	20	16	26	25	22	28	33
34	29:14.064	34	29	34	31	34	34	34	34	34	34	28	31	28	21	16	27	25	23	29	34
35	29:14.455	35	30	35	31	35	35	35	35	35	35	29	32	29	22	16	28	25	24	30	35
36	29:14.937	36	31	36	31	36	36	36	36	36	36	30	33	30	23	16	29	26	25	31	36
37	29:15.336	37	32	37	31	37	37	37	37	37	37	31	34	31	24	16	30	27	26	32	37
38	29:15.722	38	33	38	31	38	38	38	38	38	38	32	35	32	25	16	31	28	27	33	38
39	29:16.111	39	34	39	31	39	39	39	39	39	39	33	36	33	26	16	32	29	28	34	39
40	29:16.546	40	35	40	31	40	40	40	40	40	40	34	37	34	27	16	33	30	28	35	40
41	29:16.765	41	36	41	31	41	41	41	41	41	41	35	38	35	28	16	33	31	28	36	41
42	29:17.170	42	37	42	31	42	42	42	42	42	42	36	39	36	29	16	33	32	29	37	42
43	29:17.420	43	38	42	31	43	43	43	43	43	43	37	40	37	30	16	33	33	30	38	43
44	29:17.900	44	39	42	31	44	44	44	44	44	44	38	41	38	31	16	33	34	31	39	44
45	29:18.320	45	40	42	31	45	45	45	45	45	45	39	42	39	32	16	33	35	32	40	45
46	29:18.732	46	41	42	31	46	46	46	46	46	46	40	43	39	33	16	33	36	33	41	46
47	29:19.084	47	41	42	31	47	47	47	47	47	47	41	44	39	34	16	33	37	34	42	47
48	29:19.504	48	42	42	31	48	48	48	48	48	48	42	45	39	35	16	33	38	35	43	48
49	29:19.921	49	43	43	31	49	49	49	49	49	49	43	46	39	36	16	33	39	36	44	49
50	29:20.202	50	44	44	31	50	50	50	50	50	50	44	47	39	37	16	33	40	37	45	50
52	29:20.302	51	45	45	31	51	51	51	51	51	51	45	48	39	37	16	33	41	38	46	51
53	29:20.556	52	46	46	31	52	52	52	52	52	52	46	49	39	37	16	33	42	39	47	52
54	29:20.819	53	46	47	31	53	53	53	53	53	53	47	50	39	37	16	33	43	40	48	53
55	29:21.075	54	46	48	31	54	54	54	54	54	54	48	51	39	37	16	33	44	41	49	54
56	29:21.492	55	46	49	31	55	55	55	55	55	55	49	52	39	37	16	33	45	41	50	55
57	29:21.915	56	47	50	31	56	56	56	56	56	56	50	53	39	37	16	33	46	41	51	56
58	29:22.322	57	48	51	31	57	57	57	57	57	57	51	54	39	37	16	33	47	41	52	57
59	29:22.572	58	49	52	31	58	58	58	58	58	58	52	55	39	37	16	33	48	41	53	58
60	29:22.808	59	50	53	31	59	59	59	59	59	59	53	56	39	37	16	33	48	41	54	59
61	29:23.076	60	51	54	31	60	60	60	60	60	60	54	57	39	37	16	33	49	41	54	60
62	29:23.460	61	52	55	31	61	61	61	61	61	61	55	58	39	37	16	33	50	41	54	61
63	29:23.736	62	53	56	31	62	62	62	62	62	62	56	58	39	37	16	33	51	41	54	62
64	29:24.039	63	54	57	31	63	63	63	63	63	63	57	58	39	37	16	33	52	41	54	63
65	29:24.307	64	55	58	31	64	64	64	64	64	64	58	58	39	37	16	33	53	41	54	64
66	29:24.544	65	56	59	31	65	65	65	65	65	65	59	58	39	37	16	33	54	41	54	65
67	29:24.784	66	57	60	31	66	66	66	66	66	66	60	58	39	37	16	33	55	41	54	66
68	29:25.041	67	58	61	31	67	67	67	67	67	67	61	58	39	37	16	33	56	41	54	67
69	29:25.296	68	59	62	31	68	68	68	68	68	68	62	58	39	37	16	33	57	41	54	68
70	29:25.552	69	60	63	31	69	69	69	69	69	69	63	58	39	37	16	33	58	41	54	69
71	29:25.789	70	61	64	31	70	70	70	70	70	70	64	58	39	37	16	33	59	41	54	70
72	29:26.042	71	62	65	31	71	71	71	71	71	71	65	58	39	37	16	33	60	41	54	71
73	29:26.322	72	63	66	31	72	71	71	72	72	72	66	58	39	37	16	33	61	41	54	72
74	29:26.672	73	64	67	31	73	72	71	73	73	73	67	58	39	37	16	33	62	41	54	73
75	29:27.052	74	65	68	31	74	73	71	74	74	74	68	58	39	37	16	33	63	41	54	74
76	29:27.291	75	66	69	31	75	74	71	75	75	75	69	58	39	37	16	33	64	41	54	75
77	29:27.553	76	67	70	31	76	74	71	76	76	76	70	58	39	37	16	33	65	41	54	76
78	29:27.814	77	68	71	31	77	75	71	77	77	77	71	58	39	37	16	33	66	41	54	77
79	29:28.192	78	69	72	31	78	76	71	78	78	78	72	58	39	37	16	33	67	41	54	78
80	29:28.459	79	70	73	31	79	76	71	79	79	79	73	58	39	37	16	33	68	41	54	79
81	29:28.704	80	71	74	31	80	77	71	80	80	80	74	58	39	37	16	33	69	41	54	80
82	29:29.090	81	72	75	31	81	78	71	81	81	81	75	58	39	37	16	33	70	41	54	81
83	29:29.376	82	73	76	31	82	78	71	81	82	82	76	58	39	37	16	33	71	41	54	82
84	29:29.663	83	74	77	31	83	79	71	82	83	83	77	58	39	37	16	33	72	41	54	83
85	29:30.065	84	75	78	31	84	80	71	83	84	84	78	58	39	37	16	33	73	41	54	84
86	29:30.343	85	76	79	31	85	80	71	84	85	85	79	58	39	37	16	33	74	41	54	85
87	29:30.580	86	77	80	31	86	81	71	85	86	86	80	58	39	37	16	33	75	41	54	86
88	29:31.009	87	78	81	31	87	81	71	86	87	87	81	58	39	37	16	33	76	41	54	87
89	29:31.290	88	79	82	31	88	81	71	87	88	88	82	58	39	37	16	33	77	41	54	88
90	29:31.674	89	80	83	31	89	81	71	87	89	89	83	58	39	37	16	33	78	41	54	89
91	29:32.104	90	81	84	31	90	82	71	87	90	90	84	58	39	37	16	33	79	41	54	90
92	29:32.504	91	82	85	31	91	83	71	87	91	91	85	58	39	37	16	33	80	41	54	91
93	29:32.928	92	83	86	31	92	84	71	87	92	92	86	58	39	37	16	33	81	41	54	92
94	29:33.312	93	84	86	31	93	85	71	88	93	93	87	58	39	37	16	33	82	41	54	93
95	29:33.735	94	85	86	31	94	86	71	89	94	94	88	58	39	37	16	33	83	41	54	94
96	29:34.144	95	85	86	31	95	87	71	90	95	95	89	58	39	37	16	33	84	41	54	95
97	29:34.520	96	85	86	31	96	88	71	91	96	96	90	58	39	37	16	33	85	41	54	96
98	29:34.980	97	86	86	31	97	89	71	92	97	97	91	58	39	37	16	33	86	41	54	97
99	29:35.365	98	87	86	31	98	90	71	93	98	97	92	58	39	37	16	33	87	41	54	98
100	29:35.764	99	88	86	31	99	91	71	94	99	97	93	58	39	37	16	33	88	41	54	99
101	29:36.164	100	89	86	31	100	92	71	95	100	97	94	58	39	37	16	33	89	41	54	100
102	29:36.588	101	90	87	31	101	93	71	96	101	97	95	58	39	37	16	33	90	41	54	101
103	29:36.993	102	91	88	31	102	94	71	96	102	97	96	58	39	37	16	33	91	41	54	102
104	29:37.331	103	92	89	31	103	95	71	96	103	97	97	58	39	37	16	33	92	41	54	103
105	29:37.621	104	93	90	31	104	96	71	96	104	97	98	58	39	37	16	33	93	41	54	104
106	29:37.872	105	94	91	31	105	97	71	96	105	97	99	58	39	37	16	33	94	41	54	104
107	29:38.225	106	95	92	31	106	97	71	96	106	97	100	58	39	37	16	33	95	41	54	104
108	29:38.596	107	96	93	31	107	97	71	96	107	97	101	58	39	37	16	33	96	41	54	104
109	29:38.882	108	97	94	31	107	97	71	96	108	97	102	58	39	37	16	33	97	41	54	104
110	29:39.216	108	98	95	31	107	97	71	96	109	97	103	58	39	37	16	33	98	41	54	104
111	29:39.568	108	99	96	31	107	97	71	96	110	97	104	58	39	37	16	33	99	41	54	104
112	29:39.819	108	100	97	31	107	97	71	96	111	97	105	58	39	37	16	33	100	41	54	104
113	29:40.066	108	101	98	31	107	97	71	96	112	97	106	58	39	37	16	33	101	41	54	104
114	29:40.319	108	102	99	31	107	97	71	96	112	97	107	58	39	37	16	33	102	41	54	104
115	29:40.656	108	103	100	31	107	97	71	96	112	97	108	58	39	37	16	33	103	41	54	104
116	29:40.909	108	104	101	31	107	97	71	96	112	97	109	58	39	37	16	33	104	41	54	104
117	29:41.165	108	105	102	31	107	97	71	96	112	97	110	58	39	37	16	33	105	41	54	104
118	29:41.452	108	106	103	31	107	97	71	96	112	97	111	58	39	37	16	33	106	41	54	104
119	29:41.741	108	107	104	31	107	97	71	96	112	97	112	58	39	37	16	33	107	41	54	104
120	29:42.013	108	108	105	31	107	97	71	96	112	97	113	58	39	37	16	33	108	41	54	104
121	29:42.252	108	109	106	31	107	97	71	96	112	97	114	58	39	37	16	33	109	41	54	104
122	29:42.489	108	110	107	31	107	97	71	96	112	97	115	58	39	37	16	33	110	41	54	104
123	29:42.730	108	111	108	31	107	97	71	96	112	97	116	58	39	37	16	33	111	41	54	104
124	29:43.000	108	112	109	31	107	97	71	96	112	97	117	58	39	37	16	33	112	41	54	104
125	29:43.245	108	113	110	31	107	97	71	96	112	97	118	58	39	37	16	33	113	41	54	104
126	29:43.478	108	114	110	31	107	97	71	96	112	97	119	58	39	37	16	33	114	41	54	104
127	29:43.836	108	115	110	31	107	97	71	96	112	97	120	58	39	37	16	33	115	41	54	104
128	29:44.076	108	116	110	31	107	97	71	96	112	97	121	58	39	37	16	33	116	41	54	104
129	29:44.324	108	117	110	31	107	97	71	96	112	97	122	58	39	37	16	33	117	41	54	104
130	29:44.584	108	118	110	31	107	97	71	96	112	97	123	58	39	37	16	33	118	41	54	104
131	29:44.848	108	119	110	31	107	97	71	96	112	97	124	58	39	37	16	33	119	41	54	104
132	29:45.105	108	120	110	31	107	97	71	96	112	97	125	58	39	37	16	33	120	41	54	104
133	29:45.346	108	121	110	31	107	97	71	96	112	97	126	58	39	37	16	33	121	41	54	104
134	29:45.600	108	122	110	31	107	97	71	96	112	97	127	58	39	37	16	33	122	41	54	104
135	29:45.880	108	123	110	31	107	97	71	96	112	97	128	58	39	37	16	33	123	41	54	104
136	29:46.113	108	124	110	31	107	97	71	96	112	97	129	58	39	37	16	33	123	41	54	104
137	29:46.439	108	125	110	31	107	97	71	96	112	97	130	58	39	37	16	33	123	41	54	104
138	29:46.696	108	125	110	31	107	97	71	96	112	97	130	58	39	37	16	33	123	41	54	104
139	29:47.020	108	125	110	31	107	97	71	96	112	97	130	58	39	37	16	33	123	41	54	104
140	29:47.299	108	125	110	31	107	97	71	96	112	97	130	58	39	37	16	33	123	41	54	104
141	29:47.552	108	125	110	31	107	97	71	96	112	97	130	58	39	37	16	33	123	41	54	104
142	29:47.860	108	125	110	31	107	97	71	96	112	97	130	58	39	37	16	33	123	41	54	104
143	29:48.092	108	125	110	31	107	97	71	96	112	97	130	58	39	37	16	33	123	41	54	104
144	29:48.354	108	125	110	31	107	97	71	96	112	97	130	58	39	37	16	33	123	41	54	104
145	29:48.653	108	125	110	31	107	97	71	96	112	97	130	58	39	37	16	33	123	41	54	104
146	29:48.910	108	125	110	31	107	97	71	96	112	97	130	58	39	37	16	33	123	41	54	104
147	29:49.207	108	125	110	31	107	97	71	96	112	97	130	58	39	37	16	33	123	41	54	104
148	29:49.482	108	125	110	31	107	97	71	96	112	97	130	58	39	37	16	33	123	41	54	104
149	29:49.740	108	125	110	31	107	97	71	96	112	97	130	58	39	37	16	33	123	41	54	104
150	29:49.988	108	125	110	31	107	97	71	96	112	97	130	58	39	37	16	33	123	41	54	104
151	29:50.209	108	125	110	31	107	97	71	96	112	97	130	58	39	37	16	33	123	41	54	104
152	29:50.504	108	125	110	31	107	97	71	96	112	97	130	58	39	37	16	33	123	41	54	104
153	29:50.747	108	125	110	31	107	97	71	96	112	97	130	58	39	37	16	33	123	41	54	104
154	29:50.996	108	125	110	31	107	97	71	96	112	97	130	58	39	37	16	33	123	41	54	104
155	29:51.251	108	125	110	31	107	97	71	96	112	97	130	58	39	37	16	33	123	41	54	104
156	29:51.484	108	125	110	31	107	97	71	96	112	97	130	58	39	37	16	33	123	41	54	104
157	29:51.732	108	125	110	31	107	97	71	96	112	97	130	58	39	37	16	33	123	41	54	104
158	29:51.963	108	125	110	31	107	97	71	96	112	97	130	58	39	37	16	33	123	41	54	104
159	29:52.208	108	125	110	31	107	97	71	96	112	97	130	58	39	37	16	33	123	41	54	104
160	29:52.431	108	125	110	31	107	97	71	96	112	97	130	58	39	37	16	33	123	41	54	104
161	29:52.670	108	125	110	31	107	97	71	96	112	97	130	58	39	37	16	33	123	41	54	104
162	29:52.962	108	125	110	31	107	97	71	96	112	97	130	58	39	37	16	33	123	41	54	104
163	29:53.216	108	125	110	31	107	97	71	96	112	97	130	58	39	37	16	33	123	41	54	104
164	29:53.476	108	125	110	31	107	97	71	96	112	97	130	58	39	37	16	33	123	41	54	104
165	29:53.731	108	125	110	31	107	97	71	96	112	97	130	58	39	37	16	33	123	41	54	104
166	29:53.977	108	125	110	31	107	97	71	96	112	97	130	58	39	37	16	33	123	41	54	104
167	29:54.301	108	125	110	31	107	97	71	96	112	97	130	58	39	37	16	33	123	41	54	104
168	29:54.561	108	125	110	31	107	97	71	96	112	97	130	58	39	37	16	33	123	41	54	104
169	29:54.812	108	125	110	31	107	97	71	96	112	97	130	58	39	37	16	33	123	41	54	104
170	29:55.071	108	125	110	31	107	97	71	96	112	97	130	58	39	37	16	33	123	41	54	104
171	29:55.368	108	125	110	31	107	97	71	96	112	97	130	58	39	37	16	33	123	41	54	104
172	29:55.616	108	125	110	31	107	97	71	96	112	97	130	58	39	37	16	33	123	41	54	104
173	29:55.862	108	125	110	31	107	97	71	96	112	97	130	58	39	37	16	33	123	41	54	104
174	29:56.132	108	125	110	31	107	97	71	96	112	97	130	58	39	37	16	33	123	41	54	104
	29:56.400																				
