71.65
71.44
71.21
70.98
70.72
70.41
70.10
69.82
69.48
69.12
68.80
68.40
68.09
67.66
67.29
66.94
66.63
66.33
65.99
65.65
65.32
65.02
64.72
64.39
64.10
63.78
63.46
63.14
62.77
62.32
62.10
61.76
61.44
61.22
60.98
60.74
60.57
60.28
60.06
59.86
59.57
59.27
59.00
58.66
58.32
57.97
57.74
57.51
57.30
57.10
56.88
56.46
56.18
55.88
55.50
55.04
54.70
54.41
54.11
53.79
53.49
53.23
53.00
52.72
52.50
52.26
52.00
51.72
51.37
51.18
50.84
50.52
50.09
49.85
49.65
49.41
49.12
48.86
48.63
48.40
48.19
47.97
47.76
47.55
47.33
47.10
46.87
46.57
46.27
46.00
45.69
45.47
45.13
44.83
44.55
44.14
43.78
43.53
43.17
42.93
42.67
42.45
42.17
41.83
41.44
41.10
40.78
40.48
40.22
40.22
40.06
39.86
39.61
39.42
39.16
38.93
38.69
38.49
38.25
38.06
37.95
37.70
37.58
37.47
37.38
37.17
36.90
36.67
36.58
36.46
36.20
36.05
35.95
35.83
35.68
35.59
35.46
35.34
35.21
35.04
34.86
34.71
34.59
34.43
34.33
34.20
34.05
33.91
33.82
33.70
33.60
33.49
33.39
33.28
33.17
33.00
32.90
32.77
32.64
32.52
32.43
32.19
32.07
31.97
31.87
31.77
31.67
31.53
