70.72
70.52
70.27
70.03
69.78
69.47
69.02
68.68
68.49
67.99
67.71
67.17
66.71
66.31
65.91
65.71
65.43
64.91
64.49
64.12
63.88
63.54
63.26
62.88
62.52
62.08
61.86
61.56
61.56
61.32
61.09
60.95
60.68
60.53
60.40
60.29
60.17
60.05
59.85
59.69
59.58
59.39
59.14
58.96
58.69
58.46
58.20
58.01
57.89
57.76
57.63
57.48
57.22
57.08
56.88
56.58
56.40
56.15
55.97
55.78
55.51
55.30
55.12
55.00
54.83
54.73
54.62
54.46
54.31
54.10
54.02
53.91
53.76
53.49
53.17
53.06
52.93
52.76
52.59
52.44
52.29
52.17
52.07
51.94
51.83
51.71
51.60
51.48
51.29
51.06
50.87
50.67
50.52
50.23
50.02
49.84
49.67
49.49
49.37
49.09
48.95
48.77
48.66
48.51
48.31
48.10
47.80
47.59
47.32
47.09
46.83
46.63
46.39
46.25
46.06
45.83
45.64
45.43
45.24
45.03
44.93
44.73
44.65
44.52
44.37
44.15
43.94
43.72
43.64
43.52
43.27
43.09
42.93
42.81
42.70
42.57
42.44
42.32
42.19
42.02
41.90
41.76
41.62
41.49
41.35
41.21
41.11
40.94
40.79
40.69
40.54
40.41
40.32
40.23
40.12
39.97
39.88
39.75
39.56
39.43
39.35
39.13
39.01
38.92
38.80
38.70
38.59
38.49
