72.79
72.55
72.32
72.06
71.82
71.53
71.20
70.87
70.58
70.14
69.82
69.41
69.20
68.81
68.50
68.10
67.77
67.45
67.15
66.81
66.45
66.09
65.85
65.51
65.17
64.83
64.51
64.25
63.90
63.52
63.27
62.93
62.66
62.45
62.21
62.00
61.80
61.50
61.29
60.95
60.63
60.33
59.98
59.64
59.32
59.09
58.88
58.65
58.42
58.21
57.99
57.71
57.37
57.03
56.69
56.36
56.04
55.75
55.39
55.03
54.71
54.40
54.14
53.93
53.72
53.52
53.33
53.08
52.71
52.51
52.31
52.06
51.71
51.40
51.17
50.89
50.63
50.28
50.07
49.88
49.67
49.43
49.18
48.98
48.75
48.52
48.32
48.09
47.77
47.48
47.19
46.97
46.61
46.33
45.99
45.67
45.34
45.10
44.82
44.59
44.34
44.11
43.78
43.46
43.16
42.87
42.58
42.29
41.97
41.65
41.37
41.05
40.77
40.31
40.09
39.66
39.38
38.92
38.70
38.48
38.14
37.94
37.73
37.50
37.50
37.36
37.16
36.89
36.73
36.62
36.34
36.12
36.01
35.87
35.76
35.64
35.52
35.43
35.31
35.16
35.03
34.86
34.78
34.66
34.54
34.37
34.28
34.15
34.01
33.90
33.79
33.70
33.61
33.49
33.35
33.19
33.05
32.96
32.78
32.61
32.51
32.32
32.20
32.08
31.99
31.87
31.73
31.63
