71.85
71.65
71.43
71.22
70.97
70.61
70.29
69.94
69.60
69.14
68.70
68.30
68.02
67.60
67.27
66.95
66.61
66.26
65.92
65.56
65.25
64.91
64.59
64.23
63.91
63.61
63.28
63.01
62.71
62.28
61.85
61.50
61.28
61.07
60.85
60.64
60.44
60.16
59.87
59.67
59.37
59.07
58.76
58.51
58.12
57.80
57.57
57.29
57.06
56.86
56.66
56.36
56.03
55.73
55.32
55.00
54.67
54.34
53.96
53.63
53.32
53.05
52.81
52.58
52.36
52.16
51.93
51.65
51.32
51.12
50.83
50.46
50.15
49.92
49.67
49.42
49.16
48.86
48.63
48.42
48.20
47.96
47.75
47.54
47.29
47.06
46.85
46.60
46.28
45.98
45.66
45.41
45.08
44.77
44.42
44.09
43.80
43.53
43.21
43.00
42.72
42.50
42.14
41.76
41.40
41.10
40.80
40.48
40.14
39.84
39.54
39.24
38.95
38.59
38.23
37.84
37.55
37.26
36.93
36.69
36.69
36.47
36.39
36.22
36.07
35.87
35.59
35.36
35.24
35.11
34.91
34.73
34.62
34.52
34.39
34.30
34.18
34.06
33.96
33.81
33.70
33.56
33.42
33.34
33.25
33.14
33.04
32.94
32.81
32.67
32.54
32.42
32.32
32.22
32.04
31.91
31.78
31.68
31.55
31.39
31.25
31.06
30.95
30.83
30.74
30.63
30.54
30.46
