72.39
72.17
71.95
71.72
71.38
71.15
70.84
70.54
70.22
69.87
69.55
69.17
68.82
68.43
68.14
67.82
67.48
67.18
66.86
66.54
66.26
65.91
65.63
65.30
65.02
64.70
64.39
64.15
63.80
63.41
63.18
62.81
62.53
62.33
62.08
61.85
61.63
61.30
61.10
60.90
60.61
60.25
59.94
59.59
59.25
58.95
58.69
58.36
58.14
57.94
57.71
57.36
57.10
56.78
56.41
56.05
55.70
55.38
54.99
54.63
54.30
53.98
53.79
53.56
53.34
53.16
52.97
52.70
52.39
52.16
51.97
51.71
51.32
51.00
50.76
50.50
50.27
49.96
49.72
49.51
49.27
49.06
48.83
48.63
48.39
48.21
48.01
47.76
47.47
47.21
47.21
47.03
46.87
46.62
46.43
46.22
45.95
45.81
45.63
45.34
45.19
44.91
44.81
44.58
44.35
43.99
43.66
43.52
43.03
42.74
42.60
42.18
42.02
41.68
41.34
41.00
40.89
40.68
40.47
40.25
40.15
39.94
39.83
39.67
39.54
39.40
39.11
38.85
38.71
38.60
38.40
38.25
38.14
38.04
37.90
37.78
37.67
37.55
37.42
37.23
37.09
36.93
36.81
36.71
36.60
36.49
36.38
36.29
36.19
36.10
35.95
35.80
35.71
35.60
35.45
35.30
35.17
35.06
34.95
34.81
34.68
34.48
34.36
34.24
34.14
34.02
33.90
33.81
