72.85
72.64
72.37
72.14
71.89
71.54
71.22
70.89
70.59
70.27
69.95
69.51
69.20
68.79
68.52
68.21
67.86
67.55
67.26
66.96
66.64
66.35
66.08
65.72
65.36
65.03
64.71
64.45
64.11
63.69
63.36
62.98
62.74
62.52
62.30
62.06
61.82
61.54
61.32
61.13
60.85
60.50
60.20
59.88
59.54
59.24
59.00
58.74
58.50
58.27
58.06
57.75
57.40
57.06
56.71
56.37
56.08
55.79
55.48
55.14
54.82
54.51
54.27
54.01
53.80
53.59
53.33
53.04
52.67
52.46
52.23
51.95
51.64
51.29
51.08
50.88
50.64
50.40
50.18
49.96
49.76
49.56
49.31
49.12
48.92
48.72
48.50
48.26
47.94
47.66
47.36
47.10
46.78
46.49
46.20
45.89
45.51
45.27
44.96
44.73
44.44
44.21
43.91
43.62
43.10
42.70
42.46
42.02
41.63
41.42
40.97
40.78
40.31
39.92
39.43
39.06
38.69
38.29
38.07
37.73
37.50
37.30
37.07
36.83
36.61
36.61
36.42
36.21
36.07
35.98
35.76
35.50
35.40
35.29
35.18
35.07
34.95
34.81
34.71
34.56
34.42
34.22
34.13
34.03
33.91
33.81
33.70
33.61
33.52
33.41
33.29
33.18
33.07
32.95
32.81
32.62
32.53
32.44
32.31
32.22
32.11
31.85
31.74
31.62
31.52
31.41
31.30
31.19
