73.04
72.84
72.60
72.40
72.15
71.73
71.44
71.10
70.71
70.44
70.04
69.67
69.31
68.87
68.55
68.22
67.86
67.49
67.15
66.82
66.51
66.15
65.88
65.58
65.26
64.92
64.62
64.32
63.98
63.56
63.37
63.00
62.68
62.48
62.24
62.00
61.80
61.52
61.35
61.10
60.79
60.53
60.21
59.88
59.54
59.25
59.01
58.77
58.56
58.35
58.01
57.66
57.25
57.02
56.71
56.30
55.95
55.62
55.20
54.82
54.46
54.17
53.96
53.70
53.49
53.24
53.04
52.79
52.42
52.20
51.97
51.74
51.30
50.97
50.75
50.49
50.21
49.91
49.67
49.45
49.27
49.06
48.83
48.61
48.34
48.13
47.80
47.39
47.10
46.67
46.43
46.06
45.71
45.38
45.02
44.68
44.43
44.08
43.87
43.52
43.30
42.96
42.62
42.30
42.05
41.62
41.27
40.96
40.64
40.22
39.98
39.65
39.36
39.07
38.73
38.27
37.97
37.67
37.47
37.15
36.92
36.69
36.43
36.21
35.87
35.58
35.30
35.09
34.88
34.54
34.54
34.40
34.29
34.16
34.01
33.92
33.77
33.66
33.56
33.39
33.25
33.08
32.96
32.84
32.73
32.60
32.43
32.34
32.22
32.09
31.94
31.83
31.72
31.62
31.51
31.32
31.18
31.08
30.94
30.81
30.70
30.52
30.39
30.29
30.17
30.07
29.96
29.84
