72.65
72.44
72.20
71.99
71.75
71.38
71.10
70.81
70.52
70.18
69.80
69.40
69.06
68.65
68.35
67.98
67.64
67.28
66.96
66.61
66.30
65.95
65.66
65.30
64.97
64.61
64.31
63.97
63.66
63.20
62.96
62.61
62.30
62.09
61.87
61.61
61.40
61.08
60.86
60.65
60.29
59.98
59.64
59.35
58.95
58.60
58.35
58.07
57.84
57.62
57.41
57.09
56.80
56.50
56.17
55.85
55.54
55.26
54.91
54.60
54.24
53.93
53.67
53.42
53.21
52.98
52.72
52.43
52.07
51.79
51.58
51.31
50.97
50.65
50.44
50.18
49.98
49.71
49.47
49.24
48.99
48.77
48.56
48.34
48.16
47.95
47.73
47.46
47.13
46.86
46.57
46.36
45.99
45.70
45.39
45.06
44.76
44.51
44.20
43.92
43.92
43.72
43.60
43.38
43.17
42.86
42.67
42.45
42.24
41.96
41.75
41.54
41.30
41.16
40.76
40.63
40.27
40.12
39.60
39.47
39.29
39.09
38.99
38.86
38.74
38.59
38.39
38.19
38.09
37.97
37.71
37.54
37.43
37.31
37.17
37.06
36.94
36.82
36.71
36.56
36.34
36.20
36.09
35.96
35.85
35.72
35.62
35.54
35.43
35.32
35.21
35.07
34.91
34.81
34.67
34.50
34.38
34.26
34.15
34.04
33.94
33.75
33.66
33.54
33.44
33.31
33.20
33.06
