71.76
71.54
71.33
71.09
70.84
70.49
70.10
69.63
69.44
69.03
68.69
68.35
67.97
67.60
67.27
67.01
66.76
66.34
66.04
65.70
65.48
65.21
64.90
64.60
64.28
63.94
63.64
63.38
63.02
62.59
62.38
62.02
61.71
61.50
61.25
61.04
60.84
60.55
60.31
60.09
59.79
59.50
59.20
58.82
58.49
58.17
57.95
57.72
57.51
57.33
56.90
56.57
56.17
55.81
55.39
55.00
54.64
54.24
53.83
53.60
53.29
53.00
52.78
52.57
52.33
52.13
51.92
51.62
51.29
51.02
50.81
50.54
50.24
49.89
49.66
49.40
49.16
48.85
48.63
48.37
48.19
47.96
47.75
47.52
47.29
47.09
46.86
46.61
46.27
45.99
45.70
45.47
45.14
44.85
44.53
44.22
43.92
43.66
43.30
43.02
42.66
42.44
42.14
41.75
41.44
41.13
40.81
40.48
40.18
39.83
39.51
39.20
38.97
38.63
38.27
37.89
37.58
37.31
36.99
36.79
36.48
36.29
36.29
36.13
36.01
35.64
35.28
35.17
35.02
34.67
34.57
34.41
34.30
34.18
34.07
33.97
33.84
33.69
33.59
33.37
33.20
33.06
32.96
32.85
32.74
32.60
32.51
32.43
32.33
32.22
32.05
31.86
31.74
31.64
31.53
31.34
31.20
31.10
31.01
30.90
30.77
30.62
30.47
30.36
30.25
30.15
30.02
29.92
