70.66
70.45
70.21
70.01
69.81
69.49
69.20
68.71
68.50
68.06
67.66
67.46
66.99
66.67
66.18
65.95
65.44
65.21
64.75
64.39
64.16
63.73
63.32
62.91
62.49
62.09
61.76
61.56
61.05
60.74
60.49
60.06
59.77
59.56
59.32
59.08
58.88
58.62
58.34
58.15
57.86
57.57
57.26
56.93
56.61
56.27
56.04
55.74
55.51
55.30
55.05
54.66
54.38
54.07
53.66
53.33
53.00
52.70
52.37
52.01
51.69
51.69
51.56
51.44
51.30
51.21
51.07
50.85
50.70
50.47
50.36
50.26
50.09
49.87
49.69
49.58
49.41
49.26
49.08
48.96
48.83
48.69
48.60
48.49
48.37
48.21
48.08
47.93
47.76
47.52
47.32
47.12
46.97
46.76
46.57
46.40
46.16
45.98
45.83
45.60
45.46
45.26
45.12
44.91
44.70
44.44
44.21
44.01
43.79
43.54
43.32
43.11
42.87
42.69
42.52
42.28
42.07
41.88
41.66
41.50
41.38
41.16
41.06
40.91
40.76
40.54
40.27
40.05
39.90
39.75
39.53
39.37
39.25
39.15
39.03
38.94
38.83
38.71
38.59
38.44
38.29
38.14
38.02
37.91
37.79
37.63
37.52
37.40
37.30
37.19
37.04
36.91
36.82
36.71
36.60
36.44
36.26
36.15
36.05
35.87
35.74
35.56
35.37
35.28
35.18
35.08
34.96
34.84
