72.22
72.01
71.80
71.58
71.32
70.98
70.67
70.33
69.92
69.55
69.20
68.84
68.47
68.04
67.72
67.37
67.04
66.68
66.32
66.05
65.74
65.41
65.14
64.78
64.51
64.17
63.90
63.62
63.29
62.89
62.62
62.33
62.01
61.82
61.59
61.41
61.19
60.93
60.66
60.46
60.16
59.85
59.49
59.18
58.82
58.53
58.31
58.12
57.92
57.72
57.48
57.16
56.91
56.62
56.30
55.80
55.40
55.07
54.81
54.44
54.11
53.82
53.62
53.39
53.19
52.96
52.72
52.42
52.08
51.88
51.67
51.41
51.05
50.69
50.48
50.20
49.96
49.67
49.47
49.22
48.98
48.76
48.55
48.33
48.09
47.88
47.63
47.36
47.06
46.80
46.49
46.18
45.80
45.48
45.18
44.88
44.54
44.30
44.02
43.77
43.52
43.30
43.00
42.47
42.20
41.86
41.54
41.24
40.98
40.66
40.37
40.12
39.80
39.46
39.06
38.75
38.45
38.13
37.80
37.58
37.27
37.07
36.83
36.62
36.62
36.47
36.24
36.01
35.86
35.73
35.41
35.22
35.13
35.00
34.87
34.75
34.61
34.48
34.35
34.21
34.06
33.91
33.78
33.66
33.54
33.43
33.29
33.14
33.03
32.93
32.81
32.69
32.58
32.47
32.35
32.17
32.05
31.93
31.78
31.64
31.54
31.31
31.15
31.06
30.96
30.85
30.75
30.59
