72.33
72.12
71.87
71.65
71.45
71.15
70.83
70.54
70.25
69.95
69.61
69.24
68.74
68.33
68.02
67.73
67.38
67.04
66.68
66.38
66.09
65.76
65.46
65.12
64.80
64.45
64.11
63.87
63.57
63.16
62.90
62.59
62.32
62.09
61.87
61.62
61.41
61.14
60.93
60.72
60.37
59.94
59.58
59.28
58.93
58.58
58.30
58.08
57.85
57.65
57.31
57.02
56.71
56.50
56.14
55.71
55.40
55.13
54.76
54.40
54.08
53.79
53.58
53.37
53.14
52.89
52.67
52.39
52.06
51.76
51.54
51.28
50.98
50.63
50.38
50.12
49.88
49.59
49.39
49.16
48.93
48.71
48.48
48.27
48.00
47.81
47.61
47.23
47.04
46.59
46.37
46.15
45.69
45.46
45.02
44.79
44.49
44.24
43.87
43.64
43.36
43.13
42.79
42.34
41.98
41.59
41.27
40.98
40.62
40.25
39.98
39.98
39.85
39.72
39.49
39.31
39.15
38.90
38.70
38.48
38.35
38.13
38.03
37.92
37.79
37.65
37.41
37.16
36.99
36.87
36.61
36.47
36.37
36.25
36.11
36.00
35.89
35.75
35.63
35.46
35.37
35.24
35.12
35.03
34.92
34.80
34.69
34.53
34.43
34.31
34.18
34.09
33.96
33.86
33.72
33.53
33.38
33.29
33.17
33.04
32.90
32.71
32.59
32.49
32.38
32.27
32.15
32.03
