76.98
76.78
76.58
76.38
76.20
75.89
75.66
75.45
75.14
74.84
74.45
74.11
73.60
73.21
72.86
72.48
72.09
71.67
71.24
70.85
70.66
70.33
69.99
69.70
69.38
69.10
68.77
68.26
68.03
67.71
67.42
67.14
66.85
66.53
66.15
65.78
65.43
65.07
65.07
64.74
64.41
64.07
63.74
63.33
62.98
62.90
62.78
62.55
62.35
62.15
61.93
61.69
61.49
61.30
61.08
60.85
60.62
60.43
60.18
59.97
59.78
59.55
59.34
59.15
58.95
58.85
58.60
58.38
58.26
58.12
57.98
57.86
57.75
57.64
57.43
57.20
56.99
56.76
56.57
56.39
56.15
55.97
55.76
55.51
55.32
55.20
55.02
54.90
54.68
54.48
54.31
54.07
53.95
53.86
53.77
53.69
53.56
53.44
53.33
53.23
53.13
53.02
52.92
52.82
52.64
52.52
52.36
52.25
52.10
51.98
51.85
51.74
51.58
51.49
51.35
51.26
51.15
51.06
50.93
50.74
50.52
50.31
50.21
50.08
49.89
49.71
49.48
49.26
49.02
48.81
48.69
48.57
48.47
48.39
48.26
48.12
47.97
47.82
47.71
47.57
47.47
47.36
47.27
47.16
47.01
46.91
46.81
46.69
46.60
46.48
46.37
46.25
46.15
46.03
45.94
45.85
45.78
45.68
45.56
45.44
45.33
45.24
45.13
45.03
44.92
44.79
44.69
44.58
44.47
44.36
44.25
44.12
44.01
43.89
43.79
43.68
43.58
43.45
43.34
43.23
43.13
43.03
42.93
42.82
42.70
42.63
42.50
42.39
42.28
42.17
42.04
