97.19
97.00
96.81
96.62
96.32
96.08
95.85
95.64
95.30
95.00
94.66
94.35
94.02
93.72
93.39
93.07
92.75
92.43
92.06
91.75
91.43
91.11
90.78
90.45
90.17
89.81
89.46
89.06
88.73
88.45
88.15
87.83
87.53
87.32
86.97
86.75
86.46
86.17
85.83
85.50
85.19
84.88
84.55
84.21
83.91
83.70
83.36
83.09
82.79
82.48
82.16
81.86
81.58
81.22
80.83
80.59
80.34
79.99
79.69
79.32
78.99
78.69
78.40
78.15
77.95
77.64
77.30
77.10
76.86
76.66
76.44
76.24
76.01
75.65
75.35
75.07
74.76
74.45
74.13
73.82
73.58
73.26
72.95
72.63
72.42
72.14
71.91
71.61
71.27
70.99
70.69
70.49
70.32
70.12
69.93
69.72
69.53
69.31
69.11
68.91
68.71
68.52
68.30
68.04
67.83
67.83
67.73
67.61
67.44
67.32
67.23
67.07
66.89
66.78
66.56
66.46
66.36
66.25
66.12
65.96
65.78
65.57
65.45
65.36
65.21
65.09
64.87
64.62
64.36
64.15
64.03
63.91
63.81
63.68
63.58
63.48
63.34
63.15
63.05
62.92
62.82
62.74
62.63
62.52
62.42
62.32
62.21
62.10
62.00
61.90
61.80
61.66
61.57
61.47
61.36
61.25
61.14
61.03
60.96
60.85
60.76
60.64
60.52
60.40
60.27
60.17
60.06
59.98
59.86
59.74
59.65
59.53
59.39
59.27
59.16
59.07
58.96
58.85
58.74
58.64
58.52
58.43
58.34
58.25
58.12
58.02
57.90
57.78
57.64
57.52
57.38
