93.08
92.87
92.66
92.45
92.24
91.97
91.73
91.52
91.18
90.87
90.49
90.20
89.86
89.54
89.24
88.91
88.62
88.27
87.89
87.56
87.15
86.88
86.55
86.22
85.92
85.63
85.43
85.04
84.79
84.44
84.14
83.82
83.50
83.22
83.05
82.71
82.40
82.09
81.74
81.43
81.10
80.83
80.51
80.20
79.86
79.63
79.34
79.05
78.57
78.23
78.04
77.74
77.41
77.08
76.75
76.42
76.10
75.81
75.36
75.11
74.84
74.48
74.12
73.90
73.70
73.41
73.11
72.90
72.67
72.46
72.25
72.04
71.84
71.47
71.25
70.89
70.66
70.25
69.94
69.70
69.27
68.96
68.63
68.42
68.20
67.93
67.70
67.40
67.07
66.78
66.49
66.28
66.08
65.89
65.71
65.51
65.34
65.14
64.91
64.69
64.50
64.29
64.06
63.78
63.56
63.31
63.10
62.82
62.62
62.43
62.23
61.94
61.74
61.44
61.22
61.01
60.82
60.58
60.07
59.70
59.50
59.29
59.08
58.86
58.59
58.28
57.98
57.66
57.36
57.12
56.94
56.74
56.54
56.33
56.15
56.15
56.07
55.92
55.80
55.70
55.59
55.49
55.39
55.29
55.19
55.07
54.96
54.84
54.72
54.61
54.51
54.39
54.30
54.20
54.08
53.95
53.84
53.75
53.66
53.56
53.48
53.37
53.23
53.12
53.03
52.91
52.81
52.70
52.58
52.49
52.38
52.26
52.13
52.03
51.94
51.84
51.72
51.60
51.49
51.40
51.28
51.18
51.08
50.97
50.86
50.73
50.61
50.50
50.41
50.27
50.15
