84.64
84.41
84.21
83.99
83.77
83.46
83.22
82.99
82.68
82.37
81.96
81.50
81.14
80.89
80.57
80.29
79.94
79.58
79.23
78.94
78.60
78.27
77.92
77.60
77.29
76.95
76.64
76.33
75.99
75.65
75.32
75.01
74.64
74.31
74.10
73.84
73.50
73.16
72.82
72.33
72.09
71.79
71.46
71.13
70.83
70.51
70.20
69.93
69.61
69.33
69.07
68.78
68.41
68.14
67.83
67.52
67.23
66.89
66.61
66.30
65.99
65.69
65.34
65.02
64.83
64.52
64.17
63.97
63.72
63.51
63.28
63.09
62.85
62.53
62.23
61.92
61.61
61.26
60.90
60.58
60.27
59.93
59.59
59.29
59.07
58.80
58.49
58.21
57.88
57.56
57.36
57.15
56.97
56.77
56.57
56.34
56.12
55.91
55.68
55.48
55.27
55.06
54.86
54.56
54.34
54.06
53.85
53.54
53.32
53.14
52.93
52.70
52.51
52.29
52.09
51.89
51.71
51.52
51.27
50.95
50.95
50.83
50.72
50.62
50.43
50.31
50.10
49.91
49.69
49.45
49.32
49.21
49.10
48.97
48.87
48.78
48.65
48.45
48.37
48.24
48.14
48.04
47.94
47.82
47.68
47.60
47.50
47.39
47.26
47.17
47.05
46.96
46.86
46.79
46.69
46.59
46.49
46.39
46.27
46.18
46.08
45.99
45.91
45.78
45.67
45.55
45.44
45.36
45.25
45.16
45.06
44.96
44.82
44.73
44.63
44.52
44.42
44.31
44.19
44.07
43.96
43.85
43.77
43.66
43.58
43.48
43.36
43.26
43.12
42.99
42.86
