77.75
77.54
77.34
77.13
76.94
76.63
76.38
76.20
75.88
75.41
74.95
74.61
74.39
73.90
73.70
73.36
73.06
72.71
72.39
72.09
71.79
71.52
71.18
70.90
70.57
70.26
69.94
69.61
69.24
68.91
68.60
68.26
67.94
67.63
67.42
67.10
66.79
66.49
66.19
65.86
65.51
65.21
64.87
64.54
64.18
63.79
63.44
63.07
62.69
62.29
61.96
61.56
61.32
61.02
60.72
60.42
60.14
59.78
59.47
59.12
58.81
58.50
58.17
57.83
57.63
57.32
56.98
56.78
56.56
56.36
56.16
55.95
55.74
55.42
55.10
54.77
54.46
54.12
53.80
53.51
53.20
52.88
52.55
52.25
52.05
51.79
51.58
51.27
50.95
50.66
50.37
50.17
49.98
49.78
49.55
49.35
49.15
48.94
48.73
48.49
48.29
48.08
47.85
47.85
47.74
47.65
47.47
47.34
47.18
47.06
46.97
46.87
46.68
46.55
46.35
46.23
46.11
46.02
45.89
45.71
45.47
45.27
45.15
45.03
44.89
44.47
44.14
43.81
43.45
43.34
43.19
43.08
42.97
42.89
42.79
42.65
42.51
42.37
42.25
42.15
42.04
41.95
41.84
41.72
41.61
41.50
41.39
41.28
41.18
41.07
40.98
40.88
40.76
40.64
40.56
40.45
40.35
40.25
40.16
40.04
39.92
39.79
39.70
39.60
39.48
39.39
39.26
39.17
39.07
38.96
38.85
38.74
38.61
38.52
38.39
38.28
38.17
38.06
37.94
37.81
37.71
37.60
37.51
37.42
37.32
37.21
37.11
37.01
36.92
36.79
36.67
