70.54
70.33
70.14
69.93
69.72
69.44
69.22
68.85
68.51
68.14
68.14
67.81
67.49
67.15
66.83
66.53
66.24
65.92
65.58
65.27
64.98
64.69
64.35
64.04
63.68
63.57
63.32
63.12
62.91
62.65
62.43
62.22
61.97
61.78
61.56
61.44
61.25
61.06
60.86
60.53
60.29
60.04
59.80
59.50
59.24
59.04
58.95
58.72
58.52
58.31
58.10
57.86
57.64
57.39
57.16
56.96
56.76
56.52
56.31
56.11
55.87
55.64
55.41
55.19
55.02
54.91
54.67
54.46
54.36
54.24
54.13
54.01
53.89
53.79
53.64
53.46
53.27
53.05
52.79
52.60
52.38
52.16
51.91
51.68
51.47
51.36
51.19
51.04
50.81
50.57
50.37
50.19
50.09
50.00
49.89
49.76
49.66
49.56
49.45
49.36
49.26
49.14
49.06
48.97
48.80
48.69
48.52
48.41
48.22
48.13
48.03
47.92
47.76
47.66
47.52
47.42
47.31
47.21
47.11
46.92
46.68
46.48
46.39
46.28
46.10
45.98
45.74
45.52
45.28
45.09
44.93
44.85
44.77
44.65
44.53
44.39
44.24
44.06
43.95
43.85
43.75
43.66
43.55
43.44
43.35
43.24
43.14
43.04
42.95
42.87
42.74
42.61
42.48
42.38
42.27
42.16
42.05
41.95
41.84
41.75
41.62
41.52
41.41
41.29
41.16
41.07
40.96
40.84
40.72
40.60
40.50
40.37
40.27
40.15
40.06
39.94
39.83
39.71
39.60
39.49
39.37
39.27
39.17
39.06
38.95
38.85
38.75
38.65
38.55
38.44
38.33
