95.24
95.04
94.83
94.59
94.35
94.06
93.81
93.61
93.28
93.01
92.65
92.34
92.04
91.72
91.38
91.04
90.77
90.41
90.05
89.70
89.36
89.04
88.70
88.38
88.05
87.75
87.46
87.15
86.79
86.45
86.14
85.89
85.59
85.29
85.09
84.79
84.50
84.19
83.80
83.48
83.21
82.91
82.59
82.26
81.94
81.71
81.38
81.09
80.79
80.45
80.11
79.78
79.44
79.02
78.75
78.42
78.19
77.85
77.47
77.18
76.88
76.57
76.24
75.90
75.71
75.40
75.08
74.89
74.65
74.45
74.24
74.05
73.83
73.49
73.20
72.90
72.61
72.61
72.49
72.31
72.11
71.93
71.72
71.47
71.26
71.14
70.95
70.84
70.62
70.37
70.16
69.96
69.84
69.74
69.66
69.58
69.45
69.34
69.22
69.11
68.97
68.89
68.79
68.66
68.48
68.37
68.19
68.08
67.91
67.80
67.73
67.60
67.42
67.31
67.12
67.02
66.92
66.82
66.67
66.48
66.24
66.03
65.93
65.82
65.68
65.57
65.32
65.10
64.85
64.65
64.51
64.42
64.33
64.21
64.11
64.00
63.86
63.67
63.58
63.45
63.33
63.23
63.13
63.01
62.90
62.79
62.69
62.57
62.48
62.36
62.26
62.14
62.03
61.93
61.84
61.74
61.64
61.56
61.46
61.35
61.23
61.14
61.02
60.92
60.80
60.69
60.59
60.50
60.40
60.30
60.19
60.09
59.96
59.85
59.74
59.65
59.55
59.45
59.35
59.25
59.11
59.00
58.90
58.78
58.68
58.55
58.39
58.30
58.19
58.07
57.97
