77.98
77.77
77.54
77.35
77.14
76.82
76.57
76.33
76.00
75.69
75.34
75.00
74.68
74.21
73.99
73.52
73.17
72.75
72.36
72.02
71.62
71.39
71.06
70.73
70.41
70.09
69.74
69.26
68.89
68.52
68.33
68.04
67.69
67.37
67.15
66.84
66.54
66.19
65.86
65.53
65.19
65.19
65.05
64.81
64.56
64.31
64.16
63.92
63.71
63.51
63.27
63.05
62.79
62.59
62.34
62.12
61.91
61.70
61.47
61.23
60.97
60.75
60.55
60.33
60.08
59.98
59.76
59.53
59.43
59.31
59.20
59.10
58.98
58.85
58.65
58.43
58.21
57.97
57.74
57.49
57.30
57.10
56.84
56.61
56.42
56.30
56.11
56.00
55.81
55.63
55.41
55.24
55.13
55.03
54.93
54.83
54.74
54.65
54.54
54.44
54.33
54.21
54.11
54.00
53.81
53.70
53.54
53.41
53.22
53.11
53.02
52.88
52.69
52.56
52.37
52.26
52.16
52.06
51.93
51.74
51.56
51.35
51.27
51.15
50.98
50.81
50.65
50.46
50.22
50.01
49.91
49.82
49.72
49.60
49.49
49.38
49.23
49.10
48.99
48.88
48.74
48.65
48.53
48.41
48.32
48.21
48.10
47.96
47.82
47.73
47.64
47.53
47.42
47.31
47.22
47.11
46.99
46.91
46.80
46.70
46.61
46.48
46.38
46.27
46.15
46.05
45.95
45.87
45.78
45.68
45.58
45.49
45.36
45.24
45.12
45.01
44.93
44.82
44.73
44.62
44.53
44.43
44.33
44.22
44.11
43.97
43.83
43.71
43.60
43.49
43.39
