94.73
94.52
94.33
94.12
93.90
93.59
93.39
93.19
92.83
92.44
92.14
91.84
91.54
91.25
91.01
90.72
90.39
90.03
89.69
89.29
88.96
88.76
88.44
88.12
87.80
87.48
87.15
86.82
86.52
86.20
85.92
85.62
85.32
85.02
84.82
84.51
84.24
83.94
83.54
83.24
82.93
82.62
82.27
81.92
81.62
81.43
81.10
80.80
80.47
80.17
79.98
79.67
79.38
79.06
78.75
78.44
78.11
77.77
77.46
76.94
76.74
76.41
76.11
75.79
75.59
75.26
74.94
74.74
74.52
74.31
74.10
73.87
73.66
73.37
73.05
72.74
72.44
72.13
71.78
71.46
71.12
70.77
70.40
70.40
70.25
70.16
70.00
69.87
69.64
69.45
69.28
69.05
68.94
68.82
68.73
68.64
68.51
68.41
68.30
68.22
68.11
67.99
67.87
67.77
67.56
67.45
67.29
67.16
66.99
66.88
66.75
66.62
66.44
66.32
66.12
66.02
65.90
65.78
65.64
65.44
65.20
65.00
64.90
64.77
64.65
64.47
64.24
64.01
63.77
63.55
63.44
63.32
63.21
63.10
63.01
62.91
62.77
62.62
62.51
62.41
62.31
62.23
62.13
62.00
61.88
61.77
61.68
61.57
61.49
61.39
61.26
61.13
61.04
60.94
60.81
60.69
60.59
60.49
60.36
60.27
60.15
60.02
59.91
59.77
59.66
59.55
59.44
59.35
59.25
59.13
59.05
58.94
58.83
58.72
58.63
58.52
58.44
58.32
58.22
58.12
58.01
57.90
57.81
57.69
57.57
57.48
57.35
57.26
57.18
57.06
56.96
