90.97
90.76
90.58
90.37
90.17
89.83
89.61
89.40
89.07
88.67
88.38
88.08
87.85
87.47
87.26
86.90
86.59
86.27
85.93
85.61
85.31
84.99
84.60
84.30
83.96
83.60
83.27
82.91
82.68
82.33
82.05
81.77
81.46
81.16
80.93
80.65
80.37
80.06
79.65
79.30
79.01
78.69
78.31
78.02
77.69
77.47
77.18
76.87
76.62
76.30
75.96
75.64
75.36
75.03
74.71
74.38
74.04
73.63
73.29
73.01
72.64
72.43
72.12
71.78
71.59
71.29
70.99
70.79
70.57
70.38
70.19
69.97
69.64
69.30
68.98
68.62
68.32
67.94
67.59
67.27
66.91
66.63
66.24
66.04
65.83
65.55
65.33
65.04
64.71
64.46
64.17
63.96
63.74
63.54
63.33
63.13
62.93
62.70
62.48
62.25
62.01
61.84
61.64
61.36
61.14
60.86
60.65
60.36
60.14
59.91
59.68
59.41
59.23
58.94
58.76
58.55
58.36
58.16
57.91
57.60
57.29
57.08
56.87
56.87
56.75
56.59
56.38
56.16
55.94
55.74
55.60
55.50
55.42
55.33
55.23
55.11
54.98
54.80
54.68
54.55
54.45
54.35
54.27
54.17
54.07
53.98
53.89
53.77
53.68
53.59
53.47
53.35
53.23
53.15
53.03
52.90
52.78
52.68
52.57
52.45
52.36
52.26
52.16
52.05
51.93
51.81
51.70
51.61
51.48
51.39
51.31
51.19
51.06
50.96
50.85
50.75
50.66
50.57
50.46
50.36
50.26
50.15
50.04
49.95
49.85
49.73
49.57
49.47
49.38
49.24
49.13
