89.92
89.72
89.50
89.30
89.10
88.79
88.55
88.33
88.04
87.74
87.32
86.94
86.63
86.33
86.02
85.80
85.48
85.03
84.78
84.43
84.10
83.76
83.38
83.12
82.78
82.45
82.15
81.82
81.48
81.14
80.84
80.51
80.21
79.89
79.66
79.33
79.06
78.72
78.41
78.09
77.76
77.48
77.12
76.79
76.44
76.23
75.94
75.62
75.32
75.03
74.74
74.38
73.97
73.68
73.35
73.14
72.83
72.50
72.18
71.93
71.58
71.26
70.98
70.68
70.49
70.19
69.90
69.71
69.46
69.26
69.05
68.84
68.62
68.33
67.99
67.66
67.32
66.98
66.70
66.41
66.13
65.80
65.51
65.19
64.97
64.70
64.47
64.20
63.88
63.58
63.31
63.12
62.88
62.66
62.49
62.29
62.09
61.88
61.66
61.47
61.25
61.05
60.86
60.57
60.35
60.05
59.84
59.84
59.74
59.64
59.51
59.41
59.27
59.17
59.04
58.93
58.83
58.72
58.59
58.17
57.83
57.73
57.63
57.51
57.34
57.16
56.91
56.72
56.49
56.27
56.13
56.02
55.92
55.82
55.72
55.58
55.41
55.25
55.16
55.02
54.90
54.80
54.71
54.61
54.47
54.38
54.26
54.13
54.02
53.89
53.80
53.70
53.60
53.51
53.41
53.29
53.20
53.11
53.02
52.92
52.80
52.67
52.58
52.46
52.36
52.24
52.15
52.05
51.97
51.88
51.78
51.66
51.49
51.38
51.28
51.18
51.09
51.01
50.91
50.80
50.70
50.60
50.49
50.38
50.27
50.16
50.04
49.91
49.83
49.70
49.59
