97.14
96.93
96.74
96.54
96.34
96.04
95.82
95.58
95.26
94.95
94.55
94.24
93.96
93.63
93.29
92.96
92.69
92.33
91.97
91.61
91.29
90.96
90.61
90.32
90.00
89.70
89.39
89.10
88.74
88.41
88.12
87.80
87.49
87.19
86.99
86.67
86.37
86.02
85.69
85.31
85.11
84.80
84.44
84.12
83.82
83.54
83.33
82.93
82.72
82.31
82.01
81.69
81.40
81.17
80.89
80.61
80.30
79.93
79.66
79.35
79.02
78.64
78.34
78.13
77.94
77.62
77.24
77.05
76.80
76.59
76.39
76.19
75.95
75.63
75.30
74.98
74.66
74.31
73.89
73.62
73.32
73.02
72.78
72.48
72.25
72.25
72.18
72.07
71.86
71.66
71.47
71.27
71.17
71.07
70.97
70.88
70.76
70.65
70.55
70.43
70.33
70.23
70.14
70.05
69.91
69.80
69.63
69.51
69.34
69.24
69.13
68.97
68.78
68.66
68.49
68.39
68.29
68.19
68.05
67.87
67.69
67.51
67.41
67.31
67.13
66.98
66.77
66.59
66.39
66.19
66.08
65.98
65.89
65.79
65.68
65.57
65.42
65.27
65.16
65.06
64.97
64.88
64.79
64.69
64.58
64.46
64.36
64.22
64.09
63.99
63.87
63.73
63.63
63.53
63.44
63.33
63.22
63.12
63.01
62.92
62.85
62.74
62.65
62.53
62.44
62.31
62.21
62.12
62.02
61.92
61.81
61.70
61.60
61.49
61.40
61.27
61.17
61.08
60.99
60.86
60.78
60.67
60.59
60.47
60.34
60.24
60.13
60.03
59.92
59.83
59.72
