90.93
90.72
90.49
90.30
90.10
89.77
89.54
89.32
89.02
88.74
88.34
87.94
87.63
87.41
87.07
86.76
86.45
86.07
85.69
85.34
85.01
84.65
84.30
83.97
83.66
83.35
83.04
82.64
82.35
82.07
81.85
81.52
81.16
80.86
80.66
80.35
79.98
79.65
79.25
79.03
78.72
78.38
78.02
77.64
77.31
77.07
76.76
76.46
76.14
75.79
75.31
74.91
74.51
74.15
73.73
73.35
72.96
72.60
72.39
72.09
71.74
71.44
71.14
70.82
70.52
70.22
70.01
69.79
69.58
69.37
69.15
68.93
68.55
68.34
67.83
67.64
67.14
66.76
66.56
66.07
65.71
65.33
65.07
64.74
64.52
64.24
64.01
63.71
63.40
63.10
62.81
62.61
62.38
62.19
61.97
61.76
61.53
61.31
61.08
60.87
60.64
60.44
60.21
59.95
59.73
59.47
59.25
58.99
58.78
58.56
58.33
58.06
57.86
57.59
57.39
57.18
56.97
56.73
56.73
56.61
56.38
56.19
56.07
55.95
55.77
55.58
55.31
55.10
54.87
54.65
54.50
54.40
54.30
54.22
54.09
53.96
53.82
53.66
53.54
53.41
53.30
53.20
53.09
52.96
52.85
52.77
52.67
52.54
52.44
52.33
52.22
52.09
51.99
51.87
51.77
51.64
51.52
51.44
51.36
51.25
51.14
51.04
50.93
50.83
50.73
50.60
50.48
50.37
50.28
50.17
50.05
49.93
49.80
49.68
49.58
49.49
49.39
49.28
49.16
49.06
48.96
48.86
48.77
48.65
48.55
48.44
48.30
48.19
48.07
47.98
47.84
