1	85.06	79.18	83.35	98.29	92.61	91.74	96.73	87.99	92.96	85.03	92.44	95.18	85.53	80.80	90.13	77.12	97.22	81.70	91.66	86.77
2	84.82	79.00	83.13	98.08	92.40	91.55	96.52	87.76	92.74	84.82	92.25	94.97	85.33	80.61	89.94	76.93	97.02	81.51	91.47	86.57
3	84.59	78.77	82.91	97.86	92.18	91.34	96.31	87.54	92.52	84.62	92.03	94.73	85.12	80.39	89.72	76.71	96.80	81.30	91.26	86.36
4	84.38	78.58	82.72	97.64	91.99	91.14	96.12	87.33	92.32	84.41	91.80	94.55	84.93	80.19	89.50	76.48	96.59	81.10	91.06	86.17
5	84.10	78.30	82.45	97.34	91.71	90.84	95.86	87.06	92.09	84.14	91.53	94.27	84.66	79.90	89.20	76.48	96.31	80.82	90.79	85.91
6	83.90	78.10	82.23	97.14	91.50	90.64	95.66	86.82	91.90	83.96	91.34	94.08	84.47	79.68	88.98	76.39	96.11	80.63	90.58	85.70
7	83.68	77.90	82.02	96.94	91.26	90.27	95.45	86.63	91.69	83.76	91.16	93.90	84.27	79.46	88.77	76.29	95.84	80.43	90.39	85.47
8	83.38	77.60	81.75	96.67	90.81	89.94	95.14	86.38	91.42	83.44	90.89	93.48	83.96	79.16	88.51	76.20	95.51	80.14	90.09	85.19
9	83.09	77.28	81.40	96.33	90.42	89.72	94.78	86.04	91.07	83.15	90.58	93.19	83.63	78.82	88.19	75.98	95.28	79.83	89.76	84.87
10	82.82	76.98	81.08	96.01	90.23	89.26	94.46	85.78	90.69	82.85	90.28	92.98	83.30	78.52	87.89	75.75	94.88	79.53	89.48	84.42
11	82.51	76.69	80.74	95.72	89.92	89.05	94.04	85.50	90.40	82.55	89.95	92.64	83.01	78.20	87.59	75.54	94.59	79.21	89.20	84.06
12	82.20	76.38	80.43	95.43	89.48	88.74	93.82	85.09	90.10	82.23	89.66	92.28	82.70	77.90	87.29	75.34	94.41	78.75	88.90	83.73
13	81.86	76.09	80.10	95.09	89.25	88.42	93.49	84.79	89.87	81.90	89.34	92.06	82.39	77.55	86.98	75.11	94.09	78.40	88.58	83.49
14	81.58	75.82	79.83	94.86	89.00	88.14	93.18	84.52	89.59	81.61	89.09	91.80	82.09	77.29	86.70	74.88	93.79	78.04	88.31	83.16
15	81.31	75.52	79.58	94.52	88.75	87.88	92.91	84.20	89.33	81.35	88.80	91.53	81.80	77.04	86.41	74.68	93.47	77.69	87.99	82.88
16	81.00	75.23	79.29	94.22	88.44	87.55	92.62	83.98	89.01	81.01	88.46	91.26	81.46	76.71	86.07	74.45	93.19	77.46	87.71	82.53
17	80.81	75.00	79.06	94.01	88.22	87.35	92.26	83.76	88.81	80.79	88.27	91.04	81.26	76.48	85.86	74.24	92.84	77.25	87.51	82.33
18	80.47	74.69	78.70	93.73	87.86	87.08	92.03	83.44	88.52	80.45	87.96	90.67	80.97	76.19	85.52	74.12	92.63	76.96	87.24	82.03
19	80.24	74.46	78.49	93.52	87.66	86.86	91.79	83.22	88.30	80.24	87.75	90.45	80.74	75.96	85.29	73.92	92.40	76.72	86.90	81.65
20	79.92	74.14	78.19	93.19	87.33	86.52	91.50	82.93	87.98	79.92	87.45	90.15	80.42	75.62	84.96	73.81	92.08	76.41	86.68	81.43
21	79.69	73.94	77.97	92.96	87.08	86.28	91.28	82.72	87.75	79.70	87.22	89.93	80.22	75.36	84.76	73.58	91.85	76.21	86.34	81.04
22	79.33	73.50	77.54	92.64	86.77	85.95	91.00	82.38	87.39	79.40	86.95	89.65	79.91	75.06	84.48	73.43	91.52	75.90	86.14	80.82
23	79.01	73.12	77.19	92.32	86.45	85.61	90.49	82.09	87.06	79.13	86.60	89.33	79.64	74.74	84.14	73.24	91.17	75.56	85.80	80.51
24	78.67	72.76	76.92	92.03	86.15	85.28	90.24	81.81	86.70	78.83	86.25	89.00	79.32	74.41	83.84	73.06	90.92	75.21	85.45	80.17
25	78.40	72.40	76.63	91.74	85.91	84.99	89.93	81.53	86.37	78.57	85.98	88.67	79.05	74.11	83.57	72.84	90.65	74.91	85.12	79.91
27	78.07	72.03	76.31	91.40	85.63	84.66	89.60	81.20	86.04	78.22	85.66	88.38	78.76	74.11	83.28	72.65	90.32	74.56	84.81	79.61
28	77.72	71.70	75.98	91.06	85.30	84.32	89.28	80.86	85.73	77.90	85.35	88.05	78.45	73.94	82.92	72.45	89.98	74.24	84.49	79.33
29	77.37	71.30	75.70	90.76	84.87	83.99	88.88	80.50	85.40	77.56	85.04	87.73	78.17	73.70	82.53	72.27	89.52	73.94	84.17	79.01
30	77.09	71.06	75.51	90.45	84.65	83.63	88.55	80.18	85.09	77.22	84.72	87.43	77.75	73.49	82.22	72.06	89.21	73.46	83.83	78.68
31	76.79	70.74	75.21	90.12	84.38	83.32	88.22	79.87	84.80	76.95	84.41	87.16	77.43	73.28	81.94	71.82	88.90	73.11	83.51	78.39
32	76.50	70.74	74.89	89.79	84.08	83.02	87.86	79.52	84.49	76.68	84.09	86.87	77.13	73.11	81.59	71.60	88.62	72.75	83.20	78.13
33	76.18	70.63	74.61	89.46	83.78	82.74	87.65	79.25	84.17	76.39	83.78	86.58	76.83	72.93	81.27	71.37	88.40	72.40	82.90	77.82
34	75.89	70.43	74.31	89.19	83.47	82.45	87.37	78.97	83.87	76.10	83.49	86.29	76.53	72.72	81.00	71.13	88.10	72.02	82.60	77.55
35	75.56	70.23	74.00	88.86	83.19	82.15	87.03	78.65	83.60	75.77	83.08	86.01	76.14	72.49	80.66	70.95	87.80	71.84	82.27	77.24
36	75.19	70.01	73.67	88.52	82.85	81.82	86.69	78.35	83.30	75.48	82.88	85.69	75.94	72.32	80.35	70.77	87.48	71.50	81.98	76.92
37	75.00	69.74	73.49	88.30	82.66	81.63	86.47	78.13	82.98	75.25	82.67	85.47	75.65	72.12	80.14	70.53	87.27	71.14	81.56	76.69
38	74.57	69.62	73.13	87.96	82.36	81.29	86.09	77.79	82.75	74.92	82.27	85.15	75.22	72.03	79.84	70.43	86.94	70.78	81.35	76.36
39	74.23	69.36	72.86	87.64	82.01	81.03	85.73	77.46	82.41	74.64	82.06	84.80	75.00	71.78	79.47	70.19	86.65	70.37	81.03	76.06
40	73.92	69.11	72.56	87.23	81.75	80.78	85.46	77.20	82.14	74.34	81.74	84.49	74.72	71.61	79.16	69.93	86.37	69.99	80.72	75.76
41	73.62	68.95	72.21	86.90	81.44	80.43	85.11	76.89	81.70	74.04	81.38	84.15	74.39	71.43	78.82	69.71	86.02	69.59	80.24	75.42
42	73.25	68.73	71.85	86.56	81.10	80.07	84.74	76.60	81.50	73.68	81.03	83.83	74.06	71.19	78.49	69.49	85.68	69.40	80.00	75.08
43	73.02	68.50	71.56	86.32	80.79	79.78	84.46	76.30	81.20	73.37	80.73	83.51	73.73	70.93	78.15	69.27	85.36	69.11	79.68	74.78
44	72.60	68.29	71.31	86.00	80.50	79.50	84.20	76.00	80.82	73.16	80.48	83.27	73.43	70.70	77.85	69.07	85.13	69.11	79.26	74.55
45	72.20	68.10	70.98	85.59	80.19	79.18	83.91	75.72	80.58	72.84	80.15	82.96	73.17	70.51	77.53	68.91	84.83	68.80	79.02	74.26
46	71.81	67.91	70.68	85.35	79.84	78.87	83.62	75.41	80.17	72.53	79.71	82.64	72.72	70.29	77.24	68.68	84.48	68.48	78.60	73.94
47	71.48	67.71	70.36	85.03	79.51	78.55	83.34	75.09	79.87	72.22	79.53	82.34	72.39	70.06	76.95	68.48	84.13	68.15	78.25	73.61
48	71.11	67.49	70.08	84.57	79.23	78.25	83.07	74.78	79.60	71.93	79.17	82.05	72.16	69.82	76.62	68.29	83.82	68.05	77.91	73.29
49	70.73	67.29	69.79	84.39	78.94	77.91	82.78	74.47	79.36	71.60	78.83	81.79	71.84	69.62	76.29	68.08	83.45	67.65	77.70	72.94
50	70.35	67.07	69.47	83.94	78.66	77.61	82.44	74.14	78.93	71.31	78.53	81.38	71.52	69.38	75.95	67.85	83.15	67.57	77.39	72.66
51	70.16	66.88	69.10	83.61	78.27	77.23	82.09	73.80	78.58	70.92	78.19	81.06	71.16	69.14	75.60	67.62	82.82	67.15	77.07	72.36
52	69.84	66.62	68.74	83.31	77.92	76.88	81.72	73.48	78.18	70.54	77.87	80.74	70.76	68.89	75.24	67.38	82.51	67.03	76.74	72.00
53	69.54	66.34	68.43	83.01	77.59	76.56	81.39	73.13	77.81	70.24	77.58	80.37	70.37	68.64	74.91	67.14	82.21	66.81	76.42	71.70
54	69.25	66.15	68.09	82.72	77.20	76.27	81.07	72.79	77.44	69.89	77.21	80.03	70.18	68.44	74.47	66.96	81.91	66.63	76.11	71.44
55	68.95	65.91	67.79	82.42	76.98	75.96	80.77	72.51	77.25	69.59	76.84	79.83	69.82	68.17	74.27	66.70	81.62	66.41	75.78	71.12
56	68.64	65.73	67.46	82.06	76.67	75.63	80.44	72.17	76.92	69.28	76.44	79.51	69.48	67.96	73.95	66.48	81.29	66.20	75.45	70.78
57	68.34	65.50	67.10	81.73	76.37	75.26	80.12	71.87	76.61	68.92	76.06	79.16	69.15	67.71	73.63	66.24	80.98	65.96	75.11	70.41
58	68.05	65.30	66.80	81.46	75.99	74.99	79.79	71.58	76.33	68.60	75.71	78.87	68.87	67.43	73.17	65.97	80.70	65.78	74.79	70.08
59	67.75	65.06	66.49	81.24	75.65	74.67	79.41	71.28	76.01	68.28	75.49	78.59	68.52	67.24	72.78	65.80	80.38	65.60	74.44	69.77
60	67.49	64.84	66.20	80.87	75.34	74.37	79.11	70.94	75.65	68.00	75.19	78.30	68.18	67.02	72.36	65.61	80.10	65.37	74.14	69.41
61	67.17	64.60	65.89	80.54	75.12	74.04	78.70	70.64	75.34	67.69	74.85	77.99	67.84	66.81	72.15	65.41	79.80	65.17	73.63	69.08
62	66.87	64.35	65.62	80.25	74.82	73.70	78.42	70.35	75.01	67.39	74.54	77.69	67.53	66.58	71.80	65.16	79.38	64.95	73.25	68.76
63	66.53	64.12	65.27	79.93	74.52	73.35	78.14	70.02	74.67	67.05	74.23	77.27	67.23	66.40	71.43	64.95	79.09	64.73	72.87	68.44
64	66.20	63.87	64.94	79.65	74.22	73.04	77.81	69.70	74.34	66.72	73.91	77.06	66.92	66.17	71.14	64.73	78.76	64.33	72.47	68.16
65	65.86	63.63	64.60	79.34	73.87	72.72	77.51	69.37	74.04	66.41	73.58	76.74	66.60	65.96	70.76	64.52	78.44	64.22	72.14	67.79
66	65.56	63.36	64.60	79.07	73.53	72.38	77.23	69.05	73.54	66.12	73.24	76.44	66.28	65.74	70.45	64.27	78.12	64.02	71.92	67.46
67	65.27	63.12	64.45	78.81	73.21	72.07	76.89	68.73	73.20	65.81	72.94	76.12	65.95	65.56	70.13	64.04	77.78	63.82	71.62	67.14
68	64.92	62.92	64.29	78.49	72.89	71.77	76.56	68.38	72.83	65.49	72.60	75.82	65.62	65.37	69.80	63.83	77.48	63.64	71.28	66.84
69	64.61	62.67	64.08	78.19	72.58	71.47	76.22	68.10	72.46	65.17	72.28	75.50	65.31	65.13	69.49	63.61	77.18	63.38	70.95	66.51
70	64.31	62.45	63.85	77.86	72.31	71.16	75.83	67.80	72.26	64.88	71.94	75.22	64.99	64.88	69.21	63.41	76.90	63.14	70.64	66.16
71	64.00	62.26	63.68	77.59	72.04	70.87	75.60	67.41	72.00	64.51	71.59	74.88	64.66	64.65	68.92	63.22	76.65	62.90	70.26	65.83
72	63.77	62.03	63.45	77.39	71.85	70.69	75.39	67.21	71.78	64.30	71.38	74.68	64.45	64.42	68.73	63.08	76.46	62.65	70.06	65.63
73	63.58	61.91	63.37	77.17	71.63	70.48	75.16	66.99	71.59	64.05	71.15	74.45	64.24	64.29	68.52	62.98	76.25	62.53	69.82	65.42
74	63.36	61.80	63.22	76.93	71.42	70.24	74.95	66.78	71.40	63.83	70.93	74.20	64.02	64.18	68.31	62.87	76.03	62.44	69.63	65.20
75	63.17	61.67	63.08	76.75	71.23	70.04	74.73	66.56	71.19	63.63	70.71	74.00	63.81	64.09	68.11	62.76	75.82	62.32	69.42	65.00
76	62.94	61.55	62.97	76.56	71.00	69.82	74.51	66.36	71.00	63.44	70.53	73.79	63.62	63.98	67.89	62.64	75.63	62.22	69.20	64.78
77	62.72	61.43	62.84	76.32	70.80	69.58	74.30	66.14	70.77	63.24	70.29	73.55	63.38	63.87	67.68	62.52	75.41	62.09	68.98	64.54
78	62.47	61.31	62.73	76.08	70.58	69.34	74.08	65.91	70.57	62.99	70.09	73.32	63.17	63.75	67.46	62.40	75.20	61.97	68.76	64.32
79	62.22	61.18	62.59	75.85	70.30	69.05	73.81	65.68	70.34	62.74	70.09	73.09	62.90	63.61	67.20	62.29	74.96	61.83	68.54	64.01
80	62.01	61.03	62.38	75.64	70.10	68.84	73.63	65.48	70.14	62.52	69.99	72.87	62.70	63.44	66.99	62.11	74.76	61.64	68.33	63.80
81	61.80	60.92	62.27	75.43	69.87	68.63	73.44	65.24	69.94	62.28	69.89	72.66	62.50	63.35	66.78	62.01	74.55	61.53	68.13	63.59
82	61.58	60.81	62.11	75.21	69.67	68.41	73.23	65.03	69.72	62.05	69.78	72.45	62.26	63.26	66.53	61.88	74.31	61.42	67.93	63.38
83	61.36	60.70	62.00	75.00	69.45	68.19	73.02	64.84	69.49	61.84	69.63	72.25	62.07	63.18	66.30	61.76	74.10	61.31	67.69	63.17
84	61.18	60.59	61.88	74.78	69.24	67.96	72.81	64.64	69.30	61.63	69.51	72.02	61.86	63.07	66.09	61.64	73.90	61.21	67.47	62.95
85	60.98	60.49	61.78	74.56	69.02	67.73	72.61	64.42	69.09	61.39	69.40	71.80	61.68	62.98	65.84	61.53	73.67	61.08	67.25	62.72
86	60.77	60.35	61.66	74.34	68.80	67.53	72.41	64.23	68.91	61.17	69.26	71.61	61.48	62.84	65.63	61.40	73.46	60.95	67.06	62.53
87	60.56	60.27	61.56	74.13	68.60	67.31	72.20	64.01	68.69	60.94	69.17	71.41	61.25	62.76	65.40	61.29	73.25	60.86	66.84	62.29
88	60.36	60.17	61.45	73.93	68.41	67.11	71.99	63.82	68.48	60.73	69.04	71.21	61.04	62.65	65.21	61.15	73.04	60.74	66.63	62.08
89	60.15	60.08	61.34	73.71	68.20	66.89	71.78	63.62	68.28	60.52	68.93	70.99	60.84	62.54	64.99	61.04	72.82	60.65	66.43	61.85
90	59.96	59.96	61.23	73.46	68.00	66.64	71.57	63.38	68.09	60.27	68.81	70.77	60.62	62.42	64.74	60.90	72.60	60.54	66.22	61.63
91	59.70	59.84	61.11	73.21	67.76	66.37	71.31	63.13	67.82	60.03	68.73	70.77	60.38	62.29	64.47	60.76	72.37	60.42	65.98	61.39
92	59.47	59.67	60.96	72.99	67.56	66.18	71.13	62.90	67.58	59.81	68.59	70.66	60.18	62.10	64.25	60.63	72.14	60.23	65.78	61.20
93	59.24	59.57	60.86	72.78	67.35	65.96	70.92	62.72	67.37	59.58	68.46	70.56	59.99	62.00	64.02	60.50	71.92	60.13	65.59	60.97
94	59.01	59.46	60.73	72.57	67.14	65.75	70.71	62.52	67.16	59.36	68.33	70.45	59.77	61.89	63.80	60.37	71.72	60.02	65.37	60.75
95	58.81	59.36	60.59	72.35	66.91	65.53	70.52	62.30	66.97	59.13	68.22	70.33	59.55	61.78	63.60	60.27	71.50	59.91	65.18	60.53
96	58.56	59.27	60.49	72.35	66.66	65.28	70.28	62.04	66.70	58.86	68.10	70.25	59.28	61.69	63.37	60.18	71.27	59.80	64.90	60.30
97	58.29	59.12	60.34	72.27	66.44	65.05	70.05	61.81	66.49	58.60	67.93	70.10	59.06	61.56	63.11	60.03	71.08	59.62	64.66	60.06
98	58.05	58.96	60.19	72.15	66.20	64.79	69.81	61.54	66.22	58.33	67.81	69.98	58.78	61.41	63.11	59.86	70.84	59.47	64.42	59.80
99	57.78	58.81	60.05	71.97	65.93	64.79	69.81	61.25	65.95	58.04	67.63	69.82	58.52	61.25	62.99	59.71	70.55	59.31	64.17	59.53
100	57.52	58.64	59.84	71.81	65.60	64.69	69.73	60.94	65.65	58.04	67.44	69.66	58.25	61.06	62.84	59.52	70.26	59.16	63.87	59.26
101	57.33	58.44	59.68	71.63	65.41	64.47	69.54	60.75	65.45	57.93	67.24	69.52	58.02	60.85	62.68	59.30	70.06	58.99	63.67	59.06
102	57.12	58.35	59.58	71.54	65.21	64.38	69.45	60.56	65.25	57.80	67.14	69.41	57.83	60.76	62.57	59.19	69.85	58.87	63.45	58.88
103	56.91	58.24	59.47	71.44	64.98	64.28	69.36	60.34	65.04	57.69	67.04	69.32	57.61	60.64	62.48	59.08	69.61	58.75	63.22	58.68
104	56.72	58.10	59.36	71.34	64.78	64.18	69.23	60.14	64.87	57.57	66.93	69.21	57.40	60.52	62.36	58.98	69.41	58.65	63.01	58.49
105	56.48	58.00	59.25	71.23	64.56	64.09	69.12	59.91	64.62	57.46	66.82	69.10	57.19	60.41	62.27	58.85	69.19	58.55	62.79	58.29
106	56.25	57.88	59.16	71.11	64.36	64.00	69.01	59.65	64.38	57.36	66.71	69.00	56.94	60.26	62.16	58.72	68.98	58.43	62.53	58.03
107	56.03	57.77	59.03	71.00	64.15	63.87	68.91	59.44	64.19	57.26	66.61	68.85	56.75	60.11	62.02	58.58	68.80	58.31	62.31	57.62
108	55.75	57.66	58.93	70.87	63.88	63.75	68.81	59.11	63.88	56.98	66.49	68.74	56.46	60.01	61.91	58.46	68.46	58.22	61.96	57.20
109	55.42	57.47	58.69	70.63	63.88	63.55	68.62	58.74	63.57	56.65	66.24	68.54	56.15	59.82	61.67	58.24	68.13	58.02	61.62	56.98
110	55.42	57.21	58.44	70.40	63.71	63.31	68.43	58.50	63.33	56.53	66.00	68.31	55.87	59.55	61.44	58.02	67.85	57.77	61.35	56.71
111	55.30	57.06	58.27	70.23	63.54	63.14	68.26	58.24	63.08	56.34	65.82	68.13	55.61	59.40	61.27	57.85	67.85	57.59	61.13	56.43
112	55.12	56.89	58.12	70.06	63.36	63.00	68.07	58.01	62.66	56.20	65.69	67.95	55.40	59.23	61.13	57.67	67.76	57.45	60.90	56.22
113	55.02	56.77	58.00	69.94	63.24	62.89	67.97	57.68	62.25	56.08	65.57	67.84	55.10	59.13	60.80	57.55	67.66	57.34	60.59	55.92
114	54.81	56.55	57.80	69.71	63.05	62.68	67.78	57.36	62.03	55.88	65.36	67.62	54.78	58.91	60.49	57.36	67.46	57.12	60.28	55.61
115	54.57	56.33	57.58	69.49	62.80	62.47	67.56	57.09	61.54	55.66	65.13	67.40	54.50	58.68	60.38	57.14	67.25	56.90	60.28	55.33
116	54.38	56.17	57.42	69.31	62.63	62.29	67.39	56.76	61.15	55.48	64.98	67.25	54.18	58.48	60.01	56.96	67.07	56.75	60.19	55.02
117	54.11	55.97	57.18	69.06	62.37	62.05	67.14	56.47	60.75	55.28	64.75	67.01	53.85	58.23	59.65	56.70	66.83	56.51	59.96	54.72
118	53.87	55.73	56.98	68.85	62.18	61.82	66.95	56.15	60.56	55.07	64.52	66.83	53.52	57.96	59.31	56.43	66.61	56.32	59.77	54.36
119	53.64	55.50	56.80	68.61	61.92	61.62	66.73	55.93	60.35	54.84	64.29	66.60	53.30	57.74	59.19	56.19	66.41	56.14	59.54	54.18
120	53.50	55.37	56.67	68.49	61.81	61.50	66.60	55.71	60.16	54.72	64.18	66.47	53.07	57.63	59.07	56.05	66.31	56.04	59.41	53.99
121	53.37	55.24	56.56	68.36	61.70	61.37	66.50	55.49	59.96	54.60	64.03	66.38	52.83	57.53	58.95	55.94	66.18	55.92	59.29	53.74
122	53.26	55.08	56.45	68.23	61.59	61.21	66.34	55.29	59.76	54.45	63.91	66.23	52.64	57.42	58.82	55.82	66.07	55.77	59.16	53.54
123	53.14	54.98	56.36	68.15	61.48	61.11	66.24	55.06	59.43	54.36	63.79	66.14	52.37	57.32	58.71	55.72	65.98	55.68	59.05	53.54
124	52.94	54.84	56.20	67.96	61.26	60.88	66.07	55.06	59.15	54.18	63.58	66.00	52.37	57.11	58.55	55.54	65.75	55.47	58.83	53.43
125	52.81	54.70	56.06	67.78	61.09	60.74	65.88	54.95	58.96	54.02	63.40	65.85	52.29	56.95	58.35	55.36	65.56	55.29	58.69	53.29
126	52.70	54.60	55.96	67.67	60.98	60.65	65.76	54.84	58.73	53.92	63.29	65.74	52.20	56.85	58.24	55.26	65.46	55.16	58.59	53.19
127	52.61	54.45	55.85	67.55	60.87	60.50	65.64	54.71	58.50	53.79	63.17	65.59	52.07	56.70	58.11	55.14	65.32	55.04	58.45	53.05
128	52.47	54.32	55.73	67.47	60.76	60.36	65.53	54.59	58.29	53.70	63.08	65.46	51.95	56.60	57.98	55.04	65.22	54.91	58.33	52.96
