1	90.92	81.12	88.20	92.26	86.47	85.70	90.79	95.78	88.01	84.16	88.54	92.20	87.72	91.84	85.12	87.99	88.39	88.49	91.88	77.73
2	90.71	80.92	87.99	92.04	86.27	85.49	90.56	95.56	87.83	83.93	88.34	92.00	87.51	91.62	84.91	87.78	88.18	88.27	91.68	77.50
3	90.49	80.70	87.76	91.83	86.04	85.31	90.37	95.35	87.63	83.72	88.12	91.77	87.28	91.41	84.69	87.57	87.95	88.06	91.47	77.29
4	90.26	80.49	87.54	91.62	85.82	85.13	90.18	95.14	87.43	83.50	87.91	91.56	87.07	91.20	84.46	87.37	87.74	87.88	91.26	77.10
5	90.03	80.31	87.32	91.39	85.63	84.95	89.97	94.94	87.20	83.29	87.70	91.35	86.83	90.99	84.24	87.16	87.54	87.68	91.06	76.88
6	89.70	80.09	87.10	91.18	85.41	84.73	89.74	94.73	87.01	83.10	87.49	91.14	86.63	90.78	84.02	86.80	87.31	87.47	90.85	76.68
7	89.39	79.77	86.78	90.86	85.11	84.39	89.43	94.39	86.69	82.79	87.18	90.80	86.32	90.46	83.70	86.43	86.98	87.14	90.56	76.38
8	89.06	79.43	86.50	90.52	84.79	84.09	89.11	94.05	86.37	82.49	86.83	90.45	86.01	90.14	83.37	86.04	86.67	86.80	90.24	76.09
9	88.75	78.90	86.19	90.20	84.47	83.80	88.74	93.76	86.06	82.20	86.48	90.13	85.67	89.82	83.08	85.81	86.35	86.49	89.94	75.73
10	88.47	78.54	85.87	89.90	84.13	83.46	88.45	93.46	85.78	81.91	86.16	89.80	85.36	89.49	82.76	85.50	86.06	86.20	89.64	75.42
11	88.16	78.17	85.57	89.62	83.84	83.18	88.18	93.17	85.41	81.59	85.88	89.53	85.06	89.21	82.47	85.22	85.77	85.94	89.32	74.99
12	87.77	78.17	85.19	89.26	83.34	82.80	87.78	92.71	84.99	81.18	85.53	89.19	84.70	88.84	81.97	84.88	85.41	85.42	88.95	74.55
13	87.35	77.86	84.86	88.89	83.00	82.46	87.43	92.36	84.58	80.83	85.17	88.85	84.33	88.50	81.54	84.51	85.03	84.99	88.58	74.55
14	87.11	77.51	84.56	88.54	82.65	82.11	87.09	92.05	84.20	80.36	84.83	88.53	83.99	88.09	81.14	84.13	84.69	84.60	88.22	74.25
15	86.82	77.38	84.23	88.21	82.42	81.79	86.77	91.74	83.80	80.11	84.52	88.26	83.64	87.87	80.93	83.85	84.37	84.28	87.91	73.94
16	86.51	77.11	83.89	87.88	82.09	81.48	86.42	91.44	83.40	79.63	84.18	87.94	83.28	87.48	80.61	83.49	84.03	83.95	87.60	73.65
17	86.23	76.90	83.58	87.59	81.76	81.18	86.14	91.24	83.20	79.41	83.86	87.64	82.97	87.26	80.31	83.21	83.70	83.74	87.30	73.33
18	86.03	76.68	83.38	87.38	81.56	80.96	85.91	91.05	82.99	79.02	83.66	87.44	82.77	86.99	80.10	82.99	83.49	83.55	87.09	73.24
19	85.72	76.56	83.07	87.07	81.27	80.62	85.62	90.71	82.67	78.65	83.33	87.12	82.42	86.69	79.81	82.70	83.16	83.24	86.79	73.14
20	85.46	76.31	82.80	86.79	80.99	80.27	85.36	90.40	82.37	78.29	83.03	86.82	82.17	86.42	79.38	82.45	82.86	82.97	86.47	72.95
21	85.16	76.14	82.47	86.50	80.70	79.99	85.07	90.10	82.06	77.97	82.70	86.52	81.76	86.15	79.02	82.13	82.56	82.54	86.17	72.78
22	84.82	75.94	82.19	86.17	80.41	79.65	84.77	89.66	81.76	77.64	82.42	86.13	81.39	85.86	78.68	81.80	82.22	82.23	85.87	72.57
23	84.51	75.76	81.86	85.86	80.10	79.35	84.50	89.35	81.44	77.44	82.08	85.82	81.03	85.64	78.32	81.45	81.90	81.90	85.59	72.36
24	84.17	75.56	81.48	85.49	79.77	79.05	84.18	89.04	81.09	77.12	81.73	85.52	80.83	85.29	77.96	81.11	81.54	81.52	85.25	72.17
25	83.85	75.31	81.17	85.19	79.46	78.74	83.89	88.83	80.79	76.82	81.39	85.19	80.52	85.00	77.60	80.81	81.22	81.31	84.97	71.91
26	83.53	75.11	80.84	84.90	79.11	78.39	83.58	88.51	80.48	76.49	81.07	84.88	80.18	84.70	77.37	80.47	80.89	81.00	84.65	71.70
27	83.26	74.91	80.52	84.62	78.84	78.11	83.30	88.21	80.17	76.16	80.74	84.69	79.88	84.39	76.90	80.19	80.57	80.70	84.34	71.48
28	82.97	74.70	80.23	84.34	78.54	77.77	83.00	87.95	79.75	75.88	80.42	84.32	79.60	84.07	76.69	79.92	80.25	80.39	83.98	71.30
29	82.66	74.51	79.93	84.04	78.25	77.53	82.67	87.63	79.38	75.88	80.12	84.10	79.31	83.78	76.41	79.63	79.93	80.13	83.64	71.15
30	82.34	74.26	79.60	83.73	77.96	77.23	82.36	87.31	79.05	75.75	79.81	83.77	79.02	83.35	76.12	79.31	79.62	79.83	83.36	70.93
31	82.02	74.02	79.31	83.42	77.58	76.79	82.06	87.00	78.66	75.34	79.53	83.50	78.73	83.15	75.83	79.02	79.28	79.55	83.06	70.72
32	81.68	73.83	79.00	83.07	77.28	76.44	81.74	86.67	78.26	75.27	79.19	83.16	78.40	82.81	75.49	78.73	78.96	79.25	82.74	70.54
33	81.35	73.64	78.70	82.73	76.94	76.05	81.42	86.35	78.05	75.05	78.90	82.85	78.07	82.46	75.11	78.41	78.61	78.93	82.48	70.34
34	81.02	73.43	78.39	82.42	76.63	75.67	81.11	86.05	77.76	74.81	78.59	82.54	77.72	82.14	75.11	78.12	78.31	78.64	82.18	70.10
35	80.73	73.24	78.07	82.08	76.29	75.28	80.80	85.73	77.44	74.61	78.27	82.24	77.43	81.80	74.94	77.77	78.01	78.32	81.87	69.88
36	80.43	73.01	77.73	81.71	75.96	74.93	80.48	85.43	77.10	74.36	77.94	81.90	77.09	81.46	74.72	77.43	77.71	77.98	81.51	69.68
37	80.09	72.78	77.43	81.38	75.77	74.70	80.19	85.13	76.79	74.16	77.57	81.60	76.74	81.11	74.48	77.12	77.34	77.66	81.19	69.43
38	79.90	72.57	77.21	81.15	75.56	74.48	79.99	84.92	76.58	73.94	77.34	81.37	76.52	80.90	74.23	76.76	77.12	77.29	80.98	69.19
39	79.58	72.46	76.89	80.90	75.21	74.19	79.70	84.63	76.25	73.80	77.04	80.93	76.18	80.58	74.10	76.55	76.79	77.10	80.70	69.05
40	79.32	72.29	76.59	80.52	74.90	73.86	79.40	84.30	75.93	73.61	76.74	80.71	75.86	80.26	73.71	76.06	76.50	76.69	80.38	68.83
41	79.00	72.09	76.28	80.25	74.60	73.52	79.06	84.00	75.63	73.37	76.40	80.41	75.54	79.95	73.62	75.84	76.15	76.33	80.07	68.63
42	78.74	71.87	75.99	79.96	74.33	73.24	78.75	83.72	75.36	73.14	76.13	80.13	75.27	79.66	73.39	75.55	75.89	75.97	79.77	68.42
43	78.38	71.68	75.67	79.66	74.01	72.93	78.48	83.43	75.07	72.97	75.79	79.83	74.94	79.37	73.23	75.20	75.55	75.59	79.43	68.24
44	78.08	71.43	75.35	79.33	73.70	72.61	78.16	83.13	74.72	72.78	75.49	79.53	74.57	79.02	73.01	74.92	75.22	75.23	79.12	67.98
45	77.75	71.23	75.05	79.01	73.37	72.32	77.82	82.79	74.38	72.55	75.18	79.21	74.25	78.69	72.80	74.61	74.88	74.85	78.78	67.78
46	77.42	71.01	74.71	78.78	73.05	72.01	77.48	82.48	74.08	72.38	74.84	78.90	73.94	78.38	72.59	74.24	74.58	74.63	78.43	67.56
47	77.21	70.75	74.51	78.57	72.81	71.78	77.27	82.28	73.84	72.18	74.60	78.70	73.69	78.15	72.37	74.05	74.36	74.42	78.22	67.33
48	76.98	70.66	74.29	78.35	72.57	71.57	77.05	82.09	73.60	72.06	74.40	78.48	73.47	77.95	72.23	73.84	74.13	74.19	78.02	67.20
49	76.76	70.56	74.07	78.16	72.37	71.36	76.85	81.91	73.39	71.95	74.19	78.28	73.27	77.74	72.13	73.63	73.92	74.00	77.81	67.07
50	76.56	70.46	73.88	77.96	72.18	71.16	76.63	81.70	73.16	71.85	74.00	78.07	73.05	77.52	72.02	73.41	73.72	73.78	77.60	66.99
51	76.36	70.36	73.67	77.74	71.97	70.96	76.44	81.52	72.94	71.75	73.78	77.84	72.85	77.30	71.92	73.19	73.48	73.57	77.39	66.86
52	76.15	70.25	73.42	77.50	71.74	70.71	76.21	81.30	72.73	71.64	73.55	77.61	72.62	77.07	71.82	72.95	73.28	73.35	77.19	66.73
53	75.95	70.11	73.22	77.27	71.54	70.52	76.02	81.08	72.53	71.48	73.35	77.38	72.41	76.86	71.71	72.72	73.09	73.14	76.98	66.58
54	75.73	69.99	72.96	77.04	71.31	70.29	75.79	80.86	72.30	71.37	73.13	77.14	72.20	76.65	71.59	72.55	72.82	72.92	76.78	66.47
55	75.52	69.86	72.77	76.83	71.10	70.07	75.59	80.65	72.09	71.22	72.92	76.94	71.99	76.44	71.48	72.35	72.62	72.72	76.59	66.32
56	75.26	69.76	72.53	76.60	70.86	69.84	75.34	80.42	71.89	71.12	72.68	76.70	71.76	76.23	71.37	72.09	72.40	72.48	76.33	66.21
57	75.02	69.63	72.31	76.42	70.65	69.65	75.11	80.21	71.69	71.01	72.47	76.49	71.53	76.04	71.20	71.87	72.23	72.26	76.11	66.09
58	74.74	69.52	72.04	76.14	70.39	69.65	74.86	79.93	71.45	70.90	72.19	76.23	71.25	75.77	71.07	71.61	71.99	71.99	75.85	65.99
59	74.53	69.41	71.82	75.91	70.17	69.56	74.64	79.72	71.26	70.75	71.99	76.01	71.07	75.55	70.93	71.40	71.78	71.76	75.63	65.84
60	74.34	69.29	71.65	75.72	69.98	69.44	74.43	79.52	71.05	70.62	71.79	75.81	70.88	75.36	70.80	71.21	71.58	71.56	75.44	65.73
61	74.14	69.20	71.42	75.49	69.75	69.33	74.22	79.27	70.87	70.53	71.60	75.61	70.68	75.12	70.70	71.02	71.38	71.33	75.25	65.64
62	73.93	69.09	71.20	75.28	69.55	69.18	74.00	79.07	70.67	70.42	71.40	75.43	70.48	74.89	70.57	70.81	71.17	71.11	75.05	65.53
63	73.72	68.98	71.00	74.98	69.34	69.08	73.81	78.87	70.46	70.32	71.20	75.25	70.25	74.70	70.44	70.60	70.95	70.90	74.73	65.40
64	73.41	68.88	70.67	74.70	69.04	68.97	73.47	78.50	70.13	70.20	70.88	74.97	69.92	74.37	70.33	70.15	70.62	70.58	74.39	65.32
65	73.07	68.65	70.35	74.50	68.72	68.78	73.15	78.28	69.81	70.00	70.56	74.64	69.58	74.06	70.15	69.93	70.30	70.24	74.20	65.12
66	72.89	68.44	70.18	74.15	68.52	68.57	72.97	78.09	69.61	69.77	70.34	74.44	69.38	73.87	69.93	69.73	70.09	70.04	73.84	64.88
68	72.53	68.33	69.86	73.94	68.22	68.45	72.63	77.80	69.29	69.65	70.01	74.12	69.09	73.87	69.84	69.40	69.74	69.72	73.64	64.78
69	72.33	68.06	69.63	73.72	67.99	68.21	72.41	77.62	69.06	69.42	69.79	73.92	68.88	73.71	69.56	69.20	69.50	69.50	73.42	64.53
70	72.14	67.95	69.43	73.51	67.79	68.09	72.20	77.43	68.85	69.30	69.57	73.70	68.70	73.58	69.45	69.00	69.28	69.28	73.20	64.39
71	71.95	67.85	69.21	73.29	67.59	67.97	72.00	77.14	68.46	69.19	69.35	73.48	68.49	73.48	69.35	68.79	69.09	69.05	73.00	64.27
72	71.65	67.74	68.89	73.06	67.27	67.88	71.67	76.94	68.24	69.11	69.07	73.17	68.16	73.35	69.23	68.52	68.81	68.74	72.71	64.16
73	71.43	67.53	68.70	72.85	67.06	67.70	71.46	76.72	68.04	68.90	68.87	72.96	67.93	73.19	69.03	68.31	68.62	68.53	72.50	64.00
74	71.23	67.41	68.48	72.66	66.88	67.59	71.28	76.51	67.84	68.80	68.69	72.75	67.71	73.06	68.92	68.12	68.41	68.33	72.31	63.90
75	70.95	67.31	68.20	72.39	66.62	67.49	71.00	76.16	67.41	68.71	68.40	72.46	67.42	72.94	68.81	67.83	68.12	68.08	72.31	63.80
76	70.63	67.18	67.89	72.11	66.27	67.35	70.72	75.82	67.06	68.52	68.10	72.12	67.10	72.74	68.67	67.51	67.82	67.78	72.20	63.61
77	70.27	66.98	67.55	71.81	65.98	67.14	70.38	75.50	66.69	68.26	67.77	71.84	66.76	72.53	68.45	67.20	67.49	67.45	72.00	63.44
78	69.92	66.78	67.20	71.54	65.66	66.91	70.01	75.31	66.52	68.06	67.46	71.49	66.46	72.34	68.29	66.87	67.19	67.09	71.78	63.21
79	69.72	66.54	67.01	71.33	65.45	66.70	69.79	75.10	66.32	67.80	67.26	71.27	66.27	72.09	68.08	66.67	66.97	66.88	71.58	63.05
80	69.51	66.45	66.80	71.10	65.27	66.64	69.60	74.91	66.10	67.71	67.03	71.07	66.08	71.98	67.98	66.45	66.75	66.65	71.47	62.95
81	69.30	66.33	66.58	70.91	65.07	66.56	69.39	74.69	65.89	67.59	66.85	70.86	65.89	71.85	67.87	66.23	66.54	66.43	71.35	62.86
82	69.10	66.25	66.40	70.51	64.76	66.46	69.15	74.50	65.70	67.47	66.66	70.54	65.68	71.77	67.75	66.01	66.31	66.19	71.24	62.75
83	68.79	66.11	66.07	70.18	64.54	66.37	68.82	74.20	65.37	67.38	66.33	70.33	65.35	71.48	67.62	65.70	65.98	65.87	71.14	62.65
84	68.48	65.90	65.73	69.84	64.27	66.19	68.53	73.93	65.07	67.20	66.01	70.01	65.07	71.16	67.38	65.40	65.66	65.56	70.95	62.44
85	68.20	65.71	65.46	69.63	63.96	65.97	68.27	73.62	64.80	67.02	65.70	69.69	64.80	70.86	67.18	65.14	65.37	65.28	70.77	62.24
86	67.97	65.49	65.26	69.42	63.75	65.73	68.06	73.43	64.59	66.86	65.49	69.51	64.58	70.77	67.00	64.93	65.18	65.06	70.56	62.06
87	67.77	65.42	65.06	69.22	63.55	65.65	67.86	73.23	64.39	66.76	65.29	69.31	64.36	70.67	66.88	64.73	64.97	64.88	70.48	61.97
88	67.56	65.31	64.87	69.01	63.32	65.56	67.67	73.00	64.17	66.67	65.04	69.12	64.16	70.56	66.77	64.51	64.77	64.68	70.38	61.87
89	67.32	65.18	64.65	68.80	62.95	65.42	67.44	72.79	63.93	66.58	64.82	68.82	63.94	70.43	66.64	64.27	64.56	64.46	70.26	61.72
90	67.00	65.07	64.38	68.51	62.72	65.30	67.11	72.49	63.64	66.45	64.54	68.62	63.65	70.29	66.54	63.99	64.29	64.19	70.14	61.61
91	66.73	64.91	64.11	68.24	62.47	65.12	66.85	72.49	63.38	66.23	64.28	68.37	63.40	70.11	66.32	63.72	64.29	63.94	69.91	61.40
92	66.52	64.74	63.91	68.06	62.26	64.97	66.64	72.40	63.15	66.07	64.05	68.16	63.19	69.98	66.16	63.50	64.21	63.71	69.76	61.27
93	66.24	64.61	63.66	68.06	61.82	64.85	66.36	72.30	62.89	65.97	63.77	68.16	62.92	69.86	66.05	63.23	64.10	63.43	69.65	61.14
94	65.93	64.43	63.32	67.94	61.41	64.69	66.04	72.15	62.61	65.78	63.42	67.81	62.61	69.68	65.86	62.86	63.93	63.11	69.47	60.95
95	65.64	64.19	62.92	67.71	61.03	64.50	65.72	71.96	62.32	65.55	63.12	67.50	62.25	69.47	65.71	62.41	63.71	62.75	69.24	60.71
96	65.38	64.01	62.59	67.49	60.80	64.27	65.44	71.77	62.01	65.34	62.78	67.19	61.96	69.24	65.50	62.02	63.52	62.45	69.01	60.47
97	65.06	63.79	62.31	67.24	60.48	64.07	65.15	71.58	61.68	65.12	62.49	67.08	61.67	69.05	65.30	61.68	63.32	62.16	68.81	60.27
98	64.76	63.61	62.01	67.06	60.19	63.87	64.84	71.36	61.37	64.93	62.13	66.91	61.36	68.84	65.07	61.34	63.15	61.88	68.59	60.04
99	64.45	63.45	61.69	66.86	59.89	63.67	64.56	71.14	61.10	64.72	61.82	66.68	61.09	68.62	64.84	60.96	62.96	61.59	68.40	59.84
100	64.09	63.24	61.45	66.68	59.56	63.44	64.19	70.94	60.75	64.49	61.46	66.45	60.82	68.43	64.66	60.75	62.77	61.25	68.17	59.67
101	63.88	63.02	61.21	66.49	59.35	63.21	64.00	70.72	60.53	64.25	61.27	66.22	60.62	68.24	64.43	60.56	62.54	61.03	67.99	59.42
102	63.69	62.90	60.98	66.37	59.14	63.08	63.78	70.61	60.31	64.15	61.05	66.09	60.40	68.13	64.34	60.35	62.43	60.84	67.88	59.29
103	63.49	62.79	60.76	66.26	58.92	62.98	63.58	70.50	60.09	64.04	60.83	65.98	60.18	68.02	64.22	60.14	62.30	60.62	67.77	59.16
104	63.23	62.69	60.49	66.16	58.66	62.86	63.30	70.40	59.85	63.93	60.57	65.87	59.92	67.91	64.11	59.88	62.20	60.62	67.66	59.05
105	62.97	62.55	60.20	65.99	58.37	62.73	63.30	70.25	59.55	63.79	60.28	65.69	59.92	67.72	63.96	59.57	62.04	60.53	67.51	58.90
106	62.76	62.39	59.99	65.80	58.18	62.59	63.18	70.06	59.34	63.61	60.07	65.51	59.80	67.52	63.79	59.35	61.83	60.35	67.32	58.73
107	62.53	62.27	59.74	65.69	57.93	62.49	63.07	69.95	59.10	63.53	59.87	65.41	59.69	67.42	63.69	58.91	61.72	60.26	67.22	58.63
108	62.25	62.18	59.48	65.59	57.63	62.38	62.97	69.81	58.83	63.38	59.87	65.26	59.35	67.31	63.57	58.56	61.58	60.17	67.09	58.51
109	61.92	61.97	59.20	65.42	57.28	62.17	62.78	69.59	58.48	63.21	59.72	65.07	59.03	67.12	63.38	58.22	61.38	59.92	66.90	58.29
110	61.59	61.79	58.90	65.26	57.00	61.91	62.63	69.45	58.17	63.01	59.54	64.84	58.72	66.89	63.22	57.87	61.15	59.67	66.71	58.07
111	61.27	61.62	58.60	65.08	56.76	61.71	62.45	69.25	57.90	62.81	59.35	64.65	58.39	66.67	63.01	57.65	60.95	59.45	66.49	57.85
112	61.27	61.46	58.33	64.89	56.47	61.52	62.24	69.04	57.62	62.58	59.16	64.41	58.31	66.48	62.79	57.25	60.73	59.26	66.29	57.61
113	61.15	61.27	57.99	64.71	56.17	61.39	62.03	68.86	57.31	62.46	58.98	64.26	57.93	66.27	62.64	57.02	60.54	59.08	66.12	57.46
114	60.91	61.04	57.77	64.48	55.96	61.17	61.80	68.67	57.09	62.21	58.76	63.99	57.84	66.07	62.39	56.79	60.31	58.90	65.89	57.21
115	60.79	60.92	57.55	64.35	55.76	61.04	61.69	68.57	56.87	62.13	58.63	63.89	57.73	65.93	62.30	56.56	60.18	58.77	65.78	57.12
116	60.68	60.84	57.33	64.23	55.56	60.93	61.57	68.43	56.70	61.99	58.49	63.78	57.60	65.80	62.19	56.38	60.06	58.68	65.68	57.02
117	60.57	60.76	57.10	64.11	55.37	60.81	61.44	68.34	56.47	61.90	58.40	63.69	57.49	65.72	62.08	56.16	59.94	58.59	65.59	56.92
118	60.45	60.62	56.91	63.98	55.15	60.68	61.31	68.23	56.26	61.77	58.30	63.58	57.37	65.60	61.98	55.97	59.83	58.46	65.50	56.78
119	60.34	60.50	56.69	63.90	54.94	60.59	61.22	68.13	56.03	61.65	58.19	63.48	57.26	65.50	61.89	55.76	59.71	58.35	65.40	56.69
120	60.25	60.37	56.48	63.77	54.73	60.47	61.09	68.02	55.85	61.52	58.11	63.35	57.15	65.37	61.79	55.56	59.60	58.26	65.28	56.57
121	60.12	60.26	56.21	63.65	54.46	60.37	60.97	67.94	55.85	61.41	57.98	63.24	57.03	65.27	61.71	55.30	59.50	58.14	65.17	56.45
122	59.93	60.13	55.98	63.50	54.24	60.20	60.84	67.77	55.74	61.25	57.83	63.09	56.84	65.07	61.54	55.05	59.34	57.96	65.01	56.26
123	59.80	59.97	55.74	63.38	53.98	60.11	60.73	67.63	55.61	61.14	57.70	62.98	56.74	64.94	61.41	54.83	59.22	57.84	64.88	56.14
124	59.64	59.87	55.42	63.24	53.98	59.95	60.59	67.49	55.45	61.01	57.54	62.86	56.58	64.76	61.27	54.83	59.05	57.73	64.73	56.00
125	59.44	59.71	55.19	63.03	53.86	59.76	60.39	67.33	55.26	60.82	57.33	62.71	56.41	64.53	61.08	54.71	58.83	57.52	64.57	55.84
126	59.31	59.60	54.94	62.91	53.76	59.62	60.25	67.22	55.13	60.72	57.18	62.60	56.27	64.44	60.95	54.59	58.72	57.39	64.44	55.72
127	59.22	59.51	54.74	62.81	53.66	59.50	60.13	67.11	55.06	60.63	57.07	62.50	56.19	64.35	60.85	54.46	58.60	57.25	64.32	55.64
128	59.10	59.42	54.53	62.70	53.56	59.38	60.03	67.01	54.95	60.51	56.96	62.40	56.07	64.23	60.75	54.35	58.49	57.17	64.22	55.54
129	59.00	59.31	54.30	62.57	53.43	59.26	59.95	66.89	54.84	60.39	56.84	62.29	55.97	64.12	60.64	54.24	58.40	57.08	64.11	55.43
130	58.90	59.20	54.06	62.47	53.31	59.17	59.84	66.77	54.72	60.29	56.73	62.17	55.87	64.03	60.52	54.13	58.28	56.98	64.00	55.32
