1	77.98	78.22	95.24	70.54	94.73	77.72	75.84	90.97	93.08	97.14	77.71	97.19	77.75	90.93	76.98	92.29	86.61	84.64	87.83	89.92
2	77.77	78.02	95.04	70.33	94.52	77.51	75.64	90.76	92.87	96.93	77.51	97.00	77.54	90.72	76.78	92.10	86.39	84.41	87.64	89.72
3	77.54	77.81	94.83	70.14	94.33	77.33	75.42	90.58	92.66	96.74	77.29	96.81	77.34	90.49	76.58	91.92	86.20	84.21	87.47	89.50
4	77.35	77.64	94.59	69.93	94.12	77.14	75.21	90.37	92.45	96.54	77.09	96.62	77.13	90.30	76.38	91.71	86.00	83.99	87.26	89.30
5	77.14	77.45	94.35	69.72	93.90	76.78	75.02	90.17	92.24	96.34	76.89	96.32	76.94	90.10	76.20	91.49	85.77	83.77	87.06	89.10
6	76.82	77.13	94.06	69.44	93.59	76.58	74.71	89.83	91.97	96.04	76.56	96.08	76.63	89.77	75.89	91.20	85.45	83.46	86.74	88.79
7	76.57	76.92	93.81	69.22	93.39	76.37	74.49	89.61	91.73	95.82	76.36	95.85	76.38	89.54	75.66	90.96	85.22	83.22	86.51	88.55
8	76.33	76.72	93.61	68.85	93.19	76.15	74.28	89.40	91.52	95.58	76.12	95.64	76.20	89.32	75.45	90.62	85.01	82.99	86.29	88.33
9	76.00	76.45	93.28	68.51	92.83	75.79	73.99	89.07	91.18	95.26	75.79	95.30	75.88	89.02	75.14	90.29	84.71	82.68	86.02	88.04
10	75.69	76.16	93.01	68.14	92.44	75.31	73.68	88.67	90.87	94.95	75.48	95.00	75.41	88.74	74.84	90.01	84.40	82.37	85.72	87.74
11	75.34	75.80	92.65	68.14	92.14	74.93	73.31	88.38	90.49	94.55	75.08	94.66	74.95	88.34	74.45	89.55	84.00	81.96	85.29	87.32
12	75.00	75.46	92.34	67.81	91.84	74.58	72.97	88.08	90.20	94.24	74.66	94.35	74.61	87.94	74.11	89.17	83.70	81.50	84.97	86.94
13	74.68	75.18	92.04	67.49	91.54	74.25	72.65	87.85	89.86	93.96	74.27	94.02	74.39	87.63	73.60	88.84	83.42	81.14	84.66	86.63
14	74.21	74.86	91.72	67.15	91.25	73.89	72.36	87.47	89.54	93.63	73.96	93.72	73.90	87.41	73.21	88.54	83.10	80.89	84.33	86.33
15	73.99	74.54	91.38	66.83	91.01	73.66	72.02	87.26	89.24	93.29	73.60	93.39	73.70	87.07	72.86	88.20	82.80	80.57	84.01	86.02
16	73.52	74.19	91.04	66.53	90.72	73.35	71.71	86.90	88.91	92.96	73.39	93.07	73.36	86.76	72.48	87.86	82.50	80.29	83.71	85.80
17	73.17	73.89	90.77	66.24	90.39	73.08	71.40	86.59	88.62	92.69	73.05	92.75	73.06	86.45	72.09	87.52	82.17	79.94	83.37	85.48
18	72.75	73.59	90.41	65.92	90.03	72.78	71.08	86.27	88.27	92.33	72.52	92.43	72.71	86.07	71.67	87.17	81.81	79.58	83.02	85.03
19	72.36	73.26	90.05	65.58	89.69	72.42	70.75	85.93	87.89	91.97	72.26	92.06	72.39	85.69	71.24	86.83	81.42	79.23	82.67	84.78
20	72.02	72.91	89.70	65.27	89.29	72.11	70.47	85.61	87.56	91.61	71.95	91.75	72.09	85.34	70.85	86.53	81.08	78.94	82.34	84.43
21	71.62	72.60	89.36	64.98	88.96	71.77	70.16	85.31	87.15	91.29	71.62	91.43	71.79	85.01	70.66	86.15	80.75	78.60	82.01	84.10
22	71.39	72.25	89.04	64.69	88.76	71.42	69.87	84.99	86.88	90.96	71.28	91.11	71.52	84.65	70.33	85.74	80.42	78.27	81.70	83.76
23	71.06	71.91	88.70	64.35	88.44	71.11	69.56	84.60	86.55	90.61	70.90	90.78	71.18	84.30	69.99	85.36	80.07	77.92	81.40	83.38
24	70.73	71.60	88.38	64.04	88.12	70.80	69.23	84.30	86.22	90.32	70.38	90.45	70.90	83.97	69.70	85.04	79.77	77.60	81.10	83.12
25	70.41	71.26	88.05	63.68	87.80	70.49	68.91	83.96	85.92	90.00	70.17	90.17	70.57	83.66	69.38	84.82	79.44	77.29	80.80	82.78
26	70.09	70.97	87.75	63.57	87.48	70.20	68.60	83.60	85.63	89.70	69.85	89.81	70.26	83.35	69.10	84.49	79.12	76.95	80.51	82.45
27	69.74	70.70	87.46	63.32	87.15	69.87	68.30	83.27	85.43	89.39	69.36	89.46	69.94	83.04	68.77	84.15	78.80	76.64	80.20	82.15
28	69.26	70.36	87.15	63.12	86.82	69.54	67.99	82.91	85.04	89.10	69.14	89.06	69.61	82.64	68.26	83.72	78.49	76.33	79.86	81.82
29	68.89	70.03	86.79	62.91	86.52	69.22	67.61	82.68	84.79	88.74	68.79	88.73	69.24	82.35	68.03	83.31	78.13	75.99	79.48	81.48
30	68.52	69.71	86.45	62.65	86.20	68.92	67.32	82.33	84.44	88.41	68.49	88.45	68.91	82.07	67.71	82.97	77.81	75.65	79.17	81.14
31	68.33	69.40	86.14	62.43	85.92	68.61	67.05	82.05	84.14	88.12	68.18	88.15	68.60	81.85	67.42	82.53	77.52	75.32	78.89	80.84
32	68.04	69.11	85.89	62.22	85.62	68.29	66.76	81.77	83.82	87.80	67.85	87.83	68.26	81.52	67.14	82.19	77.20	75.01	78.60	80.51
33	67.69	68.75	85.59	61.97	85.32	68.02	66.42	81.46	83.50	87.49	67.56	87.53	67.94	81.16	66.85	81.82	76.86	74.64	78.28	80.21
34	67.37	68.43	85.29	61.78	85.02	67.71	66.16	81.16	83.22	87.19	67.23	87.32	67.63	80.86	66.53	81.64	76.52	74.31	77.97	79.89
35	67.15	68.23	85.09	61.56	84.82	67.48	65.92	80.93	83.05	86.99	67.00	86.97	67.42	80.66	66.15	81.30	76.19	74.10	77.76	79.66
36	66.84	67.89	84.79	61.44	84.51	67.14	65.63	80.65	82.71	86.67	66.69	86.75	67.10	80.35	65.78	81.07	75.94	73.84	77.44	79.33
37	66.54	67.56	84.50	61.25	84.24	66.88	65.35	80.37	82.40	86.37	66.24	86.46	66.79	79.98	65.43	80.73	75.63	73.50	77.11	79.06
38	66.19	67.21	84.19	61.06	83.94	66.53	65.35	80.06	82.09	86.02	65.91	86.17	66.49	79.65	65.07	80.45	75.35	73.16	76.77	78.72
39	65.86	66.83	83.80	60.86	83.54	66.21	65.18	79.65	81.74	85.69	65.49	85.83	66.19	79.25	65.07	80.11	74.96	72.82	76.40	78.41
40	65.53	66.54	83.48	60.53	83.24	65.88	64.97	79.30	81.43	85.31	65.28	85.50	65.86	79.03	64.74	79.66	74.56	72.33	76.07	78.09
41	65.19	66.23	83.21	60.29	82.93	65.55	64.74	79.01	81.10	85.11	64.99	85.19	65.51	78.72	64.41	79.48	74.18	72.09	75.77	77.76
42	65.19	65.94	82.91	60.04	82.62	65.23	64.51	78.69	80.83	84.80	64.67	84.88	65.21	78.38	64.07	79.17	73.79	71.79	75.44	77.48
43	65.05	65.59	82.59	59.80	82.27	64.89	64.33	78.31	80.51	84.44	64.31	84.55	64.87	78.02	63.74	78.83	73.37	71.46	75.07	77.12
44	64.81	65.27	82.26	59.50	81.92	64.54	64.10	78.02	80.20	84.12	63.95	84.21	64.54	77.64	63.33	78.49	72.98	71.13	74.73	76.79
45	64.56	64.96	81.94	59.24	81.62	64.20	63.87	77.69	79.86	83.82	63.64	83.91	64.18	77.31	62.98	78.19	72.77	70.83	74.38	76.44
46	64.31	64.76	81.71	59.04	81.43	64.00	63.65	77.47	79.63	83.54	63.44	83.70	63.79	77.07	62.90	77.99	72.58	70.51	74.14	76.23
47	64.16	64.43	81.38	58.95	81.10	63.67	63.55	77.18	79.34	83.33	63.11	83.36	63.44	76.76	62.78	77.68	72.22	70.20	73.75	75.94
48	63.92	64.43	81.09	58.72	80.80	63.40	63.33	76.87	79.05	82.93	62.82	83.09	63.07	76.46	62.55	77.37	71.90	69.93	73.44	75.62
49	63.71	64.30	80.79	58.52	80.47	63.12	63.14	76.62	78.57	82.72	62.52	82.79	62.69	76.14	62.35	77.09	71.62	69.61	73.14	75.32
50	63.51	64.11	80.45	58.31	80.17	62.78	63.00	76.30	78.23	82.31	62.18	82.48	62.29	75.79	62.15	76.81	71.29	69.33	72.81	75.03
51	63.27	63.91	80.11	58.10	79.98	62.46	62.76	75.96	78.04	82.01	61.86	82.16	61.96	75.31	61.93	76.49	70.99	69.07	72.47	74.74
52	63.05	63.46	79.78	57.86	79.67	62.46	62.58	75.64	77.74	81.69	61.50	81.86	61.56	74.91	61.69	76.15	70.65	68.78	72.16	74.38
53	62.79	63.15	79.44	57.64	79.38	62.30	62.33	75.36	77.41	81.40	61.18	81.58	61.32	74.51	61.49	75.78	70.18	68.41	71.80	73.97
54	62.59	62.82	79.02	57.39	79.06	62.14	62.09	75.03	77.08	81.17	60.85	81.22	61.02	74.15	61.30	75.46	69.79	68.14	71.34	73.68
55	62.34	62.52	78.75	57.16	78.75	61.89	61.86	74.71	76.75	80.89	60.54	80.83	60.72	73.73	61.08	75.14	69.59	67.83	70.98	73.35
56	62.12	62.24	78.42	56.96	78.44	61.66	61.66	74.38	76.42	80.61	60.24	80.59	60.42	73.35	60.85	74.80	69.29	67.52	70.64	73.14
57	61.91	61.97	78.19	56.76	78.11	61.42	61.43	74.04	76.10	80.30	59.91	80.34	60.14	72.96	60.62	74.48	68.94	67.23	70.41	72.83
58	61.70	61.62	77.85	56.52	77.77	61.19	61.27	73.63	75.81	79.93	59.58	79.99	59.78	72.60	60.43	74.19	68.44	66.89	70.09	72.50
59	61.47	61.30	77.47	56.31	77.46	60.96	61.04	73.29	75.36	79.66	59.27	79.69	59.47	72.39	60.18	73.82	68.06	66.61	69.77	72.18
60	61.23	61.16	77.18	56.11	76.94	60.70	60.75	73.01	75.11	79.35	58.96	79.32	59.12	72.09	59.97	73.53	67.68	66.30	69.44	71.93
61	60.97	60.70	76.88	55.87	76.74	60.47	60.54	72.64	74.84	79.02	58.60	78.99	58.81	71.74	59.78	73.26	67.47	65.99	69.15	71.58
62	60.75	60.59	76.57	55.64	76.41	60.22	60.36	72.43	74.48	78.64	58.14	78.69	58.50	71.44	59.55	72.93	67.20	65.69	68.85	71.26
63	60.55	60.40	76.24	55.41	76.11	60.00	60.13	72.12	74.12	78.34	57.76	78.40	58.17	71.14	59.34	72.66	66.87	65.34	68.50	70.98
64	60.33	60.18	75.90	55.19	75.79	59.78	59.92	71.78	73.90	78.13	57.56	78.15	57.83	70.82	59.15	72.36	66.56	65.02	68.17	70.68
65	60.08	59.99	75.71	55.02	75.59	59.56	59.67	71.59	73.70	77.94	57.37	77.95	57.63	70.52	58.95	72.15	66.19	64.83	67.96	70.49
66	59.98	59.87	75.40	54.91	75.26	59.43	59.56	71.29	73.41	77.62	57.04	77.64	57.32	70.22	58.85	71.81	65.81	64.52	67.65	70.19
67	59.76	59.63	75.08	54.67	74.94	59.21	59.34	70.99	73.11	77.24	56.72	77.30	56.98	70.01	58.60	71.46	65.62	64.17	67.36	69.90
68	59.53	59.38	74.89	54.46	74.74	58.99	59.14	70.79	72.90	77.05	56.50	77.10	56.78	69.79	58.38	71.26	65.43	63.97	67.14	69.71
69	59.43	59.27	74.65	54.36	74.52	58.87	59.03	70.57	72.67	76.80	56.29	76.86	56.56	69.58	58.26	71.00	65.21	63.72	66.94	69.46
70	59.31	59.15	74.45	54.24	74.31	58.76	58.91	70.38	72.46	76.59	56.09	76.66	56.36	69.37	58.12	70.77	65.00	63.51	66.72	69.26
71	59.20	59.06	74.24	54.13	74.10	58.64	58.79	70.19	72.25	76.39	55.88	76.44	56.16	69.15	57.98	70.54	64.80	63.28	66.51	69.05
72	59.10	58.97	74.05	54.01	73.87	58.52	58.71	69.97	72.04	76.19	55.69	76.24	55.95	68.93	57.86	70.34	64.59	63.09	66.31	68.84
73	58.98	58.86	73.83	53.89	73.66	58.41	58.61	69.64	71.84	75.95	55.46	76.01	55.74	68.55	57.75	70.11	64.38	62.85	66.10	68.62
74	58.85	58.76	73.49	53.79	73.37	58.29	58.50	69.30	71.47	75.63	55.19	75.65	55.42	68.34	57.64	69.77	64.14	62.53	65.80	68.33
75	58.65	58.53	73.20	53.64	73.05	58.08	58.30	68.98	71.25	75.30	54.88	75.35	55.10	67.83	57.43	69.48	63.88	62.23	65.52	67.99
76	58.43	58.30	72.90	53.46	72.74	57.86	58.12	68.62	70.89	74.98	54.57	75.07	54.77	67.64	57.20	69.18	63.59	61.92	65.21	67.66
77	58.21	58.08	72.61	53.27	72.44	57.64	57.92	68.32	70.66	74.66	54.25	74.76	54.46	67.14	56.99	68.87	63.30	61.61	64.86	67.32
78	57.97	57.88	72.61	53.05	72.13	57.46	57.70	67.94	70.25	74.31	53.90	74.45	54.12	66.76	56.76	68.55	62.95	61.26	64.52	66.98
79	57.74	57.58	72.49	52.79	71.78	57.21	57.42	67.59	69.94	73.89	53.63	74.13	53.80	66.56	56.57	68.22	62.45	60.90	64.17	66.70
80	57.49	57.34	72.31	52.60	71.46	56.97	57.20	67.27	69.70	73.62	53.29	73.82	53.51	66.07	56.39	67.90	62.08	60.58	63.83	66.41
81	57.30	57.13	72.11	52.38	71.12	56.73	56.98	66.91	69.27	73.32	53.01	73.58	53.20	65.71	56.15	67.61	61.74	60.27	63.51	66.13
82	57.10	56.90	71.93	52.16	70.77	56.52	56.78	66.63	68.96	73.02	52.69	73.26	52.88	65.33	55.97	67.31	61.35	59.93	63.21	65.80
83	56.84	56.66	71.72	51.91	70.40	56.28	56.55	66.24	68.63	72.78	52.37	72.95	52.55	65.07	55.76	66.95	61.14	59.59	62.87	65.51
84	56.61	56.42	71.47	51.68	70.40	56.04	56.31	66.04	68.42	72.48	52.05	72.63	52.25	64.74	55.51	66.63	60.82	59.29	62.57	65.19
85	56.42	56.22	71.26	51.47	70.25	55.82	56.11	65.83	68.20	72.25	51.85	72.42	52.05	64.52	55.32	66.41	60.59	59.07	62.36	64.97
86	56.30	56.12	71.14	51.36	70.16	55.70	56.00	65.55	67.93	72.25	51.60	72.14	51.79	64.24	55.20	66.14	60.32	58.80	62.12	64.70
87	56.11	55.98	70.95	51.19	70.00	55.52	55.83	65.33	67.70	72.18	51.24	71.91	51.58	64.01	55.02	65.88	60.08	58.49	61.89	64.47
88	56.00	55.87	70.84	51.04	69.87	55.38	55.73	65.04	67.40	72.07	50.90	71.61	51.27	63.71	54.90	65.59	59.79	58.21	61.57	64.20
89	55.81	55.63	70.62	50.81	69.64	55.17	55.52	64.71	67.07	71.86	50.50	71.27	50.95	63.40	54.68	65.29	59.47	57.88	61.24	63.88
90	55.63	55.43	70.37	50.57	69.45	54.95	55.31	64.46	66.78	71.66	50.15	70.99	50.66	63.10	54.48	64.96	59.19	57.56	60.96	63.58
91	55.41	55.25	70.16	50.37	69.28	54.75	55.15	64.17	66.49	71.47	49.93	70.69	50.37	62.81	54.31	64.67	58.87	57.36	60.65	63.31
92	55.24	55.04	69.96	50.19	69.05	54.54	54.94	63.96	66.28	71.27	49.71	70.49	50.17	62.61	54.07	64.44	58.64	57.15	60.44	63.12
93	55.13	54.93	69.84	50.09	68.94	54.44	54.84	63.74	66.08	71.17	49.51	70.32	49.98	62.38	53.95	64.25	58.44	56.97	60.24	62.88
94	55.03	54.84	69.74	50.00	68.82	54.34	54.74	63.54	65.89	71.07	49.31	70.12	49.78	62.19	53.86	64.05	58.22	56.77	60.04	62.66
95	54.93	54.73	69.66	49.89	68.73	54.23	54.64	63.33	65.71	70.97	49.11	69.93	49.55	61.97	53.77	63.84	58.02	56.57	59.80	62.49
96	54.83	54.63	69.58	49.76	68.64	54.12	54.55	63.13	65.51	70.88	48.86	69.72	49.35	61.76	53.69	63.63	57.80	56.34	59.60	62.29
97	54.74	54.52	69.45	49.66	68.51	54.03	54.43	62.93	65.34	70.76	48.65	69.53	49.15	61.53	53.56	63.44	57.60	56.12	59.41	62.09
98	54.65	54.43	69.34	49.56	68.41	53.91	54.31	62.70	65.14	70.65	48.46	69.31	48.94	61.31	53.44	63.22	57.38	55.91	59.18	61.88
99	54.54	54.30	69.22	49.45	68.30	53.81	54.20	62.48	64.91	70.55	48.22	69.11	48.73	61.08	53.33	63.01	57.17	55.68	58.96	61.66
100	54.44	54.17	69.11	49.36	68.22	53.71	54.10	62.25	64.69	70.43	48.01	68.91	48.49	60.87	53.23	62.83	56.95	55.48	58.71	61.47
101	54.33	54.08	68.97	49.26	68.11	53.60	54.00	62.01	64.50	70.33	47.80	68.71	48.29	60.64	53.13	62.63	56.73	55.27	58.52	61.25
102	54.21	53.97	68.89	49.14	67.99	53.50	53.89	61.84	64.29	70.23	47.60	68.52	48.08	60.44	53.02	62.43	56.52	55.06	58.31	61.05
103	54.11	53.88	68.79	49.06	67.87	53.39	53.79	61.64	64.06	70.14	47.38	68.30	47.85	60.21	52.92	62.22	56.31	54.86	58.08	60.86
104	54.00	53.78	68.66	48.97	67.77	53.28	53.70	61.36	63.78	70.05	47.11	68.04	47.85	59.95	52.82	61.95	56.03	54.56	57.81	60.57
105	53.81	53.58	68.48	48.80	67.56	53.11	53.56	61.14	63.56	69.91	46.90	67.83	47.74	59.73	52.64	61.74	55.82	54.34	57.58	60.35
106	53.70	53.48	68.37	48.69	67.45	53.00	53.46	60.86	63.31	69.80	46.62	67.83	47.65	59.47	52.52	61.48	55.54	54.06	57.31	60.05
107	53.54	53.29	68.19	48.52	67.29	52.83	53.29	60.65	63.10	69.63	46.39	67.73	47.47	59.25	52.36	61.27	55.34	53.85	57.06	59.84
108	53.41	53.17	68.08	48.41	67.16	52.72	53.17	60.36	62.82	69.51	46.14	67.61	47.34	58.99	52.25	60.99	55.06	53.54	56.79	59.84
109	53.22	53.00	67.91	48.22	66.99	52.56	53.00	60.14	62.62	69.34	45.91	67.44	47.18	58.78	52.10	60.78	54.85	53.32	56.60	59.74
110	53.11	52.87	67.80	48.13	66.88	52.45	52.92	59.91	62.43	69.24	45.69	67.32	47.06	58.56	51.98	60.55	54.63	53.14	56.39	59.64
111	53.02	52.77	67.73	48.03	66.75	52.35	52.82	59.68	62.23	69.13	45.46	67.23	46.97	58.33	51.85	60.33	54.39	52.93	56.15	59.51
112	52.88	52.62	67.60	47.92	66.62	52.22	52.68	59.41	61.94	68.97	45.46	67.07	46.87	58.06	51.74	60.04	54.11	52.70	55.88	59.41
113	52.69	52.48	67.42	47.76	66.44	52.09	52.49	59.23	61.74	68.78	45.35	66.89	46.68	57.86	51.58	59.83	53.93	52.51	55.69	59.27
114	52.56	52.38	67.31	47.66	66.32	52.00	52.35	58.94	61.44	68.66	45.27	66.78	46.55	57.59	51.49	59.83	53.66	52.29	55.41	59.17
115	52.37	52.19	67.12	47.52	66.12	51.87	52.14	58.76	61.22	68.49	45.10	66.56	46.35	57.39	51.35	59.74	53.43	52.09	55.22	59.04
116	52.26	52.08	67.02	47.42	66.02	51.75	52.02	58.55	61.01	68.39	45.01	66.46	46.23	57.18	51.26	59.63	53.23	51.89	55.01	58.93
117	52.16	51.96	66.92	47.31	65.90	51.65	51.91	58.36	60.82	68.29	44.88	66.36	46.11	56.97	51.15	59.52	53.01	51.71	54.82	58.83
118	52.06	51.87	66.82	47.21	65.78	51.55	51.79	58.16	60.58	68.19	44.78	66.25	46.02	56.73	51.06	59.40	52.79	51.52	54.61	58.72
120	51.93	51.74	66.67	47.11	65.64	51.42	51.68	57.91	60.07	68.05	44.66	66.12	45.89	56.73	50.93	59.29	52.49	51.27	54.34	58.59
121	51.74	51.55	66.48	46.92	65.44	51.27	51.52	57.60	59.70	67.87	44.47	65.96	45.71	56.61	50.74	59.14	52.17	50.95	54.00	58.17
122	51.56	51.32	66.24	46.68	65.20	51.06	51.30	57.29	59.50	67.69	44.24	65.78	45.47	56.38	50.52	58.91	51.86	50.95	53.72	57.83
123	51.35	51.12	66.03	46.48	65.00	50.84	51.13	57.08	59.29	67.51	44.05	65.57	45.27	56.19	50.31	58.71	51.66	50.83	53.51	57.73
124	51.27	51.01	65.93	46.39	64.90	50.72	51.03	56.87	59.08	67.41	43.96	65.45	45.15	56.07	50.21	58.59	51.43	50.72	53.31	57.63
125	51.15	50.91	65.82	46.28	64.77	50.60	50.92	56.87	58.86	67.31	43.88	65.36	45.03	55.95	50.08	58.46	51.14	50.62	53.07	57.51
126	50.98	50.74	65.68	46.10	64.65	50.43	50.76	56.75	58.59	67.13	43.72	65.21	44.89	55.77	49.89	58.30	50.64	50.43	53.07	57.34
127	50.81	50.63	65.57	45.98	64.47	50.29	50.61	56.59	58.28	66.98	43.54	65.09	44.47	55.58	49.71	58.19	50.27	50.31	52.97	57.16
128	50.65	50.41	65.32	45.74	64.24	50.06	50.40	56.38	57.98	66.77	43.32	64.87	44.14	55.31	49.48	57.94	49.90	50.10	52.77	56.91
129	50.46	50.14	65.10	45.52	64.01	49.87	50.20	56.16	57.66	66.59	43.07	64.62	43.81	55.10	49.26	57.75	49.56	49.91	52.56	56.72
130	50.22	49.91	64.85	45.28	63.77	49.61	49.98	55.94	57.36	66.39	42.85	64.36	43.45	54.87	49.02	57.50	49.36	49.69	52.34	56.49
131	50.01	49.70	64.65	45.09	63.55	49.43	49.77	55.74	57.12	66.19	42.61	64.15	43.34	54.65	48.81	57.29	49.12	49.45	52.14	56.27
132	49.91	49.56	64.51	44.93	63.44	49.31	49.64	55.60	56.94	66.08	42.46	64.03	43.19	54.50	48.69	57.15	48.93	49.32	52.01	56.13
133	49.82	49.45	64.42	44.85	63.32	49.23	49.54	55.50	56.74	65.98	42.36	63.91	43.08	54.40	48.57	57.02	48.74	49.21	51.90	56.02
134	49.72	49.34	64.33	44.77	63.21	49.13	49.44	55.42	56.54	65.89	42.26	63.81	42.97	54.30	48.47	56.91	48.51	49.10	51.81	55.92
135	49.60	49.21	64.21	44.65	63.10	49.03	49.31	55.33	56.33	65.79	42.14	63.68	42.89	54.22	48.39	56.79	48.29	48.97	51.71	55.82
136	49.49	49.10	64.11	44.53	63.01	48.92	49.22	55.23	56.15	65.68	42.02	63.58	42.79	54.09	48.26	56.69	48.10	48.87	51.62	55.72
137	49.38	48.96	64.00	44.39	62.91	48.80	49.11	55.11	56.15	65.57	41.93	63.48	42.65	53.96	48.12	56.57	47.86	48.78	51.50	55.58
