96.85
96.64
96.42
96.22
95.92
95.70
95.49
95.25
94.96
94.60
94.31
94.05
93.74
93.38
93.07
92.78
92.49
92.19
91.89
91.56
91.25
90.92
90.56
90.23
90.04
89.81
89.60
89.36
89.07
88.72
88.41
88.20
87.93
87.71
87.49
87.28
87.05
86.82
86.60
86.42
86.14
85.93
85.63
85.33
84.98
84.67
84.37
84.16
83.80
83.46
83.23
83.03
82.81
82.59
82.41
82.18
81.98
81.79
81.60
81.32
81.14
80.93
80.73
80.52
80.32
80.12
79.94
79.73
79.53
79.33
79.12
78.93
78.74
78.53
78.34
78.13
77.93
77.72
77.52
77.31
77.09
76.87
76.66
76.44
76.22
76.03
75.82
75.60
75.39
75.19
74.99
74.80
74.59
74.39
74.18
73.97
73.78
73.57
73.35
73.15
73.15
73.05
72.92
72.81
72.67
72.56
72.33
72.10
71.92
71.84
71.74
71.61
71.51
71.39
71.30
71.09
70.92
70.80
70.71
70.63
70.53
70.43
70.28
70.17
70.04
69.89
69.77
69.67
69.52
69.42
69.30
69.21
69.10
68.98
68.87
68.76
68.65
68.56
68.44
68.34
68.21
68.08
67.95
