75.47
75.28
75.08
74.84
74.52
74.31
74.12
73.94
73.59
73.24
72.94
72.62
72.34
72.02
71.71
71.40
71.12
70.69
70.22
69.99
69.72
69.37
68.99
68.62
68.40
68.19
67.99
67.81
67.48
67.12
66.83
66.64
66.34
66.14
65.95
65.74
65.54
65.33
65.08
64.86
64.86
64.78
64.65
64.45
64.22
64.03
63.76
63.53
63.42
63.20
62.97
62.86
62.76
62.64
62.54
62.43
62.33
62.24
62.13
62.00
61.87
61.75
61.63
61.52
61.42
61.31
61.22
61.11
60.99
60.91
60.79
60.70
60.62
60.51
60.41
60.29
60.19
60.08
59.97
59.86
59.75
59.66
59.54
59.42
59.32
59.21
59.10
58.98
58.85
58.74
58.66
58.57
58.46
58.34
58.25
58.10
57.99
57.89
57.77
57.65
57.51
57.36
57.24
57.12
56.94
56.83
56.63
56.38
56.17
56.08
55.98
55.89
55.80
55.68
55.57
55.38
55.21
55.08
54.98
54.87
54.77
54.68
54.48
54.37
54.24
54.03
53.92
53.83
53.64
53.53
53.44
53.33
53.22
53.12
53.02
52.92
52.80
52.66
52.56
52.43
52.31
52.21
52.13
