83.36
83.18
82.99
82.80
82.46
82.22
82.00
81.78
81.50
81.13
80.85
80.43
80.09
79.71
79.36
79.02
78.68
78.47
78.12
77.80
77.49
77.17
76.87
76.53
76.32
76.12
75.93
75.72
75.41
75.09
74.80
74.60
74.29
74.09
73.89
73.71
73.51
73.31
73.09
72.86
72.59
72.40
72.11
71.79
71.45
71.09
70.78
70.60
70.29
69.98
69.75
69.56
69.35
69.13
68.94
68.76
68.55
68.35
68.13
67.86
67.66
67.45
67.24
67.04
66.84
66.64
66.45
66.23
66.05
65.85
65.65
65.46
65.27
65.05
64.83
64.58
64.36
64.19
63.97
63.76
63.53
63.30
63.10
62.88
62.66
62.46
62.27
62.05
61.85
61.64
61.45
61.24
61.02
60.83
60.65
60.45
60.24
59.99
59.75
59.50
59.23
59.01
58.79
58.51
58.30
58.30
58.16
57.92
57.71
57.60
57.48
57.36
57.26
57.13
57.03
56.86
56.71
56.60
56.51
56.39
56.30
56.21
56.07
55.98
55.86
55.69
55.58
55.49
55.33
55.24
55.14
55.01
54.92
54.81
54.70
54.59
54.47
54.37
54.26
54.16
54.04
53.94
53.82
