81.14
80.93
80.73
80.52
80.21
80.01
79.83
79.49
79.10
78.73
78.38
78.03
77.70
77.28
77.06
76.79
76.48
76.15
75.81
75.50
75.19
74.90
74.55
74.25
74.05
73.81
73.64
73.45
73.04
72.69
72.47
72.15
71.96
71.77
71.55
71.35
71.15
70.93
70.68
70.47
70.17
69.95
69.67
69.37
69.04
68.66
68.37
68.17
67.84
67.50
67.30
67.09
66.88
66.65
66.45
66.25
66.04
65.84
65.63
65.63
65.52
65.40
65.29
65.17
65.06
64.97
64.87
64.76
64.65
64.56
64.47
64.38
64.28
64.17
64.04
63.92
63.81
63.70
63.61
63.51
63.42
63.32
63.19
63.08
62.98
62.89
62.79
62.71
62.62
62.52
62.42
62.32
62.22
62.13
62.02
61.91
61.79
61.69
61.58
61.49
61.40
61.22
61.12
61.01
60.83
60.75
60.54
60.29
60.06
59.95
59.84
59.72
59.63
59.51
59.40
59.22
59.07
58.93
58.82
58.71
58.62
58.52
58.37
58.29
58.17
58.01
57.92
57.80
57.64
57.53
57.42
57.31
57.21
57.11
57.02
56.92
56.80
56.67
56.55
56.45
56.32
56.21
56.11
