80.88
80.66
80.47
80.26
79.94
79.73
79.54
79.35
79.04
78.70
78.39
78.14
77.83
77.52
77.20
76.89
76.58
76.24
76.24
76.06
75.83
75.60
75.34
75.13
74.89
74.81
74.73
74.63
74.54
74.35
74.08
73.88
73.78
73.61
73.48
73.36
73.25
73.14
73.04
72.91
72.77
72.57
72.45
72.24
72.04
71.85
71.66
71.44
71.33
71.07
70.81
70.71
70.57
70.46
70.36
70.25
70.16
70.04
69.93
69.82
69.67
69.57
69.45
69.36
69.27
69.14
69.05
68.95
68.83
68.74
68.64
68.53
68.42
68.32
68.23
68.13
68.02
67.92
67.83
67.73
67.61
67.50
67.39
67.28
67.17
67.04
66.94
66.86
66.76
66.65
66.54
66.42
66.30
66.18
66.08
65.94
65.84
65.74
65.65
65.55
65.43
65.24
65.14
65.03
64.83
64.71
64.46
64.24
64.01
63.89
63.79
63.70
63.61
63.49
63.37
63.18
63.02
62.90
62.79
62.70
62.60
62.50
62.34
62.23
62.13
61.97
61.86
61.76
61.56
61.45
61.36
61.23
61.15
61.05
60.95
60.85
60.75
60.66
60.56
60.46
60.32
60.18
60.04
