82.49
82.28
82.09
81.89
81.62
81.42
81.22
81.03
80.74
80.40
80.13
79.80
79.48
79.02
78.61
78.27
77.92
77.55
77.14
76.77
76.39
76.02
75.60
75.40
75.19
74.97
74.75
74.56
74.24
73.93
73.65
73.45
73.10
72.88
72.69
72.49
72.26
72.05
71.80
71.58
71.33
70.92
70.54
70.14
69.73
69.31
69.09
68.88
68.53
68.21
67.99
67.78
67.56
67.35
67.14
66.95
66.75
66.52
66.32
66.04
65.80
65.60
65.39
65.18
64.97
64.76
64.57
64.37
64.17
63.96
63.75
63.53
63.32
63.11
62.91
62.72
62.49
62.29
62.08
61.85
61.65
61.44
61.22
61.03
60.82
60.62
60.43
60.22
60.03
59.84
59.65
59.48
59.25
59.05
58.84
58.62
58.42
58.21
58.01
57.80
57.51
57.31
57.09
56.78
56.57
56.28
55.93
55.65
55.43
55.21
55.01
54.80
54.56
54.35
54.06
53.79
53.60
53.41
53.20
52.99
52.79
52.51
52.31
52.09
52.09
51.97
51.86
51.77
51.61
51.49
51.40
51.28
51.17
51.08
50.98
50.87
50.78
50.66
50.55
50.44
50.30
50.22
50.10
