105.37
105.07
104.83
104.63
104.27
104.06
103.70
103.34
103.00
102.58
102.21
101.85
101.47
101.47
101.35
101.02
100.77
100.52
100.24
100.09
99.90
99.67
99.56
99.32
99.10
98.90
98.66
98.46
98.25
98.11
97.87
97.77
97.58
97.40
97.19
96.94
96.70
96.50
96.29
96.07
95.86
95.60
95.34
95.22
95.04
94.91
94.80
94.69
94.51
94.29
94.17
93.96
93.84
93.69
93.57
93.38
93.14
92.91
92.70
92.49
92.39
92.27
92.12
92.02
91.82
91.70
91.59
91.36
91.14
90.99
90.88
90.70
90.43
90.33
90.21
90.10
89.97
89.86
89.74
89.65
89.56
89.45
89.32
89.23
89.06
88.95
88.82
88.66
88.55
88.40
88.25
88.16
88.04
87.95
87.85
87.72
87.61
87.45
87.31
87.21
87.11
87.00
86.82
86.64
86.46
86.22
86.05
85.79
85.55
85.36
85.11
84.83
84.68
84.57
84.46
84.35
84.22
84.07
83.93
83.73
83.54
83.42
83.23
83.01
82.87
82.64
82.35
82.17
81.98
81.87
81.81
81.68
81.58
81.40
81.26
81.11
80.90
80.81
80.65
80.51
80.42
80.30
80.17
80.06
79.97
79.88
79.74
79.64
79.53
79.45
79.32
79.09
78.92
78.82
78.70
78.61
78.49
78.39
78.24
78.13
78.00
77.88
77.76
77.62
77.48
77.33
77.23
77.12
77.00
76.86
76.69
76.58
76.47
76.33
76.22
76.10
75.99
75.78
75.62
75.49
75.37
75.28
75.13
74.99
74.90
74.78
74.69
74.60
74.45
74.35
74.20
74.09
73.99
73.88
73.76
73.66
73.56
73.45
73.33
73.13
73.01
72.90
72.80
72.69
72.57
72.46
72.36
72.23
72.10
71.99
71.84
71.74
71.63
71.48
71.37
71.25
71.13
71.04
70.86
70.72
70.50
70.39
70.29
70.17
70.06
69.95
69.86
69.69
69.57
69.40
69.28
69.20
69.11
68.93
68.84
68.68
68.55
68.39
68.27
68.14
68.04
67.94
67.81
67.73
67.60
67.50
67.33
67.18
66.97
66.84
66.73
66.62
66.49
66.40
66.23
66.10
65.96
65.85
65.74
65.63
65.55
65.45
65.33
65.20
65.09
64.96
64.88
64.78
64.65
64.53
64.41
64.27
64.14
63.99
63.86
63.76
63.65
63.50
63.36
63.26
