107.56
107.30
107.10
106.90
106.70
106.31
106.05
105.70
105.34
104.99
104.63
104.34
104.06
103.65
103.31
103.00
102.63
102.24
101.94
101.65
101.33
101.07
100.73
100.38
100.11
99.79
99.45
99.08
98.81
98.49
98.26
97.91
97.66
97.41
97.04
96.72
96.40
96.08
95.80
95.51
95.17
94.85
94.65
94.33
94.10
93.89
93.70
93.41
93.11
92.87
92.54
92.33
92.01
91.79
91.46
91.10
90.78
90.47
90.12
89.88
89.60
89.34
89.12
88.88
88.67
88.46
88.16
87.88
87.67
87.43
87.14
86.81
86.59
86.37
86.18
85.98
85.78
85.53
85.29
85.07
84.84
84.59
84.39
84.17
83.99
83.79
83.52
83.29
83.01
82.79
82.55
82.38
82.18
81.98
81.75
81.53
81.53
81.40
81.22
81.10
80.99
80.87
80.64
80.47
80.23
80.05
79.89
79.68
79.46
79.23
79.05
78.81
78.69
78.56
78.41
78.28
78.18
78.04
77.86
77.72
77.57
77.43
77.24
76.99
76.90
76.69
76.46
76.32
76.08
75.94
75.82
75.73
75.61
75.48
75.33
75.20
74.99
74.89
74.72
74.58
74.47
74.31
74.21
74.03
73.90
73.78
73.64
73.52
73.34
73.19
73.06
72.94
72.81
72.70
72.55
72.44
72.32
72.21
72.07
71.96
71.85
71.69
71.58
71.41
71.29
71.15
71.03
70.93
70.77
70.62
70.53
70.44
70.33
70.21
70.12
69.99
69.90
69.73
69.57
69.44
69.31
69.21
69.10
68.95
68.83
68.72
68.63
68.52
68.38
68.25
68.10
67.97
67.88
67.75
67.65
67.53
67.43
67.33
67.24
67.13
67.03
66.92
66.81
66.68
66.58
66.48
66.39
66.31
66.20
66.10
65.99
65.88
65.79
65.66
65.50
65.33
65.21
65.10
64.94
64.80
64.66
64.54
64.38
64.29
64.18
64.07
63.97
63.81
63.71
63.57
63.46
63.33
63.21
63.09
62.97
62.82
62.72
62.59
62.48
62.36
62.26
62.15
62.02
61.91
61.81
61.68
61.55
61.35
61.22
61.09
61.00
60.89
60.75
60.65
60.55
60.44
60.34
60.21
60.08
59.98
59.87
59.72
59.61
59.51
59.39
59.27
59.14
59.05
58.92
58.82
58.68
58.51
58.39
58.23
58.11
58.03
57.91
57.81
57.67
57.53
57.43
