107.17
106.90
106.71
106.50
106.26
105.99
105.72
105.40
105.09
104.74
104.38
104.00
103.69
103.30
102.79
102.47
102.08
101.73
101.40
101.07
100.77
100.55
100.24
99.95
99.62
99.26
98.93
98.61
98.30
98.02
97.82
97.53
97.21
96.96
96.60
96.29
95.94
95.62
95.29
94.93
94.57
94.29
94.08
93.83
93.59
93.38
93.16
92.86
92.55
92.33
92.02
91.81
91.50
91.29
90.96
90.66
90.39
90.07
89.74
89.53
89.34
89.12
88.90
88.66
88.46
88.26
88.00
87.79
87.53
87.32
87.02
86.64
86.43
86.21
85.95
85.73
85.54
85.32
85.08
84.88
84.66
84.43
84.22
83.98
83.71
83.50
83.26
83.03
82.78
82.56
82.34
82.11
81.92
81.71
81.47
81.27
81.01
80.74
80.54
80.33
80.12
79.79
79.51
79.26
78.93
78.57
78.27
77.94
77.60
77.29
76.96
76.73
76.55
76.27
76.04
75.84
75.64
75.42
75.17
74.94
74.94
74.84
74.66
74.43
74.28
74.05
73.78
73.64
73.43
73.32
73.22
73.12
72.99
72.84
72.74
72.59
72.39
72.26
72.14
72.04
71.93
71.73
71.59
71.45
71.35
71.24
71.12
71.02
70.87
70.75
70.66
70.53
70.40
70.28
70.18
70.05
69.94
69.79
69.64
69.52
69.42
69.30
69.19
69.05
68.96
68.82
68.69
68.59
68.45
68.27
68.14
68.03
67.93
67.83
67.73
67.60
67.45
67.29
67.13
67.02
66.88
66.79
66.63
66.52
66.38
66.28
66.18
66.07
65.90
65.76
65.64
65.52
65.42
65.26
65.15
65.06
64.95
64.87
64.77
64.58
64.44
64.37
64.26
64.15
64.03
63.92
63.81
63.69
63.59
63.44
63.32
63.21
63.10
63.00
62.86
62.74
62.59
62.48
62.32
62.22
62.03
61.92
61.76
61.65
61.53
61.43
61.30
61.11
61.03
60.90
60.78
60.68
60.56
60.44
60.32
60.18
60.06
59.91
59.79
59.68
59.56
59.46
59.36
59.25
59.13
59.04
58.89
58.81
58.71
58.60
58.49
58.35
58.25
58.15
58.05
57.94
57.83
57.70
57.51
57.41
57.31
57.16
57.02
56.91
56.81
56.69
56.57
56.46
56.36
56.28
56.17
56.07
55.92
55.77
55.59
55.44
55.26
55.17
55.05
54.93
54.84
