107.67
107.42
107.19
106.98
106.76
106.45
106.08
105.75
105.46
105.14
104.77
104.46
104.11
103.73
103.26
102.95
102.63
102.33
102.02
101.71
101.43
101.23
100.91
100.56
100.25
99.91
99.56
99.26
98.98
98.66
98.46
98.18
97.96
97.74
97.44
97.15
96.85
96.44
96.12
95.79
95.47
95.15
94.95
94.67
94.42
94.22
94.01
93.70
93.38
93.12
92.80
92.57
92.22
91.99
91.67
91.34
91.06
90.69
90.40
90.16
89.95
89.69
89.50
89.30
89.09
88.87
88.58
88.32
88.07
87.87
87.54
87.20
86.99
86.77
86.57
86.33
86.11
85.87
85.68
85.47
85.24
85.00
84.79
84.51
84.33
84.09
83.83
83.57
83.35
83.09
82.84
82.63
82.43
82.21
81.99
81.77
81.53
81.53
81.44
81.35
81.22
80.91
80.78
80.40
80.10
80.00
79.88
79.49
79.15
78.85
78.59
78.43
78.29
78.17
78.03
77.88
77.75
77.65
77.54
77.36
77.26
77.08
76.88
76.66
76.53
76.31
76.11
75.92
75.73
75.64
75.52
75.42
75.32
75.18
75.05
74.94
74.77
74.66
74.55
74.41
74.31
74.14
74.04
73.95
73.87
73.78
73.70
73.61
73.43
73.29
73.16
73.03
72.88
72.69
72.59
72.47
72.33
72.22
72.10
71.99
71.88
71.74
71.60
71.46
71.36
71.22
71.08
70.96
70.88
70.74
70.62
70.51
70.39
70.27
70.16
70.03
69.93
69.78
69.63
69.44
69.33
69.21
69.10
68.96
68.85
68.74
68.56
68.47
68.32
68.19
68.05
67.95
67.85
67.74
67.57
67.41
67.32
67.22
67.11
66.96
66.84
66.73
66.62
66.52
66.40
66.31
66.19
66.06
65.97
65.84
65.70
65.57
65.46
65.33
65.22
65.12
65.00
64.91
64.75
64.63
64.51
64.37
64.22
64.08
64.00
63.89
63.77
63.62
63.53
63.34
63.24
63.12
63.01
62.90
62.78
62.62
62.52
62.38
62.27
62.16
62.06
61.96
61.83
61.73
61.61
61.51
61.36
61.19
61.03
60.88
60.80
60.70
60.59
60.47
60.33
60.19
60.08
59.99
59.83
59.70
59.58
59.47
59.35
59.25
59.15
59.02
58.92
58.79
58.64
58.55
58.41
58.29
58.13
57.99
57.88
57.79
57.67
57.58
57.48
57.31
57.20
