106.87
106.62
106.40
106.18
105.91
105.59
105.29
104.96
104.66
104.34
104.00
103.65
103.32
102.96
102.46
102.15
101.79
101.44
101.12
100.79
100.48
100.27
99.96
99.57
99.30
99.02
98.57
98.20
97.86
97.67
97.30
97.10
96.84
96.54
96.23
95.91
95.58
95.22
94.85
94.53
94.16
93.85
93.64
93.41
93.20
93.00
92.79
92.54
92.25
92.03
91.72
91.51
91.21
90.98
90.70
90.39
90.12
89.76
89.43
89.22
89.01
88.77
88.58
88.29
88.09
87.85
87.59
87.28
87.06
86.81
86.44
86.06
85.83
85.61
85.39
85.18
84.95
84.74
84.53
84.31
84.11
83.87
83.66
83.38
83.16
82.96
82.69
82.43
82.09
81.85
81.68
81.46
81.26
81.07
80.83
80.62
80.37
80.09
79.88
79.68
79.49
79.16
78.87
78.62
78.35
78.10
77.82
77.48
77.48
77.35
77.18
76.94
76.83
76.71
76.54
76.39
76.28
76.16
76.00
75.82
75.74
75.36
75.02
74.87
74.56
74.23
74.11
73.75
73.63
73.52
73.40
73.27
73.14
72.98
72.85
72.76
72.57
72.43
72.25
72.13
72.01
71.85
71.73
71.62
71.49
71.40
71.29
71.19
71.05
70.92
70.79
70.60
70.47
70.36
70.23
70.12
70.00
69.89
69.76
69.63
69.52
69.41
69.30
69.15
68.99
68.86
68.73
68.60
68.48
68.35
68.25
68.16
68.06
67.88
67.71
67.58
67.47
67.32
67.18
67.07
66.93
66.81
66.66
66.58
66.46
66.35
66.23
66.12
66.00
65.89
65.76
65.66
65.55
65.44
65.31
65.16
65.04
64.95
64.86
64.71
64.61
64.49
64.33
64.21
64.07
63.96
63.86
63.76
63.65
63.52
63.39
63.24
63.13
63.06
62.97
62.85
62.75
62.64
62.50
62.39
62.25
62.12
62.01
61.90
61.79
61.69
61.58
61.40
61.28
61.13
61.03
60.94
60.84
60.73
60.64
60.49
60.36
60.22
60.08
59.92
59.80
59.69
59.55
59.48
59.38
59.29
59.11
58.97
58.83
58.75
58.64
58.54
58.44
58.31
58.19
58.07
57.97
57.84
57.70
57.55
57.44
57.30
57.16
57.09
57.01
56.89
56.73
56.61
56.46
56.35
56.25
56.15
55.97
55.81
55.67
55.57
55.45
55.31
55.19
55.02
54.92
