105.92
105.67
105.44
105.24
104.94
104.66
104.43
104.11
103.79
103.48
103.06
102.69
102.38
102.02
102.02
101.61
101.41
100.99
100.82
100.65
100.25
100.14
99.79
99.47
99.33
99.13
98.91
98.67
98.48
98.29
98.10
97.98
97.80
97.65
97.47
97.23
97.01
96.77
96.52
96.25
96.06
95.85
95.65
95.55
95.34
95.21
95.12
95.04
94.87
94.66
94.49
94.30
94.19
94.01
93.88
93.65
93.39
93.18
92.92
92.71
92.61
92.47
92.28
92.17
91.98
91.88
91.74
91.56
91.37
91.26
91.13
90.92
90.66
90.56
90.41
90.27
90.13
90.05
89.93
89.81
89.69
89.51
89.37
89.25
89.06
88.96
88.82
88.66
88.51
88.29
88.14
88.00
87.88
87.75
87.63
87.48
87.38
87.18
87.01
86.91
86.80
86.69
86.48
86.35
86.12
85.89
85.71
85.44
85.27
85.05
84.81
84.60
84.46
84.31
84.14
84.01
83.91
83.78
83.64
83.50
83.41
83.23
83.00
82.81
82.67
82.46
82.22
82.07
81.89
81.79
81.66
81.56
81.43
81.27
81.14
81.00
80.78
80.68
80.55
80.43
80.34
80.20
80.08
79.97
79.87
79.78
79.68
79.55
79.38
79.29
79.15
79.00
78.86
78.69
78.55
78.44
78.30
78.17
78.06
77.94
77.84
77.73
77.62
77.47
77.30
77.07
76.98
76.88
76.79
76.67
76.56
76.48
76.39
76.28
76.17
76.04
75.91
75.78
75.62
75.48
75.36
75.25
75.14
75.00
74.89
74.79
74.68
74.55
74.38
74.26
74.14
74.03
73.93
73.70
73.58
73.43
73.32
73.19
73.09
72.98
72.83
72.72
72.58
72.45
72.31
72.18
72.08
71.96
71.89
71.77
71.68
71.56
71.46
71.36
71.22
71.11
70.99
70.88
70.72
70.59
70.48
70.34
70.17
70.03
69.95
69.85
69.74
69.59
69.46
69.28
69.18
69.08
68.97
68.87
68.77
68.59
68.43
68.33
68.22
68.05
67.97
67.88
67.75
67.63
67.53
67.40
67.26
67.09
66.99
66.90
66.76
66.66
66.52
66.41
66.25
66.10
65.97
65.86
65.70
65.58
65.51
65.37
65.25
65.12
65.03
64.91
64.80
64.70
64.57
64.46
64.31
64.22
64.07
63.89
63.76
63.67
63.56
63.45
63.31
63.12
62.98
