106.84
106.58
106.40
106.19
105.91
105.60
105.24
104.97
104.66
104.40
104.02
103.56
103.20
102.75
102.34
102.03
101.57
101.33
101.02
100.68
100.37
100.16
99.84
99.51
99.25
98.90
98.58
98.26
97.99
97.69
97.48
97.21
96.97
96.70
96.35
96.05
95.74
95.37
95.07
94.72
94.36
94.04
93.83
93.54
93.29
93.08
92.66
92.32
92.09
91.87
91.56
91.33
91.04
90.83
90.52
90.23
89.94
89.61
89.27
89.07
88.86
88.61
88.39
88.12
87.91
87.69
87.39
87.17
86.95
86.74
86.45
86.10
85.87
85.62
85.41
85.20
84.99
84.77
84.57
84.32
84.08
83.86
83.67
83.44
83.20
82.99
82.75
82.52
82.24
82.03
81.80
81.57
81.37
81.15
80.96
80.75
80.48
80.21
80.01
79.78
79.60
79.28
78.97
78.74
78.39
78.13
77.82
77.46
77.11
76.82
76.52
76.31
76.10
75.83
75.62
75.41
75.17
74.94
74.94
74.83
74.71
74.57
74.33
74.10
73.99
73.75
73.52
73.40
73.16
73.03
72.93
72.81
72.70
72.55
72.43
72.28
72.06
71.94
71.75
71.63
71.51
71.33
71.22
71.11
71.00
70.89
70.74
70.63
70.49
70.38
70.25
70.12
69.98
69.83
69.69
69.56
69.44
69.32
69.19
69.07
68.97
68.86
68.74
68.60
68.43
68.30
68.17
68.05
67.92
67.80
67.66
67.58
67.47
67.34
67.23
67.11
67.02
66.87
66.72
66.61
66.51
66.38
66.29
66.12
65.98
65.87
65.73
65.61
65.50
65.38
65.23
65.11
65.03
64.86
64.71
64.60
64.51
64.42
64.31
64.13
64.02
63.89
63.79
63.68
63.57
63.48
63.36
63.22
63.13
63.04
62.86
62.72
62.62
62.52
62.42
62.25
62.13
62.04
61.87
61.75
61.61
61.51
61.38
61.28
61.18
61.03
60.80
60.69
60.60
60.44
60.36
60.24
60.14
60.03
59.90
59.75
59.64
59.49
59.34
59.20
59.08
58.98
58.84
58.74
58.57
58.47
58.29
58.12
58.01
57.92
57.81
57.70
57.62
57.53
57.41
57.30
57.17
57.05
56.92
56.80
56.69
56.59
56.45
56.34
56.25
56.11
55.97
55.84
55.69
55.59
55.49
55.36
55.25
55.12
54.98
54.83
54.67
54.54
54.41
54.26
54.13
