107.31
107.07
106.87
106.69
106.39
106.07
105.81
105.49
105.19
104.87
104.53
104.23
103.92
103.54
102.99
102.69
102.25
101.93
101.66
101.40
101.10
100.90
100.57
100.24
99.94
99.59
99.24
98.92
98.66
98.36
98.15
97.87
97.63
97.35
97.05
96.75
96.43
96.13
95.82
95.52
95.18
94.84
94.63
94.41
94.18
93.93
93.70
93.30
93.11
92.79
92.59
92.30
92.06
91.74
91.45
91.10
90.76
90.51
90.17
89.96
89.74
89.54
89.31
89.05
88.83
88.60
88.36
88.18
87.96
87.66
87.36
87.17
86.97
86.73
86.52
86.28
86.07
85.82
85.61
85.39
85.17
84.96
84.77
84.52
84.33
84.12
83.84
83.61
83.32
83.07
82.87
82.66
82.46
82.24
82.00
81.78
81.51
81.22
80.99
80.74
80.54
80.26
79.92
79.66
79.35
79.10
78.79
78.45
78.12
77.80
77.51
77.26
77.00
76.75
76.54
76.30
76.08
75.82
75.58
75.35
74.89
74.51
74.29
73.94
73.53
73.28
72.91
72.70
72.47
72.26
72.05
71.79
71.55
71.31
71.08
70.77
70.57
70.57
70.47
70.33
70.24
70.08
69.96
69.85
69.77
69.70
69.55
69.45
69.31
69.21
69.08
68.93
68.78
68.62
68.51
68.38
68.23
68.13
67.99
67.81
67.71
67.60
67.49
67.34
67.20
67.03
66.92
66.83
66.71
66.59
66.49
66.40
66.30
66.19
66.07
65.94
65.83
65.64
65.53
65.43
65.31
65.18
65.04
64.94
64.84
64.74
64.63
64.51
64.36
64.22
64.07
63.95
63.85
63.74
63.61
63.49
63.38
63.29
63.17
62.99
62.85
62.70
62.56
62.44
62.33
62.25
62.16
62.04
61.90
61.80
61.63
61.54
61.42
61.31
61.20
61.06
60.96
60.86
60.68
60.56
60.42
60.30
60.14
60.01
59.91
59.80
59.69
59.53
59.44
59.31
59.21
59.11
59.03
58.91
58.78
58.64
58.53
58.36
58.24
58.08
57.94
57.84
57.71
57.58
57.45
57.31
57.16
56.97
56.81
56.66
56.54
56.39
56.26
56.18
56.08
55.97
55.86
55.72
55.53
55.37
55.28
55.15
55.00
54.89
54.79
54.69
54.57
54.47
54.37
54.25
54.11
54.03
53.87
53.73
53.64
53.56
53.44
53.33
53.23
53.07
52.94
