105.85
105.60
105.40
105.20
104.98
104.66
104.25
103.86
103.47
103.09
103.09
102.73
102.35
102.00
101.61
101.21
100.89
100.57
100.25
99.96
99.86
99.63
99.51
99.27
99.03
98.85
98.63
98.38
98.18
97.99
97.81
97.71
97.53
97.36
97.20
96.91
96.71
96.49
96.23
96.01
95.78
95.54
95.33
95.22
95.07
94.93
94.80
94.70
94.45
94.24
94.08
93.91
93.77
93.58
93.48
93.27
93.07
92.93
92.71
92.48
92.36
92.23
92.11
91.98
91.81
91.72
91.56
91.39
91.26
91.10
90.99
90.79
90.54
90.44
90.34
90.22
90.07
89.95
89.86
89.75
89.66
89.52
89.38
89.27
89.13
89.01
88.92
88.75
88.63
88.51
88.41
88.27
88.15
88.01
87.90
87.76
87.66
87.51
87.32
87.22
87.11
86.99
86.74
86.53
86.35
86.09
85.87
85.69
85.51
85.28
85.07
84.85
84.71
84.59
84.42
84.24
84.16
84.04
83.90
83.70
83.48
83.33
83.15
82.92
82.78
82.58
82.39
82.26
82.03
81.90
81.77
81.66
81.54
81.37
81.25
81.13
80.96
80.86
80.70
80.59
80.44
80.23
80.07
79.93
79.83
79.69
79.58
79.48
79.33
79.22
79.12
78.95
78.80
78.67
78.54
78.42
78.26
78.16
78.05
77.93
77.82
77.69
77.60
77.43
77.31
77.23
77.13
77.02
76.83
76.72
76.63
76.51
76.40
76.26
76.17
76.05
75.90
75.75
75.60
75.49
75.36
75.26
75.14
75.05
74.94
74.82
74.72
74.63
74.52
74.42
74.28
74.13
74.04
73.85
73.71
73.57
73.46
73.38
73.29
73.09
72.96
72.86
72.75
72.63
72.49
72.36
72.27
72.12
72.01
71.84
71.66
71.56
71.45
71.34
71.25
71.12
71.00
70.90
70.71
70.60
70.48
70.38
70.26
70.11
70.02
69.90
69.78
69.62
69.52
69.33
69.23
69.12
69.02
68.84
68.70
68.54
68.41
68.27
68.15
68.04
67.93
67.82
67.73
67.62
67.52
67.42
67.29
67.14
67.03
66.95
66.87
66.76
66.61
66.51
66.40
66.30
66.21
66.10
65.93
65.82
65.70
65.55
65.39
65.28
65.17
65.04
64.92
64.82
64.68
64.58
64.46
64.35
64.24
64.11
64.02
63.87
63.72
63.59
63.44
63.32
63.20
