106.22
105.96
105.72
105.50
105.20
104.89
104.60
104.33
103.99
103.65
103.28
102.90
102.59
102.28
101.91
101.62
101.11
100.71
100.31
100.07
99.76
99.58
99.21
98.92
98.63
98.31
97.99
97.68
97.40
97.05
96.85
96.53
96.53
96.44
96.27
96.01
95.78
95.53
95.34
95.11
94.92
94.71
94.46
94.33
94.17
94.04
93.94
93.82
93.63
93.42
93.31
93.06
92.95
92.77
92.68
92.48
92.29
92.05
91.84
91.65
91.54
91.43
91.31
91.23
91.09
91.00
90.87
90.71
90.57
90.46
90.32
90.12
89.90
89.80
89.67
89.53
89.41
89.31
89.21
89.10
88.99
88.87
88.72
88.61
88.49
88.39
88.28
88.14
88.04
87.86
87.69
87.55
87.41
87.27
87.12
87.01
86.86
86.68
86.53
86.42
86.30
86.20
86.02
85.86
85.65
85.43
85.27
85.02
84.77
84.55
84.36
84.14
84.00
83.89
83.71
83.58
83.46
83.35
83.18
83.04
82.84
82.71
82.51
82.22
82.10
81.91
81.68
81.58
81.36
81.26
81.09
80.99
80.85
80.71
80.57
80.44
80.27
80.13
80.00
79.89
79.74
79.59
79.47
79.37
79.28
79.18
79.06
78.96
78.80
78.67
78.56
78.44
78.29
78.21
78.10
77.97
77.84
77.71
77.58
77.46
77.36
77.23
77.13
76.97
76.83
76.68
76.57
76.46
76.32
76.21
76.06
75.99
75.89
75.80
75.70
75.58
75.45
75.34
75.20
75.07
74.95
74.81
74.71
74.61
74.50
74.39
74.30
74.20
74.07
73.95
73.84
73.75
73.62
73.49
73.36
73.27
73.19
73.09
72.98
72.81
72.68
72.58
72.46
72.34
72.22
72.13
72.03
71.91
71.81
71.69
71.59
71.43
71.30
71.16
71.07
70.96
70.83
70.74
70.57
70.42
70.22
70.12
69.97
69.87
69.76
69.63
69.52
69.32
69.21
69.06
68.96
68.86
68.74
68.62
68.45
68.33
68.23
68.10
68.00
67.87
67.77
67.66
67.55
67.47
67.33
67.21
67.09
66.95
66.82
66.71
66.58
66.43
66.27
66.15
65.96
65.87
65.78
65.63
65.47
65.33
65.21
65.07
64.92
64.83
64.75
64.62
64.51
64.41
64.29
64.18
64.06
63.88
63.75
63.60
63.47
63.32
63.19
63.05
62.89
62.75
62.67
