106.74
106.47
106.25
106.07
105.86
105.53
105.26
104.93
104.63
104.31
103.90
103.51
103.21
102.83
102.37
102.07
101.75
101.36
101.07
100.52
100.31
99.89
99.48
99.26
98.94
98.65
98.34
98.01
97.73
97.42
97.19
96.91
96.63
96.40
96.02
95.69
95.26
94.97
94.64
94.33
93.96
93.64
93.42
93.15
92.95
92.75
92.53
92.22
91.92
91.70
91.38
91.17
90.91
90.69
90.36
89.98
89.68
89.38
89.05
88.85
88.66
88.39
88.19
87.90
87.70
87.50
87.24
87.01
86.75
86.52
86.21
85.86
85.62
85.37
85.13
84.91
84.71
84.49
84.27
84.06
83.83
83.61
83.42
83.16
82.97
82.74
82.53
82.32
81.97
81.75
81.55
81.35
81.11
80.87
80.64
80.44
80.19
79.94
79.74
79.55
79.33
79.07
78.75
78.51
78.22
77.94
77.63
77.32
77.32
77.18
77.01
76.77
76.65
76.50
76.36
76.26
76.15
76.01
75.89
75.73
75.59
75.41
75.17
74.89
74.79
74.62
74.27
74.08
73.89
73.77
73.64
73.52
73.40
73.22
73.11
73.00
72.81
72.73
72.59
72.48
72.36
72.25
72.15
71.98
71.86
71.76
71.61
71.49
71.39
71.27
71.14
71.01
70.88
70.68
70.55
70.43
70.31
70.20
70.07
69.95
69.85
69.67
69.52
69.33
69.22
69.11
69.00
68.89
68.78
68.64
68.52
68.42
68.31
68.20
68.10
67.97
67.86
67.70
67.55
67.47
67.35
67.23
67.10
66.97
66.84
66.73
66.61
66.51
66.38
66.28
66.10
66.00
65.92
65.84
65.73
65.59
65.46
65.36
65.26
65.05
64.91
64.76
64.63
64.51
64.39
64.29
64.21
64.12
64.02
63.88
63.77
63.67
63.57
63.47
63.37
63.18
63.09
62.97
62.86
62.75
62.61
62.50
62.41
62.28
62.17
62.06
61.97
61.80
61.70
61.56
61.47
61.39
61.31
61.22
61.12
60.97
60.85
60.71
60.60
60.48
60.37
60.27
60.15
60.04
59.92
59.78
59.64
59.46
59.28
59.16
59.05
58.96
58.87
58.77
58.66
58.56
58.46
58.35
58.22
58.11
58.00
57.87
57.72
57.63
57.54
57.43
57.33
57.23
57.09
56.97
56.87
56.75
56.63
56.51
56.42
56.31
56.16
56.04
55.96
55.84
55.71
