107.75
107.51
107.29
107.10
106.90
106.59
106.27
105.90
105.58
105.29
104.91
104.55
104.17
103.78
103.33
102.99
102.62
102.22
101.89
101.58
101.26
101.04
100.69
100.40
100.13
99.75
99.36
99.04
98.74
98.53
98.24
98.02
97.72
97.47
97.10
96.80
96.49
96.16
95.77
95.46
95.15
94.78
94.56
94.32
94.08
93.90
93.70
93.22
93.00
92.65
92.43
92.09
91.88
91.50
91.09
90.72
90.36
90.15
89.85
89.63
89.37
89.11
88.89
88.66
88.45
88.22
87.96
87.70
87.47
87.27
86.99
86.65
86.45
86.20
85.98
85.74
85.52
85.25
85.04
84.84
84.61
84.37
84.19
83.93
83.69
83.51
83.25
83.02
82.74
82.52
82.29
82.08
81.85
81.63
81.40
81.21
80.94
80.68
80.47
80.25
80.05
79.77
79.77
79.61
79.49
79.23
78.90
78.61
78.46
78.29
77.90
77.81
77.68
77.58
77.41
77.26
77.13
77.02
76.87
76.71
76.52
76.35
76.10
75.83
75.70
75.51
75.25
75.11
74.92
74.82
74.69
74.58
74.44
74.25
74.11
73.97
73.83
73.73
73.59
73.45
73.36
73.24
73.14
73.01
72.93
72.87
72.76
72.67
72.53
72.38
72.31
72.19
72.07
71.96
71.84
71.75
71.61
71.51
71.39
71.27
71.16
71.03
70.93
70.76
70.65
70.50
70.41
70.29
70.20
70.10
69.95
69.87
69.76
69.66
69.55
69.43
69.25
69.12
68.98
68.86
68.74
68.64
68.52
68.35
68.25
68.13
68.03
67.93
67.81
67.68
67.53
67.43
67.33
67.17
67.04
66.91
66.81
66.73
66.62
66.46
66.35
66.23
66.13
66.02
65.88
65.79
65.70
65.59
65.46
65.36
65.25
65.15
65.06
64.96
64.87
64.76
64.61
64.50
64.38
64.25
64.10
63.98
63.84
63.76
63.67
63.58
63.45
63.28
63.18
63.01
62.91
62.82
62.71
62.62
62.51
62.40
62.29
62.18
62.06
61.91
61.83
61.72
61.60
61.50
61.38
61.24
61.08
60.87
60.67
60.57
60.45
60.33
60.25
60.13
60.02
59.90
59.80
59.68
59.57
59.44
59.32
59.15
58.98
58.89
58.80
58.69
58.59
58.49
58.36
58.23
58.11
57.98
57.86
57.72
57.56
57.44
57.27
57.15
57.03
56.88
56.78
