106.44
106.19
106.00
105.81
105.58
105.10
104.77
104.37
104.03
103.66
103.23
102.88
102.53
102.27
101.85
101.53
101.23
100.86
100.58
100.26
99.94
99.75
99.43
98.89
98.48
98.04
97.66
97.41
96.96
96.73
96.50
96.25
95.97
95.72
95.38
95.08
94.75
94.40
94.07
93.77
93.43
93.12
92.90
92.63
92.39
92.19
91.98
91.66
91.36
91.13
90.83
90.61
90.35
90.13
89.82
89.33
88.97
88.58
88.36
88.15
87.95
87.74
87.53
87.30
87.08
86.85
86.85
86.71
86.59
86.44
86.33
86.15
85.90
85.79
85.66
85.56
85.43
85.32
85.19
85.05
84.95
84.85
84.73
84.62
84.43
84.33
84.24
84.10
83.96
83.77
83.60
83.45
83.35
83.26
83.13
82.98
82.88
82.70
82.53
82.41
82.29
82.19
81.97
81.80
81.64
81.47
81.30
81.07
80.86
80.66
80.45
80.21
80.09
79.97
79.80
79.66
79.51
79.39
79.27
79.14
79.01
78.87
78.65
78.40
78.30
78.10
77.83
77.69
77.50
77.39
77.29
77.16
77.05
76.88
76.77
76.67
76.52
76.42
76.24
76.11
75.97
75.79
75.67
75.51
75.39
75.19
75.07
74.98
74.83
74.74
74.60
74.46
74.32
74.21
74.12
74.01
73.88
73.75
73.59
73.46
73.35
73.26
73.16
72.96
72.83
72.67
72.55
72.43
72.24
72.06
71.97
71.86
71.76
71.68
71.57
71.42
71.30
71.14
70.97
70.80
70.69
70.58
70.44
70.32
70.21
70.10
69.98
69.89
69.75
69.64
69.48
69.37
69.28
69.15
69.02
68.93
68.85
68.75
68.66
68.51
68.38
68.25
68.11
67.99
67.85
67.74
67.61
67.49
67.37
67.23
67.09
66.96
66.86
66.76
66.67
66.56
66.44
66.34
66.20
66.02
65.83
65.72
65.55
65.47
65.36
65.26
65.09
64.93
64.84
64.75
64.65
64.56
64.48
64.38
64.27
64.11
63.97
63.85
63.74
63.61
63.45
63.33
63.22
63.09
62.96
62.80
62.63
62.39
62.24
62.14
62.02
61.93
61.83
61.71
61.60
61.46
61.35
61.25
61.04
60.93
60.80
60.67
60.53
60.43
60.34
60.22
60.07
59.97
59.82
59.72
59.57
59.38
59.28
59.12
59.02
58.91
58.71
58.58
58.47
58.35
58.23
