1	106.87	106.98	107.17	107.31	107.41	107.56	107.67	107.75	107.91	107.91	105.37	108.07	105.85	105.92	106.00	106.22	106.44	106.54	106.74	106.84
2	106.62	106.74	106.90	107.07	107.17	107.30	107.42	107.51	107.67	107.60	105.07	107.78	105.60	105.67	105.76	105.96	106.19	106.28	106.47	106.58
3	106.40	106.56	106.71	106.87	106.97	107.10	107.19	107.29	107.48	107.36	104.83	107.56	105.40	105.44	105.51	105.72	106.00	106.08	106.25	106.40
4	106.18	106.35	106.50	106.69	106.73	106.90	106.98	107.10	107.28	107.16	104.63	107.35	105.20	105.24	105.30	105.50	105.81	105.86	106.07	106.19
5	105.91	106.06	106.26	106.39	106.44	106.70	106.76	106.90	107.05	106.90	104.27	107.12	104.98	104.94	105.03	105.20	105.58	105.61	105.86	105.91
6	105.59	105.83	105.99	106.07	106.17	106.31	106.45	106.59	106.75	106.57	104.06	106.83	104.66	104.66	104.69	104.89	105.10	105.30	105.53	105.60
7	105.29	105.49	105.72	105.81	105.90	106.05	106.08	106.27	106.43	106.25	103.70	106.50	104.25	104.43	104.41	104.60	104.77	104.99	105.26	105.24
8	104.96	105.17	105.40	105.49	105.62	105.70	105.75	105.90	106.16	105.92	103.34	106.09	103.86	104.11	104.04	104.33	104.37	104.72	104.93	104.97
9	104.66	104.86	105.09	105.19	105.29	105.34	105.46	105.58	105.83	105.63	103.00	105.78	103.47	103.79	103.73	103.99	104.03	104.43	104.63	104.66
10	104.34	104.46	104.74	104.87	104.93	104.99	105.14	105.29	105.44	105.26	102.58	105.43	103.09	103.48	103.46	103.65	103.66	104.11	104.31	104.40
11	104.00	104.12	104.38	104.53	104.47	104.63	104.77	104.91	105.02	104.88	102.21	105.06	103.09	103.06	102.92	103.28	103.23	103.75	103.90	104.02
12	103.65	103.82	104.00	104.23	104.17	104.34	104.46	104.55	104.69	104.53	101.85	104.85	102.73	102.69	102.51	102.90	102.88	103.43	103.51	103.56
13	103.32	103.49	103.69	103.92	103.83	104.06	104.11	104.17	104.35	104.21	101.47	104.44	102.35	102.38	102.13	102.59	102.53	103.16	103.21	103.20
14	102.96	103.17	103.30	103.54	103.60	103.65	103.73	103.78	103.98	103.86	101.47	104.10	102.00	102.02	101.92	102.28	102.27	102.79	102.83	102.75
16	102.46	102.76	102.79	102.99	103.15	103.31	103.26	103.33	103.45	103.41	101.35	103.76	101.61	102.02	101.39	101.91	101.85	102.38	102.37	102.34
17	102.15	102.46	102.47	102.69	102.82	103.00	102.95	102.99	102.98	103.05	101.02	103.44	101.21	101.61	101.12	101.62	101.53	102.07	102.07	102.03
18	101.79	102.19	102.08	102.25	102.46	102.63	102.63	102.62	102.67	102.61	100.77	103.18	100.89	101.41	100.80	101.11	101.23	101.77	101.75	101.57
19	101.44	101.85	101.73	101.93	102.07	102.24	102.33	102.22	102.30	102.32	100.52	102.83	100.57	100.99	100.42	100.71	100.86	101.41	101.36	101.33
20	101.12	101.55	101.40	101.66	101.79	101.94	102.02	101.89	101.91	102.04	100.24	102.54	100.25	100.82	100.15	100.31	100.58	101.13	101.07	101.02
21	100.79	101.23	101.07	101.40	101.43	101.65	101.71	101.58	101.70	101.71	100.09	102.20	99.96	100.65	99.79	100.07	100.26	100.80	100.52	100.68
22	100.48	100.92	100.77	101.10	101.11	101.33	101.43	101.26	101.41	101.40	99.90	101.92	99.86	100.25	99.48	99.76	99.94	100.51	100.31	100.37
23	100.27	100.73	100.55	100.90	100.89	101.07	101.23	101.04	101.20	101.21	99.67	101.71	99.63	100.14	99.28	99.58	99.75	100.32	99.89	100.16
24	99.96	100.37	100.24	100.57	100.55	100.73	100.91	100.69	100.86	100.90	99.56	101.35	99.51	99.79	99.28	99.21	99.43	100.00	99.48	99.84
25	99.57	100.02	99.95	100.24	100.26	100.38	100.56	100.40	100.54	100.56	99.32	101.01	99.27	99.47	99.10	98.92	98.89	99.62	99.26	99.51
26	99.30	99.76	99.62	99.94	99.96	100.11	100.25	100.13	100.22	100.27	99.10	100.80	99.03	99.33	98.62	98.63	98.48	99.33	98.94	99.25
27	99.02	99.41	99.26	99.59	99.63	99.79	99.91	99.75	99.93	99.95	98.90	100.53	98.85	99.13	98.25	98.31	98.04	99.04	98.65	98.90
28	98.57	99.10	98.93	99.24	99.26	99.45	99.56	99.36	99.61	99.60	98.66	100.21	98.63	98.91	97.93	97.99	97.66	98.74	98.34	98.58
29	98.20	98.76	98.61	98.92	98.96	99.08	99.26	99.04	99.27	99.27	98.46	99.88	98.38	98.67	97.56	97.68	97.41	98.44	98.01	98.26
30	97.86	98.51	98.30	98.66	98.66	98.81	98.98	98.74	99.01	98.99	98.25	99.63	98.18	98.48	97.40	97.40	96.96	98.17	97.73	97.99
31	97.67	98.24	98.02	98.36	98.35	98.49	98.66	98.53	98.71	98.67	98.11	99.33	97.99	98.29	97.02	97.05	96.73	97.85	97.42	97.69
32	97.30	98.03	97.82	98.15	98.10	98.26	98.46	98.24	98.49	98.46	97.87	99.14	97.81	98.10	96.90	96.85	96.50	97.66	97.19	97.48
33	97.10	97.73	97.53	97.87	97.78	97.91	98.18	98.02	98.20	98.17	97.77	98.87	97.71	97.98	96.80	96.53	96.25	97.66	96.91	97.21
34	96.84	97.46	97.21	97.63	97.49	97.66	97.96	97.72	97.97	97.91	97.58	98.60	97.53	97.80	96.61	96.53	95.97	97.54	96.63	96.97
35	96.54	97.24	96.96	97.35	97.23	97.41	97.74	97.47	97.73	97.46	97.40	98.35	97.36	97.65	96.47	96.44	95.72	97.39	96.40	96.70
36	96.23	96.92	96.60	97.05	96.88	97.04	97.44	97.10	97.40	97.10	97.19	98.03	97.20	97.47	96.31	96.27	95.38	97.05	96.02	96.35
37	95.91	96.58	96.29	96.75	96.54	96.72	97.15	96.80	97.09	96.68	96.94	97.66	96.91	97.23	96.04	96.01	95.08	96.70	95.69	96.05
38	95.58	96.26	95.94	96.43	96.19	96.40	96.85	96.49	96.80	96.29	96.70	97.34	96.71	97.01	95.83	95.78	94.75	96.38	95.26	95.74
39	95.22	95.80	95.62	96.13	95.82	96.08	96.44	96.16	96.41	95.93	96.50	97.02	96.49	96.77	95.63	95.53	94.40	96.02	94.97	95.37
40	94.85	95.41	95.29	95.82	95.48	95.80	96.12	95.77	96.06	95.51	96.29	96.69	96.23	96.52	95.37	95.34	94.07	95.65	94.64	95.07
41	94.53	95.02	94.93	95.52	95.18	95.51	95.79	95.46	95.75	95.15	96.07	96.39	96.01	96.25	95.15	95.11	93.77	95.32	94.33	94.72
42	94.16	94.60	94.57	95.18	94.83	95.17	95.47	95.15	95.37	94.91	95.86	96.05	95.78	96.06	94.94	94.92	93.43	95.05	93.96	94.36
43	93.85	94.38	94.29	94.84	94.48	94.85	95.15	94.78	95.19	94.59	95.60	95.72	95.54	95.85	94.74	94.71	93.12	94.93	93.64	94.04
44	93.64	94.19	94.08	94.63	94.27	94.65	94.95	94.56	94.97	94.36	95.34	95.46	95.33	95.65	94.56	94.46	92.90	94.71	93.42	93.83
45	93.41	93.98	93.83	94.41	94.02	94.33	94.67	94.32	94.71	94.08	95.22	95.17	95.22	95.55	94.40	94.33	92.63	94.59	93.15	93.54
46	93.20	93.75	93.59	94.18	93.78	94.10	94.42	94.08	94.45	93.89	95.04	94.93	95.07	95.34	94.25	94.17	92.39	94.39	92.95	93.29
47	93.00	93.56	93.38	93.93	93.57	93.89	94.22	93.90	94.22	93.60	94.91	94.70	94.93	95.21	94.11	94.04	92.19	94.26	92.75	93.08
48	92.79	93.33	93.16	93.70	93.33	93.70	94.01	93.70	94.04	93.40	94.80	94.50	94.80	95.12	93.94	93.94	91.98	94.17	92.53	92.66
49	92.54	93.06	92.86	93.30	93.03	93.41	93.70	93.22	93.69	93.07	94.69	94.21	94.70	95.04	93.81	93.82	91.66	93.89	92.22	92.32
50	92.25	92.77	92.55	93.11	92.75	93.11	93.38	93.00	93.38	92.77	94.51	93.86	94.45	94.87	93.61	93.63	91.36	93.60	91.92	92.09
51	92.03	92.55	92.33	92.79	92.51	92.87	93.12	92.65	93.14	92.56	94.29	93.63	94.24	94.66	93.42	93.42	91.13	93.49	91.70	91.87
52	91.72	92.29	92.02	92.59	92.19	92.54	92.80	92.43	92.80	92.25	94.17	93.33	94.08	94.49	93.28	93.31	90.83	93.36	91.38	91.56
53	91.51	92.10	91.81	92.30	91.97	92.33	92.57	92.09	92.57	92.05	93.96	93.11	93.91	94.30	93.11	93.06	90.61	93.13	91.17	91.33
54	91.21	91.79	91.50	92.06	91.70	92.01	92.22	91.88	92.28	91.75	93.84	92.78	93.77	94.19	93.02	92.95	90.35	93.03	90.91	91.04
55	90.98	91.59	91.29	91.74	91.48	91.79	91.99	91.50	92.08	91.55	93.69	92.58	93.58	94.01	92.80	92.77	90.13	92.82	90.69	90.83
56	90.70	91.26	90.96	91.45	91.14	91.46	91.67	91.09	91.76	91.22	93.57	92.25	93.48	93.88	92.70	92.68	89.82	92.69	90.36	90.52
57	90.39	90.93	90.66	91.10	90.85	91.10	91.34	90.72	91.33	90.90	93.38	91.90	93.27	93.65	92.47	92.48	89.33	92.49	89.98	90.23
58	90.12	90.60	90.39	90.76	90.54	90.78	91.06	90.36	91.04	90.59	93.14	91.59	93.07	93.39	92.25	92.29	88.97	92.25	89.68	89.94
59	89.76	90.26	90.07	90.51	90.21	90.47	90.69	90.15	90.74	90.29	92.91	91.27	92.93	93.18	92.04	92.05	88.58	92.01	89.38	89.61
60	89.43	89.93	89.74	90.17	89.91	90.12	90.40	89.85	90.51	89.97	92.70	90.95	92.71	92.92	91.77	91.84	88.36	91.82	89.05	89.27
61	89.22	89.73	89.53	89.96	89.67	89.88	90.16	89.63	90.30	89.74	92.49	90.72	92.48	92.71	91.52	91.65	88.15	91.58	88.85	89.07
62	89.01	89.51	89.34	89.74	89.44	89.60	89.95	89.37	90.11	89.52	92.39	90.49	92.36	92.61	91.41	91.54	87.95	91.47	88.66	88.86
63	88.77	89.29	89.12	89.54	89.17	89.34	89.69	89.11	89.86	89.30	92.27	90.23	92.23	92.47	91.28	91.43	87.74	91.34	88.39	88.61
64	88.58	89.07	88.90	89.31	88.95	89.12	89.50	88.89	89.62	89.08	92.12	90.04	92.11	92.28	91.16	91.31	87.53	91.24	88.19	88.39
65	88.29	88.82	88.66	89.05	88.70	88.88	89.30	88.66	89.35	88.81	92.02	89.77	91.98	92.17	91.05	91.23	87.30	91.14	87.90	88.12
66	88.09	88.60	88.46	88.83	88.49	88.67	89.09	88.45	89.14	88.62	91.82	89.56	91.81	91.98	90.86	91.09	87.08	90.97	87.70	87.91
67	87.85	88.38	88.26	88.60	88.25	88.46	88.87	88.22	88.91	88.37	91.70	89.35	91.72	91.88	90.75	91.00	86.85	90.89	87.50	87.69
68	87.59	88.11	88.00	88.36	87.99	88.16	88.58	87.96	88.67	88.10	91.59	89.03	91.56	91.74	90.61	90.87	86.85	90.74	87.24	87.39
69	87.28	87.90	87.79	88.18	87.75	87.88	88.32	87.70	88.48	87.89	91.36	88.75	91.39	91.56	90.45	90.71	86.71	90.57	87.01	87.17
70	87.06	87.63	87.53	87.96	87.53	87.67	88.07	87.47	88.24	87.67	91.14	88.54	91.26	91.37	90.27	90.57	86.59	90.37	86.75	86.95
71	86.81	87.38	87.32	87.66	87.31	87.43	87.87	87.27	87.99	87.24	90.99	88.35	91.10	91.26	90.17	90.46	86.44	90.24	86.52	86.74
72	86.44	87.03	87.02	87.36	86.97	87.14	87.54	86.99	87.66	86.84	90.88	88.03	90.99	91.13	90.05	90.32	86.33	90.11	86.21	86.45
73	86.06	86.65	86.64	87.17	86.65	86.81	87.20	86.65	87.29	86.60	90.70	87.69	90.79	90.92	89.82	90.12	86.15	89.92	85.86	86.10
74	85.83	86.44	86.43	86.97	86.40	86.59	86.99	86.45	87.07	86.32	90.43	87.47	90.54	90.66	89.63	89.90	85.90	89.70	85.62	85.87
75	85.61	86.18	86.21	86.73	86.18	86.37	86.77	86.20	86.84	86.08	90.33	87.24	90.44	90.56	89.50	89.80	85.79	89.52	85.37	85.62
76	85.39	85.99	85.95	86.52	85.95	86.18	86.57	85.98	86.62	85.89	90.21	87.04	90.34	90.41	89.37	89.67	85.66	89.39	85.13	85.41
77	85.18	85.75	85.73	86.28	85.72	85.98	86.33	85.74	86.42	85.67	90.10	86.83	90.22	90.27	89.24	89.53	85.56	89.30	84.91	85.20
78	84.95	85.56	85.54	86.07	85.52	85.78	86.11	85.52	86.22	85.46	89.97	86.64	90.07	90.13	89.11	89.41	85.43	89.16	84.71	84.99
79	84.74	85.32	85.32	85.82	85.30	85.53	85.87	85.25	85.98	85.24	89.86	86.44	89.95	90.05	89.00	89.31	85.32	89.06	84.49	84.77
80	84.53	85.13	85.08	85.61	85.08	85.29	85.68	85.04	85.78	85.01	89.74	86.25	89.86	89.93	88.88	89.21	85.19	88.94	84.27	84.57
81	84.31	84.93	84.88	85.39	84.84	85.07	85.47	84.84	85.58	84.74	89.65	86.07	89.75	89.81	88.76	89.10	85.05	88.84	84.06	84.32
82	84.11	84.67	84.66	85.17	84.59	84.84	85.24	84.61	85.36	84.56	89.56	85.83	89.66	89.69	88.65	88.99	84.95	88.70	83.83	84.08
83	83.87	84.42	84.43	84.96	84.33	84.59	85.00	84.37	85.14	84.31	89.45	85.60	89.52	89.51	88.49	88.87	84.85	88.57	83.61	83.86
84	83.66	84.22	84.22	84.77	84.12	84.39	84.79	84.19	84.91	84.12	89.32	85.38	89.38	89.37	88.36	88.72	84.73	88.42	83.42	83.67
85	83.38	83.97	83.98	84.52	83.91	84.17	84.51	83.93	84.69	83.90	89.23	85.12	89.27	89.25	88.25	88.61	84.62	88.31	83.16	83.44
86	83.16	83.73	83.71	84.33	83.72	83.99	84.33	83.69	84.47	83.68	89.06	84.83	89.13	89.06	88.13	88.49	84.43	88.13	82.97	83.20
87	82.96	83.48	83.50	84.12	83.53	83.79	84.09	83.51	84.23	83.48	88.95	84.55	89.01	88.96	88.03	88.39	84.33	88.01	82.74	82.99
88	82.69	83.22	83.26	83.84	83.30	83.52	83.83	83.25	83.96	83.21	88.82	84.28	88.92	88.82	87.89	88.28	84.24	87.92	82.53	82.75
89	82.43	83.02	83.03	83.61	83.04	83.29	83.57	83.02	83.75	82.98	88.66	84.02	88.75	88.66	87.71	88.14	84.10	87.77	82.32	82.52
90	82.09	82.72	82.78	83.32	82.75	83.01	83.35	82.74	83.49	82.68	88.55	83.72	88.63	88.51	87.57	88.04	83.96	87.65	81.97	82.24
91	81.85	82.50	82.56	83.07	82.56	82.79	83.09	82.52	83.25	82.44	88.40	83.44	88.51	88.29	87.36	87.86	83.77	87.47	81.75	82.03
92	81.68	82.32	82.34	82.87	82.35	82.55	82.84	82.29	83.07	82.25	88.25	83.22	88.41	88.14	87.25	87.69	83.60	87.36	81.55	81.80
93	81.46	82.09	82.11	82.66	82.13	82.38	82.63	82.08	82.86	82.05	88.16	83.02	88.27	88.00	87.15	87.55	83.45	87.22	81.35	81.57
94	81.26	81.90	81.92	82.46	81.92	82.18	82.43	81.85	82.67	81.86	88.04	82.82	88.15	87.88	86.99	87.41	83.35	87.10	81.11	81.37
95	81.07	81.68	81.71	82.24	81.71	81.98	82.21	81.63	82.47	81.65	87.95	82.59	88.01	87.75	86.89	87.27	83.26	86.99	80.87	81.15
96	80.83	81.45	81.47	82.00	81.50	81.75	81.99	81.40	82.23	81.45	87.85	82.34	87.90	87.63	86.76	87.12	83.13	86.88	80.64	80.96
97	80.62	81.25	81.27	81.78	81.28	81.53	81.77	81.21	82.04	81.24	87.72	82.14	87.76	87.48	86.62	87.01	82.98	86.75	80.44	80.75
98	80.37	80.98	81.01	81.51	81.02	81.53	81.53	80.94	81.78	81.01	87.61	81.87	87.66	87.38	86.49	86.86	82.88	86.64	80.19	80.48
99	80.09	80.72	80.74	81.22	80.76	81.40	81.53	80.68	81.51	80.75	87.45	81.63	87.51	87.18	86.31	86.68	82.70	86.48	79.94	80.21
100	79.88	80.49	80.54	80.99	80.53	81.22	81.44	80.47	81.30	80.55	87.31	81.43	87.32	87.01	86.15	86.53	82.53	86.28	79.74	80.01
101	79.68	80.27	80.33	80.74	80.34	81.10	81.35	80.25	81.10	80.33	87.21	81.24	87.22	86.91	86.07	86.42	82.41	86.18	79.55	79.78
102	79.49	80.07	80.12	80.54	80.15	80.99	81.22	80.05	80.88	80.14	87.11	80.86	87.11	86.80	85.96	86.30	82.29	86.06	79.33	79.60
103	79.16	79.79	79.79	80.26	79.86	80.87	80.91	79.77	80.60	79.85	87.00	80.62	86.99	86.69	85.85	86.20	82.19	85.95	79.07	79.28
104	78.87	79.47	79.51	79.92	79.54	80.64	80.78	79.77	80.35	79.50	86.82	80.21	86.74	86.48	85.64	86.02	81.97	85.75	78.75	78.97
105	78.62	79.23	79.26	79.66	79.29	80.47	80.40	79.61	80.09	79.27	86.64	79.84	86.53	86.35	85.44	85.86	81.80	85.57	78.51	78.74
106	78.35	78.97	78.93	79.35	78.93	80.23	80.10	79.49	79.74	78.94	86.46	79.60	86.35	86.12	85.30	85.65	81.64	85.45	78.22	78.39
107	78.10	78.71	78.57	79.10	78.68	80.05	80.00	79.23	79.46	78.58	86.22	79.34	86.09	85.89	85.07	85.43	81.47	85.25	77.94	78.13
108	77.82	78.33	78.27	78.79	78.34	79.89	79.88	78.90	79.16	78.21	86.05	78.83	85.87	85.71	84.80	85.27	81.30	85.12	77.63	77.82
109	77.48	77.97	77.94	78.45	77.99	79.68	79.49	78.61	78.86	77.99	85.79	78.48	85.69	85.44	84.57	85.02	81.07	84.90	77.32	77.46
110	77.48	77.64	77.60	78.12	77.71	79.46	79.15	78.46	78.57	77.65	85.55	78.10	85.51	85.27	84.36	84.77	80.86	84.68	77.32	77.11
111	77.35	77.36	77.29	77.80	77.43	79.23	78.85	78.29	78.31	77.23	85.36	77.79	85.28	85.05	84.12	84.55	80.66	84.52	77.18	76.82
112	77.18	76.99	76.96	77.51	77.12	79.05	78.59	77.90	78.02	77.01	85.11	77.59	85.07	84.81	83.94	84.36	80.45	84.36	77.01	76.52
113	76.94	76.77	76.73	77.26	76.91	78.81	78.43	77.81	77.81	76.79	84.83	77.39	84.85	84.60	83.76	84.14	80.21	84.14	76.77	76.31
114	76.83	76.53	76.55	77.00	76.67	78.69	78.29	77.68	77.59	76.58	84.68	77.20	84.71	84.46	83.64	84.00	80.09	84.02	76.65	76.10
115	76.71	76.29	76.27	76.75	76.41	78.56	78.17	77.58	77.34	76.32	84.57	77.20	84.59	84.31	83.53	83.89	79.97	83.89	76.50	75.83
116	76.54	76.07	76.04	76.54	76.22	78.41	78.03	77.41	77.11	76.11	84.46	77.11	84.42	84.14	83.36	83.71	79.80	83.68	76.36	75.62
117	76.39	75.85	75.84	76.30	76.01	78.28	77.88	77.26	76.88	75.89	84.35	76.99	84.24	84.01	83.20	83.58	79.66	83.58	76.26	75.41
118	76.28	75.63	75.64	76.08	75.82	78.18	77.75	77.13	76.70	75.68	84.22	76.86	84.16	83.91	83.07	83.46	79.51	83.47	76.15	75.17
119	76.16	75.40	75.42	75.82	75.62	78.04	77.65	77.02	76.47	75.42	84.07	76.70	84.04	83.78	82.95	83.35	79.39	83.35	76.01	74.94
120	76.00	75.17	75.17	75.58	75.32	77.86	77.54	76.87	76.23	75.16	83.93	76.59	83.90	83.64	82.79	83.18	79.27	83.22	75.89	74.94
121	75.82	74.94	74.94	75.35	74.97	77.72	77.36	76.71	75.99	74.95	83.73	76.44	83.70	83.50	82.63	83.04	79.14	83.06	75.73	74.83
122	75.74	74.69	74.94	74.89	74.71	77.57	77.26	76.52	75.70	74.72	83.54	76.30	83.48	83.41	82.51	82.84	79.01	82.93	75.59	74.71
123	75.36	74.40	74.84	74.51	74.41	77.43	77.08	76.35	75.38	74.41	83.42	76.11	83.33	83.23	82.34	82.71	78.87	82.79	75.41	74.57
124	75.02	74.05	74.66	74.29	74.11	77.24	76.88	76.10	75.03	74.41	83.23	75.95	83.15	83.00	82.14	82.51	78.65	82.57	75.17	74.33
125	74.87	73.85	74.43	73.94	73.88	76.99	76.66	75.83	74.75	74.22	83.01	75.66	82.92	82.81	81.85	82.22	78.40	82.37	74.89	74.10
126	74.56	73.56	74.28	73.53	73.58	76.90	76.53	75.70	74.75	74.10	82.87	75.56	82.78	82.67	81.76	82.10	78.30	82.25	74.79	73.99
127	74.23	73.21	74.05	73.28	73.23	76.69	76.31	75.51	74.61	73.90	82.64	75.33	82.58	82.46	81.57	81.91	78.10	82.04	74.62	73.75
128	74.11	72.93	73.78	72.91	72.97	76.46	76.11	75.25	74.35	73.62	82.35	75.07	82.39	82.22	81.37	81.68	77.83	81.80	74.27	73.52
129	73.75	72.64	73.64	72.70	72.68	76.32	75.92	75.11	74.23	73.50	82.17	74.97	82.26	82.07	81.25	81.58	77.69	81.65	74.08	73.40
130	73.63	72.43	73.43	72.47	72.46	76.08	75.73	74.92	74.04	73.29	81.98	74.76	82.03	81.89	81.03	81.36	77.50	81.41	73.89	73.16
131	73.52	72.21	73.32	72.26	72.27	75.94	75.64	74.82	73.92	73.16	81.87	74.65	81.90	81.79	80.94	81.26	77.39	81.31	73.77	73.03
132	73.40	72.01	73.22	72.05	72.06	75.82	75.52	74.69	73.80	73.08	81.81	74.55	81.77	81.66	80.86	81.09	77.29	81.21	73.64	72.93
133	73.27	71.78	73.12	71.79	71.82	75.73	75.42	74.58	73.69	72.97	81.68	74.45	81.66	81.56	80.77	80.99	77.16	81.08	73.52	72.81
134	73.14	71.78	72.99	71.55	71.54	75.61	75.32	74.44	73.56	72.86	81.58	74.35	81.54	81.43	80.64	80.85	77.05	80.96	73.40	72.70
135	72.98	71.67	72.84	71.31	71.31	75.48	75.18	74.25	73.41	72.74	81.40	74.22	81.37	81.27	80.47	80.71	76.88	80.80	73.22	72.55
136	72.85	71.55	72.74	71.08	71.07	75.33	75.05	74.11	73.28	72.61	81.26	74.08	81.25	81.14	80.36	80.57	76.77	80.70	73.11	72.43
137	72.76	71.43	72.59	70.77	71.07	75.20	74.94	73.97	73.16	72.44	81.11	73.98	81.13	81.00	80.25	80.44	76.67	80.56	73.00	72.28
138	72.57	71.26	72.39	70.57	70.95	74.99	74.77	73.83	72.97	72.22	80.90	73.79	80.96	80.78	80.06	80.27	76.52	80.36	72.81	72.06
139	72.43	71.15	72.26	70.57	70.87	74.89	74.66	73.73	72.88	72.12	80.81	73.66	80.86	80.68	79.95	80.13	76.42	80.24	72.73	71.94
140	72.25	71.02	72.14	70.47	70.71	74.72	74.55	73.59	72.72	71.98	80.65	73.55	80.70	80.55	79.78	80.00	76.24	80.09	72.59	71.75
141	72.13	70.87	72.04	70.33	70.58	74.58	74.41	73.45	72.60	71.84	80.51	73.43	80.59	80.43	79.68	79.89	76.11	79.96	72.48	71.63
142	72.01	70.77	71.93	70.24	70.45	74.47	74.31	73.36	72.48	71.75	80.42	73.32	80.44	80.34	79.53	79.74	75.97	79.85	72.36	71.51
143	71.85	70.65	71.73	70.08	70.32	74.31	74.14	73.24	72.29	71.61	80.30	73.12	80.23	80.20	79.42	79.59	75.79	79.76	72.25	71.33
144	71.73	70.53	71.59	69.96	70.21	74.21	74.04	73.14	72.18	71.50	80.17	72.99	80.07	80.08	79.31	79.47	75.67	79.63	72.15	71.22
145	71.62	70.39	71.45	69.85	70.09	74.03	73.95	73.01	72.08	71.41	80.06	72.90	79.93	79.97	79.15	79.37	75.51	79.45	71.98	71.11
146	71.49	70.30	71.35	69.77	69.95	73.90	73.87	72.93	71.99	71.30	79.97	72.78	79.83	79.87	79.02	79.28	75.39	79.30	71.86	71.00
147	71.40	70.18	71.24	69.70	69.86	73.78	73.78	72.87	71.86	71.16	79.88	72.67	79.69	79.78	78.95	79.18	75.19	79.16	71.76	70.89
148	71.29	70.04	71.12	69.55	69.76	73.64	73.70	72.76	71.73	71.05	79.74	72.57	79.58	79.68	78.82	79.06	75.07	79.06	71.61	70.74
149	71.19	69.93	71.02	69.45	69.66	73.52	73.61	72.67	71.61	70.95	79.64	72.47	79.48	79.55	78.71	78.96	74.98	78.94	71.49	70.63
150	71.05	69.77	70.87	69.31	69.51	73.34	73.43	72.53	71.50	70.83	79.53	72.33	79.33	79.38	78.58	78.80	74.83	78.78	71.39	70.49
151	70.92	69.65	70.75	69.21	69.37	73.19	73.29	72.38	71.38	70.75	79.45	72.22	79.22	79.29	78.46	78.67	74.74	78.64	71.27	70.38
152	70.79	69.54	70.66	69.08	69.20	73.06	73.16	72.31	71.22	70.63	79.32	72.12	79.12	79.15	78.32	78.56	74.60	78.48	71.14	70.25
153	70.60	69.44	70.53	68.93	69.09	72.94	73.03	72.19	71.11	70.52	79.09	72.01	78.95	79.00	78.18	78.44	74.46	78.26	71.01	70.12
154	70.47	69.28	70.40	68.78	68.95	72.81	72.88	72.07	70.97	70.36	78.92	71.90	78.80	78.86	78.05	78.29	74.32	78.13	70.88	69.98
155	70.36	69.17	70.28	68.62	68.87	72.70	72.69	71.96	70.82	70.23	78.82	71.80	78.67	78.69	77.94	78.21	74.21	77.94	70.68	69.83
156	70.23	69.06	70.18	68.51	68.74	72.55	72.59	71.84	70.74	70.10	78.70	71.66	78.54	78.55	77.80	78.10	74.12	77.82	70.55	69.69
157	70.12	68.96	70.05	68.38	68.66	72.44	72.47	71.75	70.60	70.02	78.61	71.57	78.42	78.44	77.69	77.97	74.01	77.70	70.43	69.56
158	70.00	68.82	69.94	68.23	68.52	72.32	72.33	71.61	70.46	69.87	78.49	71.42	78.26	78.30	77.54	77.84	73.88	77.55	70.31	69.44
159	69.89	68.68	69.79	68.13	68.40	72.21	72.22	71.51	70.37	69.77	78.39	71.33	78.16	78.17	77.43	77.71	73.75	77.39	70.20	69.32
160	69.76	68.56	69.64	67.99	68.31	72.07	72.10	71.39	70.21	69.64	78.24	71.19	78.05	78.06	77.31	77.58	73.59	77.27	70.07	69.19
161	69.63	68.46	69.52	67.81	68.20	71.96	71.99	71.27	70.09	69.53	78.13	71.06	77.93	77.94	77.19	77.46	73.46	77.18	69.95	69.07
162	69.52	68.36	69.42	67.71	68.11	71.85	71.88	71.16	69.96	69.43	78.00	70.93	77.82	77.84	77.11	77.36	73.35	77.06	69.85	68.97
163	69.41	68.22	69.30	67.60	68.02	71.69	71.74	71.03	69.83	69.32	77.88	70.81	77.69	77.73	76.95	77.23	73.26	76.97	69.67	68.86
164	69.30	68.08	69.19	67.49	67.89	71.58	71.60	70.93	69.72	69.23	77.76	70.70	77.60	77.62	76.79	77.13	73.16	76.87	69.52	68.74
165	69.15	67.93	69.05	67.34	67.75	71.41	71.46	70.76	69.61	69.07	77.62	70.54	77.43	77.47	76.70	76.97	72.96	76.70	69.33	68.60
166	68.99	67.79	68.96	67.20	67.62	71.29	71.36	70.65	69.48	68.91	77.48	70.41	77.31	77.30	76.57	76.83	72.83	76.59	69.22	68.43
167	68.86	67.65	68.82	67.03	67.45	71.15	71.22	70.50	69.31	68.75	77.33	70.30	77.23	77.07	76.48	76.68	72.67	76.42	69.11	68.30
168	68.73	67.51	68.69	66.92	67.33	71.03	71.08	70.41	69.22	68.65	77.23	70.18	77.13	76.98	76.34	76.57	72.55	76.32	69.00	68.17
169	68.60	67.42	68.59	66.83	67.22	70.93	70.96	70.29	69.13	68.54	77.12	70.06	77.02	76.88	76.25	76.46	72.43	76.22	68.89	68.05
170	68.48	67.31	68.45	66.71	67.09	70.77	70.88	70.20	69.02	68.37	77.00	69.89	76.83	76.79	76.13	76.32	72.24	76.08	68.78	67.92
171	68.35	67.15	68.27	66.59	66.94	70.62	70.74	70.10	68.84	68.19	76.86	69.75	76.72	76.67	75.99	76.21	72.06	75.97	68.64	67.80
172	68.25	67.03	68.14	66.49	66.84	70.53	70.62	69.95	68.70	68.07	76.69	69.63	76.63	76.56	75.84	76.06	71.97	75.82	68.52	67.66
173	68.16	66.95	68.03	66.40	66.75	70.44	70.51	69.87	68.59	67.97	76.58	69.55	76.51	76.48	75.74	75.99	71.86	75.72	68.42	67.58
174	68.06	66.85	67.93	66.30	66.65	70.33	70.39	69.76	68.49	67.85	76.47	69.43	76.40	76.39	75.65	75.89	71.76	75.62	68.31	67.47
175	67.88	66.73	67.83	66.19	66.55	70.21	70.27	69.66	68.39	67.72	76.33	69.32	76.26	76.28	75.57	75.80	71.68	75.52	68.20	67.34
176	67.71	66.65	67.73	66.07	66.44	70.12	70.16	69.55	68.29	67.61	76.22	69.24	76.17	76.17	75.44	75.70	71.57	75.37	68.10	67.23
177	67.58	66.54	67.60	65.94	66.26	69.99	70.03	69.43	68.18	67.49	76.10	69.11	76.05	76.04	75.31	75.58	71.42	75.26	67.97	67.11
178	67.47	66.45	67.45	65.83	66.12	69.90	69.93	69.25	68.09	67.38	75.99	68.99	75.90	75.91	75.18	75.45	71.30	75.14	67.86	67.02
179	67.32	66.33	67.29	65.64	65.99	69.73	69.78	69.12	67.89	67.18	75.78	68.82	75.75	75.78	75.06	75.34	71.14	74.97	67.70	66.87
180	67.18	66.18	67.13	65.53	65.84	69.57	69.63	68.98	67.71	67.01	75.62	68.67	75.60	75.62	74.89	75.20	70.97	74.76	67.55	66.72
181	67.07	66.06	67.02	65.43	65.68	69.44	69.44	68.86	67.57	66.89	75.49	68.56	75.49	75.48	74.77	75.07	70.80	74.66	67.47	66.61
182	66.93	65.92	66.88	65.31	65.52	69.31	69.33	68.74	67.44	66.74	75.37	68.41	75.36	75.36	74.60	74.95	70.69	74.53	67.35	66.51
183	66.81	65.76	66.79	65.18	65.45	69.21	69.21	68.64	67.35	66.60	75.28	68.29	75.26	75.25	74.50	74.81	70.58	74.44	67.23	66.38
184	66.66	65.58	66.63	65.04	65.33	69.10	69.10	68.52	67.20	66.42	75.13	68.15	75.14	75.14	74.36	74.71	70.44	74.27	67.10	66.29
185	66.58	65.51	66.52	64.94	65.24	68.95	68.96	68.35	67.09	66.33	74.99	68.04	75.05	75.00	74.24	74.61	70.32	74.16	66.97	66.12
186	66.46	65.40	66.38	64.84	65.14	68.83	68.85	68.25	66.98	66.21	74.90	67.92	74.94	74.89	74.14	74.50	70.21	74.05	66.84	65.98
187	66.35	65.32	66.28	64.74	65.04	68.72	68.74	68.13	66.83	66.11	74.78	67.82	74.82	74.79	74.04	74.39	70.10	73.94	66.73	65.87
188	66.23	65.20	66.18	64.63	64.94	68.63	68.56	68.03	66.67	65.98	74.69	67.72	74.72	74.68	73.93	74.30	69.98	73.82	66.61	65.73
189	66.12	65.11	66.07	64.51	64.83	68.52	68.47	67.93	66.57	65.84	74.60	67.57	74.63	74.55	73.81	74.20	69.89	73.68	66.51	65.61
190	66.00	65.00	65.90	64.36	64.71	68.38	68.32	67.81	66.45	65.72	74.45	67.40	74.52	74.38	73.70	74.07	69.75	73.53	66.38	65.50
191	65.89	64.91	65.76	64.22	64.58	68.25	68.19	67.68	66.32	65.63	74.35	67.30	74.42	74.26	73.58	73.95	69.64	73.42	66.28	65.38
192	65.76	64.76	65.64	64.07	64.43	68.10	68.05	67.53	66.24	65.51	74.20	67.17	74.28	74.14	73.43	73.84	69.48	73.29	66.10	65.23
193	65.66	64.58	65.52	63.95	64.31	67.97	67.95	67.43	66.11	65.39	74.09	67.05	74.13	74.03	73.33	73.75	69.37	73.19	66.00	65.11
194	65.55	64.50	65.42	63.85	64.21	67.88	67.85	67.33	66.01	65.28	73.99	66.94	74.04	73.93	73.25	73.62	69.28	73.11	65.92	65.03
195	65.44	64.35	65.26	63.74	64.06	67.75	67.74	67.17	65.91	65.16	73.88	66.84	73.85	73.70	73.14	73.49	69.15	73.00	65.84	64.86
196	65.31	64.22	65.15	63.61	63.89	67.65	67.57	67.04	65.80	65.06	73.76	66.74	73.71	73.58	73.02	73.36	69.02	72.89	65.73	64.71
197	65.16	64.07	65.06	63.49	63.76	67.53	67.41	66.91	65.70	64.94	73.66	66.60	73.57	73.43	72.87	73.27	68.93	72.79	65.59	64.60
198	65.04	63.98	64.95	63.38	63.64	67.43	67.32	66.81	65.62	64.86	73.56	66.49	73.46	73.32	72.75	73.19	68.85	72.69	65.46	64.51
199	64.95	63.87	64.87	63.29	63.53	67.33	67.22	66.73	65.50	64.75	73.45	66.39	73.38	73.19	72.66	73.09	68.75	72.59	65.36	64.42
200	64.86	63.77	64.77	63.17	63.40	67.24	67.11	66.62	65.39	64.66	73.33	66.30	73.29	73.09	72.55	72.98	68.66	72.49	65.26	64.31
201	64.71	63.58	64.58	62.99	63.22	67.13	66.96	66.46	65.24	64.50	73.13	66.13	73.09	72.98	72.37	72.81	68.51	72.30	65.05	64.13
202	64.61	63.46	64.44	62.85	63.10	67.03	66.84	66.35	65.15	64.42	73.01	66.02	72.96	72.83	72.26	72.68	68.38	72.15	64.91	64.02
203	64.49	63.34	64.37	62.70	62.99	66.92	66.73	66.23	65.04	64.31	72.90	65.92	72.86	72.72	72.14	72.58	68.25	72.05	64.76	63.89
204	64.33	63.24	64.26	62.56	62.92	66.81	66.62	66.13	64.93	64.20	72.80	65.80	72.75	72.58	71.98	72.46	68.11	71.94	64.63	63.79
205	64.21	63.14	64.15	62.44	62.82	66.68	66.52	66.02	64.81	64.10	72.69	65.70	72.63	72.45	71.87	72.34	67.99	71.84	64.51	63.68
206	64.07	63.00	64.03	62.33	62.72	66.58	66.40	65.88	64.69	64.01	72.57	65.59	72.49	72.31	71.74	72.22	67.85	71.71	64.39	63.57
207	63.96	62.88	63.92	62.25	62.63	66.48	66.31	65.79	64.56	63.92	72.46	65.49	72.36	72.18	71.62	72.13	67.74	71.58	64.29	63.48
208	63.86	62.76	63.81	62.16	62.54	66.39	66.19	65.70	64.45	63.83	72.36	65.37	72.27	72.08	71.52	72.03	67.61	71.48	64.21	63.36
209	63.76	62.60	63.69	62.04	62.45	66.31	66.06	65.59	64.31	63.66	72.23	65.22	72.12	71.96	71.35	71.91	67.49	71.39	64.12	63.22
210	63.65	62.51	63.59	61.90	62.34	66.20	65.97	65.46	64.21	63.56	72.10	65.14	72.01	71.89	71.23	71.81	67.37	71.32	64.02	63.13
211	63.52	62.43	63.44	61.80	62.18	66.10	65.84	65.36	64.11	63.45	71.99	65.04	71.84	71.77	71.12	71.69	67.23	71.22	63.88	63.04
212	63.39	62.30	63.32	61.63	62.07	65.99	65.70	65.25	63.99	63.34	71.84	64.88	71.66	71.68	70.90	71.59	67.09	71.10	63.77	62.86
213	63.24	62.17	63.21	61.54	61.96	65.88	65.57	65.15	63.86	63.25	71.74	64.75	71.56	71.56	70.77	71.43	66.96	70.99	63.67	62.72
214	63.13	62.07	63.10	61.42	61.84	65.79	65.46	65.06	63.72	63.15	71.63	64.65	71.45	71.46	70.64	71.30	66.86	70.87	63.57	62.62
215	63.06	61.97	63.00	61.31	61.72	65.66	65.33	64.96	63.63	63.05	71.48	64.57	71.34	71.36	70.53	71.16	66.76	70.77	63.47	62.52
216	62.97	61.89	62.86	61.20	61.57	65.50	65.22	64.87	63.48	62.91	71.37	64.49	71.25	71.22	70.44	71.07	66.67	70.59	63.37	62.42
217	62.85	61.77	62.74	61.06	61.46	65.33	65.12	64.76	63.39	62.79	71.25	64.40	71.12	71.11	70.30	70.96	66.56	70.47	63.18	62.25
218	62.75	61.64	62.59	60.96	61.33	65.21	65.00	64.61	63.22	62.66	71.13	64.28	71.00	70.99	70.15	70.83	66.44	70.35	63.09	62.13
219	62.64	61.52	62.48	60.86	61.24	65.10	64.91	64.50	63.11	62.56	71.04	64.17	70.90	70.88	70.03	70.74	66.34	70.26	62.97	62.04
220	62.50	61.36	62.32	60.68	61.09	64.94	64.75	64.38	62.99	62.45	70.86	64.00	70.71	70.72	69.89	70.57	66.20	70.15	62.86	61.87
221	62.39	61.26	62.22	60.56	60.95	64.80	64.63	64.25	62.84	62.33	70.72	63.89	70.60	70.59	69.79	70.42	66.02	70.00	62.75	61.75
222	62.25	61.12	62.03	60.42	60.81	64.66	64.51	64.10	62.74	62.20	70.50	63.80	70.48	70.48	69.65	70.22	65.83	69.90	62.61	61.61
223	62.12	60.99	61.92	60.30	60.69	64.54	64.37	63.98	62.61	62.09	70.39	63.66	70.38	70.34	69.52	70.12	65.72	69.76	62.50	61.51
224	62.01	60.81	61.76	60.14	60.54	64.38	64.22	63.84	62.49	61.96	70.29	63.53	70.26	70.17	69.35	69.97	65.55	69.67	62.41	61.38
225	61.90	60.73	61.65	60.01	60.43	64.29	64.08	63.76	62.40	61.85	70.17	63.41	70.11	70.03	69.20	69.87	65.47	69.57	62.28	61.28
226	61.79	60.63	61.53	59.91	60.31	64.18	64.00	63.67	62.30	61.75	70.06	63.31	70.02	69.95	69.11	69.76	65.36	69.48	62.17	61.18
227	61.69	60.54	61.43	59.80	60.20	64.07	63.89	63.58	62.18	61.65	69.95	63.20	69.90	69.85	69.00	69.63	65.26	69.39	62.06	61.03
228	61.58	60.38	61.30	59.69	60.10	63.97	63.77	63.45	62.07	61.52	69.86	63.10	69.78	69.74	68.88	69.52	65.09	69.27	61.97	60.80
229	61.40	60.22	61.11	59.53	59.92	63.81	63.62	63.28	61.89	61.37	69.69	62.93	69.62	69.59	68.70	69.32	64.93	69.09	61.80	60.69
230	61.28	60.11	61.03	59.44	59.76	63.71	63.53	63.18	61.80	61.26	69.57	62.81	69.52	69.46	68.56	69.21	64.84	68.99	61.70	60.60
231	61.13	59.96	60.90	59.31	59.64	63.57	63.34	63.01	61.67	61.10	69.40	62.66	69.33	69.28	68.36	69.06	64.75	68.86	61.56	60.44
232	61.03	59.87	60.78	59.21	59.52	63.46	63.24	62.91	61.56	60.97	69.28	62.54	69.23	69.18	68.25	68.96	64.65	68.74	61.47	60.36
233	60.94	59.76	60.68	59.11	59.39	63.33	63.12	62.82	61.44	60.88	69.20	62.44	69.12	69.08	68.15	68.86	64.56	68.63	61.39	60.24
234	60.84	59.65	60.56	59.03	59.27	63.21	63.01	62.71	61.32	60.77	69.11	62.33	69.02	68.97	68.04	68.74	64.48	68.52	61.31	60.14
235	60.73	59.50	60.44	58.91	59.10	63.09	62.90	62.62	61.24	60.67	68.93	62.23	68.84	68.87	67.91	68.62	64.38	68.43	61.22	60.03
236	60.64	59.40	60.32	58.78	59.00	62.97	62.78	62.51	61.08	60.57	68.84	62.14	68.70	68.77	67.76	68.45	64.27	68.32	61.12	59.90
237	60.49	59.24	60.18	58.64	58.84	62.82	62.62	62.40	60.93	60.37	68.68	61.97	68.54	68.59	67.63	68.33	64.11	68.17	60.97	59.75
238	60.36	59.09	60.06	58.53	58.75	62.72	62.52	62.29	60.78	60.27	68.55	61.83	68.41	68.43	67.52	68.23	63.97	68.08	60.85	59.64
239	60.22	58.95	59.91	58.36	58.63	62.59	62.38	62.18	60.68	60.17	68.39	61.71	68.27	68.33	67.40	68.10	63.85	67.96	60.71	59.49
240	60.08	58.84	59.79	58.24	58.53	62.48	62.27	62.06	60.58	60.03	68.27	61.62	68.15	68.22	67.29	68.00	63.74	67.86	60.60	59.34
241	59.92	58.75	59.68	58.08	58.36	62.36	62.16	61.91	60.44	59.93	68.14	61.43	68.04	68.05	67.18	67.87	63.61	67.74	60.48	59.20
242	59.80	58.62	59.56	57.94	58.26	62.26	62.06	61.83	60.34	59.79	68.04	61.34	67.93	67.97	67.05	67.77	63.45	67.64	60.37	59.08
243	59.69	58.49	59.46	57.84	58.14	62.15	61.96	61.72	60.22	59.67	67.94	61.22	67.82	67.88	66.92	67.66	63.33	67.53	60.27	58.98
244	59.55	58.40	59.36	57.71	58.04	62.02	61.83	61.60	60.08	59.59	67.81	61.11	67.73	67.75	66.79	67.55	63.22	67.40	60.15	58.84
245	59.48	58.29	59.25	57.58	57.95	61.91	61.73	61.50	59.98	59.49	67.73	61.03	67.62	67.63	66.66	67.47	63.09	67.31	60.04	58.74
246	59.38	58.18	59.13	57.45	57.80	61.81	61.61	61.38	59.89	59.38	67.60	60.91	67.52	67.53	66.55	67.33	62.96	67.15	59.92	58.57
247	59.29	58.08	59.04	57.31	57.68	61.68	61.51	61.24	59.74	59.26	67.50	60.76	67.42	67.40	66.43	67.21	62.80	67.03	59.78	58.47
248	59.11	57.95	58.89	57.16	57.56	61.55	61.36	61.08	59.61	59.12	67.33	60.63	67.29	67.26	66.24	67.09	62.63	66.90	59.64	58.29
249	58.97	57.75	58.81	56.97	57.39	61.35	61.19	60.87	59.46	58.99	67.18	60.48	67.14	67.09	66.04	66.95	62.39	66.67	59.46	58.12
250	58.83	57.66	58.71	56.81	57.28	61.22	61.03	60.67	59.36	58.87	66.97	60.32	67.03	66.99	65.95	66.82	62.24	66.55	59.28	58.01
251	58.75	57.52	58.60	56.66	57.19	61.09	60.88	60.57	59.25	58.77	66.84	60.18	66.95	66.90	65.82	66.71	62.14	66.44	59.16	57.92
252	58.64	57.43	58.49	56.54	57.06	61.00	60.80	60.45	59.13	58.63	66.73	60.07	66.87	66.76	65.70	66.58	62.02	66.34	59.05	57.81
253	58.54	57.33	58.35	56.39	56.96	60.89	60.70	60.33	59.04	58.54	66.62	59.97	66.76	66.66	65.61	66.43	61.93	66.24	58.96	57.70
254	58.44	57.23	58.25	56.26	56.89	60.75	60.59	60.25	58.95	58.47	66.49	59.90	66.61	66.52	65.51	66.27	61.83	66.17	58.87	57.62
255	58.31	57.14	58.15	56.18	56.79	60.65	60.47	60.13	58.85	58.36	66.40	59.80	66.51	66.41	65.40	66.15	61.71	66.08	58.77	57.53
256	58.19	57.04	58.05	56.08	56.68	60.55	60.33	60.02	58.70	58.18	66.23	59.66	66.40	66.25	65.31	65.96	61.60	65.95	58.66	57.41
257	58.07	56.94	57.94	55.97	56.54	60.44	60.19	59.90	58.59	58.03	66.10	59.55	66.30	66.10	65.19	65.87	61.46	65.85	58.56	57.30
258	57.97	56.85	57.83	55.86	56.42	60.34	60.08	59.80	58.48	57.91	65.96	59.45	66.21	65.97	65.09	65.78	61.35	65.76	58.46	57.17
259	57.84	56.70	57.70	55.72	56.30	60.21	59.99	59.68	58.37	57.78	65.85	59.31	66.10	65.86	64.97	65.63	61.25	65.63	58.35	57.05
260	57.70	56.56	57.51	55.53	56.12	60.08	59.83	59.57	58.20	57.60	65.74	59.17	65.93	65.70	64.82	65.47	61.04	65.51	58.22	56.92
261	57.55	56.45	57.41	55.37	55.98	59.98	59.70	59.44	58.08	57.45	65.63	59.06	65.82	65.58	64.66	65.33	60.93	65.39	58.11	56.80
262	57.44	56.35	57.31	55.28	55.86	59.87	59.58	59.32	57.99	57.34	65.55	58.94	65.70	65.51	64.55	65.21	60.80	65.27	58.00	56.69
263	57.30	56.22	57.16	55.15	55.74	59.72	59.47	59.15	57.86	57.21	65.45	58.78	65.55	65.37	64.44	65.07	60.67	65.14	57.87	56.59
264	57.16	56.12	57.02	55.00	55.60	59.61	59.35	58.98	57.76	57.09	65.33	58.65	65.39	65.25	64.28	64.92	60.53	64.99	57.72	56.45
265	57.09	55.99	56.91	54.89	55.49	59.51	59.25	58.89	57.66	57.00	65.20	58.54	65.28	65.12	64.20	64.83	60.43	64.87	57.63	56.34
266	57.01	55.89	56.81	54.79	55.40	59.39	59.15	58.80	57.55	56.91	65.09	58.46	65.17	65.03	64.09	64.75	60.34	64.75	57.54	56.25
267	56.89	55.77	56.69	54.69	55.27	59.27	59.02	58.69	57.43	56.78	64.96	58.36	65.04	64.91	63.97	64.62	60.22	64.61	57.43	56.11
268	56.73	55.68	56.57	54.57	55.15	59.14	58.92	58.59	57.29	56.68	64.88	58.26	64.92	64.80	63.88	64.51	60.07	64.49	57.33	55.97
269	56.61	55.58	56.46	54.47	55.07	59.05	58.79	58.49	57.18	56.60	64.78	58.15	64.82	64.70	63.78	64.41	59.97	64.40	57.23	55.84
270	56.46	55.45	56.36	54.37	54.97	58.92	58.64	58.36	57.07	56.48	64.65	58.05	64.68	64.57	63.66	64.29	59.82	64.26	57.09	55.69
271	56.35	55.36	56.28	54.25	54.80	58.82	58.55	58.23	56.97	56.39	64.53	57.95	64.58	64.46	63.57	64.18	59.72	64.13	56.97	55.59
272	56.25	55.22	56.17	54.11	54.66	58.68	58.41	58.11	56.83	56.27	64.41	57.84	64.46	64.31	63.43	64.06	59.57	63.99	56.87	55.49
273	56.15	55.05	56.07	54.03	54.53	58.51	58.29	57.98	56.70	56.12	64.27	57.72	64.35	64.22	63.31	63.88	59.38	63.88	56.75	55.36
274	55.97	54.88	55.92	53.87	54.38	58.39	58.13	57.86	56.59	55.99	64.14	57.57	64.24	64.07	63.18	63.75	59.28	63.76	56.63	55.25
275	55.81	54.74	55.77	53.73	54.21	58.23	57.99	57.72	56.47	55.83	63.99	57.46	64.11	63.89	63.07	63.60	59.12	63.60	56.51	55.12
276	55.67	54.64	55.59	53.64	54.07	58.11	57.88	57.56	56.33	55.68	63.86	57.35	64.02	63.76	62.96	63.47	59.02	63.46	56.42	54.98
277	55.57	54.55	55.44	53.56	53.94	58.03	57.79	57.44	56.25	55.58	63.76	57.25	63.87	63.67	62.87	63.32	58.91	63.32	56.31	54.83
278	55.45	54.45	55.26	53.44	53.82	57.91	57.67	57.27	56.06	55.45	63.65	57.12	63.72	63.56	62.77	63.19	58.71	63.20	56.16	54.67
279	55.31	54.36	55.17	53.33	53.71	57.81	57.58	57.15	55.96	55.33	63.50	57.00	63.59	63.45	62.67	63.05	58.58	63.05	56.04	54.54
280	55.19	54.25	55.05	53.23	53.59	57.67	57.48	57.03	55.83	55.18	63.36	56.90	63.44	63.31	62.53	62.89	58.47	62.95	55.96	54.41
281	55.02	54.11	54.93	53.07	53.44	57.53	57.31	56.88	55.69	55.05	63.26	56.76	63.32	63.12	62.38	62.75	58.35	62.81	55.84	54.26
	54.92	53.99	54.84	52.94	53.31	57.43	57.20	56.78	55.59	54.96		56.66	63.20	62.98	62.26	62.67	58.23	62.71	55.71	54.13
