48.79
48.60
48.37
48.18
47.85
47.51
47.25
47.25
47.09
46.88
46.71
46.57
46.35
46.15
45.94
45.72
45.27
44.92
44.62
44.32
44.22
43.75
43.63
43.38
43.16
42.92
42.71
42.53
42.31
42.16
41.94
41.82
41.72
41.61
41.39
41.19
41.00
40.74
40.55
40.34
40.14
39.95
39.74
39.50
39.25
39.16
38.82
38.63
38.41
38.23
37.99
37.84
37.66
37.45
37.19
36.94
36.70
36.49
36.22
36.11
35.92
35.77
35.64
35.52
35.39
35.26
35.12
34.99
34.85
34.72
34.61
34.45
34.29
34.19
34.05
33.87
33.76
33.65
33.54
33.37
33.23
32.96
32.74
32.47
32.27
32.08
31.92
31.69
31.54
31.39
31.21
31.00
30.80
30.57
30.43
30.22
30.11
29.84
29.64
29.51
29.35
29.22
29.05
28.95
28.83
28.60
28.34
28.14
28.04
27.86
27.63
27.50
27.27
27.05
26.84
26.67
26.46
26.18
26.00
25.80
25.63
25.49
25.32
25.13
24.90
24.75
24.54
24.29
24.17
23.95
23.84
23.59
23.40
23.20
23.11
22.97
22.81
22.64
22.44
22.33
22.14
22.04
21.93
21.74
21.63
21.48
21.37
21.20
21.09
20.95
20.83
20.69
20.59
20.41
20.31
20.20
20.06
19.92
19.83
19.72
19.61
19.42
19.27
18.97
18.84
18.73
18.62
18.53
18.36
18.23
18.09
17.93
17.78
17.66
17.45
17.30
17.08
16.98
16.87
16.66
16.50
16.34
16.17
16.08
15.96
15.75
15.61
