51.14
50.91
50.62
50.41
50.03
49.66
49.33
48.95
48.65
48.42
48.13
47.80
47.50
47.21
46.94
46.62
46.31
46.05
45.68
45.36
44.93
44.66
44.28
43.99
43.64
43.33
42.98
42.69
42.39
42.04
41.84
41.60
41.38
41.01
40.73
40.44
40.11
39.80
39.49
39.14
38.82
38.58
38.24
37.91
37.71
37.37
37.07
36.77
36.41
36.13
35.71
35.33
34.93
34.64
34.32
34.03
33.74
33.42
33.18
32.89
32.61
32.40
32.09
31.87
31.64
31.42
31.16
30.91
30.71
30.46
30.24
29.97
29.74
29.52
29.23
29.03
28.80
28.59
28.33
28.09
27.73
27.42
27.12
26.84
26.53
26.23
25.93
25.64
25.35
25.10
24.78
24.48
24.17
23.90
23.60
23.39
23.10
22.86
22.66
22.37
22.14
21.84
21.63
21.41
21.10
20.82
20.50
20.29
20.01
19.71
19.52
19.52
19.32
19.05
18.77
18.62
18.44
18.18
17.97
17.76
17.57
17.46
17.28
17.10
16.83
16.68
16.48
16.30
16.11
15.87
15.77
15.52
15.32
15.09
14.99
14.88
14.78
14.61
14.46
14.34
14.18
14.06
13.95
13.81
13.66
13.52
13.42
13.30
13.15
12.95
12.81
12.67
12.51
12.35
12.20
12.10
11.99
11.82
11.72
11.57
11.40
11.19
11.03
10.81
10.72
10.59
10.46
10.37
10.11
9.98
9.87
9.73
9.58
9.45
9.24
9.06
8.86
8.71
8.62
8.45
8.36
8.19
8.07
7.96
7.79
7.64
7.50
7.38
