50.44
50.23
49.98
49.74
49.36
49.03
48.73
48.45
48.12
47.81
47.50
47.13
46.76
46.42
46.10
45.78
45.45
45.15
44.86
44.57
44.28
43.96
43.63
43.34
43.05
42.72
42.44
42.13
41.78
41.50
41.30
41.09
40.87
40.56
40.29
39.95
39.65
39.33
39.03
38.71
38.42
38.12
37.80
37.49
37.28
36.93
36.70
36.37
36.10
35.74
35.46
35.18
34.86
34.44
34.14
33.81
33.49
33.16
32.94
32.67
32.40
32.17
31.92
31.70
31.46
31.23
30.98
30.71
30.46
30.21
29.99
29.70
29.47
29.22
28.94
28.70
28.50
28.27
28.00
27.77
27.47
27.12
26.83
26.55
26.30
25.98
25.67
25.44
25.17
24.96
24.43
24.11
23.87
23.59
23.27
23.08
22.73
22.42
22.20
21.97
21.72
21.38
21.06
20.68
20.23
19.83
19.59
19.38
19.10
18.79
18.58
18.21
17.83
17.46
17.12
16.82
16.48
16.19
15.92
15.66
15.41
15.11
14.80
14.50
14.25
14.25
14.10
13.84
13.70
13.51
13.42
13.18
12.96
12.68
12.57
12.46
12.38
12.19
12.08
11.96
11.82
11.70
11.60
11.42
11.29
11.12
11.02
10.88
10.74
10.55
10.40
10.26
10.16
9.95
9.83
9.70
9.52
9.38
9.28
9.11
8.98
8.83
8.72
8.48
8.34
8.24
8.15
8.05
7.88
7.77
7.65
7.52
7.42
7.30
7.10
6.92
6.72
6.58
6.49
6.33
6.18
5.98
5.87
5.74
5.64
5.51
5.34
5.23
