50.75
50.48
50.18
49.95
49.60
49.27
48.98
48.64
48.34
48.08
47.79
47.42
47.08
46.79
46.51
46.16
45.79
45.54
45.24
44.95
44.63
44.36
43.98
43.69
43.46
43.16
42.85
42.51
42.21
41.90
41.68
41.47
41.26
40.96
40.63
40.33
39.98
39.70
39.36
39.01
38.72
38.40
38.09
37.77
37.57
37.25
36.98
36.65
36.34
35.98
35.74
35.41
35.11
34.68
34.33
33.95
33.65
33.35
33.08
32.84
32.58
32.35
32.11
31.87
31.65
31.40
31.17
30.90
30.70
30.49
30.26
30.00
29.79
29.57
29.27
29.02
28.80
28.56
28.29
27.97
27.74
27.37
27.13
26.86
26.45
26.09
25.89
25.56
25.28
24.96
24.75
24.34
24.13
23.78
23.58
23.25
22.88
22.68
22.47
22.19
21.96
21.67
21.44
21.23
20.90
20.63
20.31
20.10
20.10
19.98
19.77
19.64
19.42
19.16
18.95
18.74
18.55
18.32
18.12
17.93
17.73
17.36
17.25
16.83
16.70
16.29
16.15
15.90
15.76
15.57
15.45
15.19
14.97
14.70
14.57
14.44
14.31
14.14
13.95
13.83
13.68
13.56
13.47
13.27
13.12
13.01
12.90
12.77
12.64
12.51
12.36
12.22
12.12
11.94
11.80
11.69
11.54
11.41
11.33
11.14
11.02
10.89
10.75
10.50
10.38
10.29
10.18
10.08
9.84
9.71
9.56
9.45
9.33
9.19
8.96
8.79
8.62
8.48
8.37
8.21
8.05
7.85
7.72
7.59
7.50
7.40
7.22
7.12
