49.03
48.78
48.55
48.33
48.02
47.62
47.39
46.98
46.61
46.40
45.88
45.51
45.10
44.89
44.44
44.07
43.70
43.30
43.02
42.73
42.36
42.02
41.66
41.36
41.08
40.66
40.47
40.47
40.33
40.07
39.82
39.69
39.51
39.38
39.17
38.96
38.72
38.54
38.36
38.12
37.90
37.67
37.47
37.22
36.97
36.87
36.65
36.43
36.22
36.04
35.85
35.68
35.52
35.30
35.03
34.80
34.58
34.37
34.18
34.02
33.87
33.72
33.58
33.44
33.31
33.16
33.03
32.88
32.75
32.64
32.49
32.36
32.24
32.10
31.95
31.75
31.62
31.52
31.41
31.26
31.12
30.93
30.69
30.47
30.27
30.04
29.84
29.63
29.47
29.30
29.18
28.97
28.68
28.49
28.33
28.15
28.03
27.78
27.62
27.53
27.38
27.27
27.08
26.98
26.87
26.67
26.44
26.21
26.11
25.96
25.75
25.63
25.42
25.21
24.98
24.79
24.56
24.32
24.11
23.92
23.73
23.56
23.36
23.16
22.94
22.74
22.58
22.33
22.14
21.92
21.80
21.53
21.33
21.15
21.00
20.90
20.82
20.62
20.40
20.29
20.09
19.96
19.86
19.60
19.45
19.31
19.20
19.04
18.92
18.79
18.66
18.53
18.41
18.20
18.09
17.98
17.88
17.73
17.63
17.49
17.37
17.18
17.03
16.78
16.65
16.56
16.43
16.31
16.10
15.97
15.85
15.69
15.57
15.38
15.14
14.99
14.84
14.74
14.66
14.48
14.37
14.22
14.07
13.96
13.85
13.73
13.57
13.46
