51.12
50.87
50.64
50.42
50.11
49.79
49.49
49.19
48.87
48.58
48.31
47.97
47.60
47.32
47.03
46.67
46.34
46.01
45.72
45.37
45.03
44.73
44.38
44.05
43.72
43.38
43.06
42.78
42.47
42.12
41.94
41.70
41.49
41.19
40.87
40.57
40.21
39.82
39.50
39.16
38.83
38.50
38.14
37.94
37.74
37.42
37.15
36.73
36.40
36.17
35.86
35.45
35.16
34.71
34.38
34.09
33.75
33.51
33.26
33.02
32.76
32.52
32.24
31.99
31.73
31.47
31.21
30.95
30.71
30.42
30.23
29.94
29.70
29.47
29.23
28.99
28.76
28.56
28.28
28.05
27.70
27.39
26.99
26.65
26.37
26.06
25.85
25.55
25.23
25.00
24.67
24.40
24.11
23.85
23.54
23.35
23.02
22.78
22.52
22.28
22.01
21.74
21.53
21.29
21.01
20.63
20.25
20.02
19.73
19.37
19.15
18.81
18.54
18.23
17.93
17.66
17.33
17.05
16.75
16.44
16.19
15.71
15.32
15.10
14.65
14.27
14.04
13.55
13.34
12.96
12.53
12.14
11.90
11.69
11.48
11.24
10.94
10.65
10.43
10.14
9.92
9.73
9.73
9.61
9.44
9.32
9.20
8.99
8.87
8.66
8.49
8.38
8.29
8.13
7.99
7.86
7.73
7.58
7.46
7.33
7.19
7.02
6.88
6.60
6.47
6.36
6.25
6.09
5.86
5.72
5.58
5.43
5.30
5.17
4.95
4.77
4.57
4.44
4.34
4.18
4.05
3.83
3.71
3.58
3.48
3.38
3.24
3.13
