49.26
49.03
48.80
48.58
48.30
47.96
47.65
47.37
47.04
46.76
46.45
46.11
45.73
45.42
45.09
44.80
44.51
44.20
43.81
43.47
43.13
42.83
42.47
42.16
41.89
41.40
41.07
40.69
40.48
40.17
39.93
39.66
39.44
39.12
38.83
38.54
38.14
37.85
37.54
37.20
36.88
36.57
36.57
36.43
36.23
36.13
35.83
35.60
35.42
35.23
34.95
34.79
34.58
34.36
34.07
33.78
33.61
33.40
33.21
33.03
32.85
32.70
32.59
32.44
32.34
32.19
32.09
31.92
31.75
31.61
31.52
31.40
31.22
31.12
31.00
30.79
30.67
30.54
30.42
30.25
30.09
29.87
29.68
29.47
29.23
29.05
28.83
28.62
28.48
28.28
28.10
27.92
27.65
27.47
27.29
27.06
26.97
26.69
26.49
26.30
26.16
26.02
25.80
25.69
25.59
25.30
25.06
24.87
24.78
24.64
24.38
24.23
23.98
23.73
23.42
23.18
23.00
22.72
22.55
22.32
22.09
21.99
21.80
21.61
21.36
21.22
20.98
20.71
20.54
20.31
20.17
19.91
19.72
19.46
19.39
19.28
19.20
19.04
18.90
18.81
18.61
18.48
18.39
18.24
18.12
17.97
17.87
17.75
17.60
17.44
17.30
17.21
17.07
16.85
16.76
16.64
16.51
16.36
16.25
16.12
16.01
15.83
15.72
15.56
15.42
15.32
15.15
15.04
14.92
14.77
14.66
14.49
14.38
14.24
14.08
13.96
13.77
13.68
13.58
13.44
13.27
13.09
12.95
12.82
12.65
12.54
12.42
12.30
