50.32
50.12
49.86
49.65
49.29
49.00
48.65
48.31
48.02
47.69
47.42
47.07
46.73
46.43
46.15
45.81
45.53
45.26
44.93
44.61
44.26
43.95
43.58
43.26
42.94
42.57
42.24
41.93
41.62
41.33
41.11
40.89
40.67
40.18
39.82
39.37
39.01
38.78
38.47
38.17
37.88
37.61
37.29
36.95
36.74
36.39
36.10
35.78
35.46
35.08
34.80
34.45
34.15
33.80
33.51
33.16
32.86
32.54
32.31
32.03
31.75
31.54
31.30
31.05
30.83
30.62
30.31
30.08
29.84
29.63
29.43
29.18
28.97
28.72
28.46
28.27
28.03
27.79
27.55
27.36
27.08
26.80
26.48
26.17
25.84
25.50
25.13
24.87
24.59
24.30
24.00
23.66
23.40
23.12
22.83
22.65
22.31
22.01
21.76
21.53
21.29
20.99
20.74
20.28
19.93
19.61
19.39
19.19
18.93
18.61
18.40
18.06
17.73
17.41
17.16
16.88
16.56
16.24
15.97
15.67
15.40
15.13
14.79
14.45
14.45
14.33
14.11
13.91
13.71
13.50
13.39
13.13
12.92
12.66
12.55
12.40
12.29
12.11
11.99
11.85
11.72
11.61
11.51
11.33
11.12
10.99
10.88
10.71
10.59
10.48
10.34
10.20
10.09
9.92
9.82
9.70
9.58
9.43
9.32
9.18
9.09
8.90
8.77
8.54
8.43
8.26
8.12
7.99
7.85
7.72
7.58
7.45
7.33
7.15
6.96
6.78
6.60
6.50
6.41
6.27
6.13
5.94
5.81
5.71
5.58
5.43
5.26
5.14
