49.09
48.85
48.62
48.40
48.09
47.78
47.48
47.03
46.83
46.40
45.98
45.75
45.24
44.98
44.49
44.24
43.79
43.60
43.17
42.81
42.58
42.16
41.68
41.32
40.91
40.55
40.17
39.91
39.44
39.24
39.02
38.80
38.60
38.24
37.98
37.70
37.39
36.88
36.68
36.12
35.90
35.42
35.07
34.86
34.50
34.26
33.78
33.46
33.09
32.79
32.56
32.27
31.96
31.58
31.26
30.95
30.69
30.40
30.20
29.93
29.65
29.42
29.14
28.90
28.65
28.38
28.38
28.26
28.14
28.00
27.88
27.77
27.68
27.56
27.47
27.27
27.12
26.97
26.86
26.71
26.57
26.39
26.21
26.00
25.79
25.64
25.40
25.16
25.04
24.84
24.68
24.47
24.27
24.08
23.96
23.75
23.64
23.45
23.32
23.19
23.05
22.94
22.77
22.53
22.41
22.04
21.83
21.62
21.51
21.28
21.08
20.97
20.74
20.53
20.35
20.17
19.99
19.79
19.60
19.43
19.32
19.19
18.96
18.73
18.52
18.38
18.18
17.96
17.82
17.58
17.47
17.25
17.06
16.86
16.76
16.53
16.38
16.23
16.10
15.96
15.80
15.69
15.55
15.41
15.25
15.15
15.04
14.93
14.81
14.62
14.45
14.35
14.22
14.01
13.88
13.76
13.58
13.43
13.33
13.15
13.04
12.93
12.79
12.57
12.42
12.32
12.22
12.11
11.97
11.81
11.68
11.53
11.39
11.22
11.01
10.84
10.66
10.50
10.41
10.23
10.10
9.91
9.80
9.68
9.56
9.42
9.30
9.17
