49.24
49.03
48.81
48.58
48.31
48.01
47.69
47.39
47.07
46.76
46.41
46.06
45.71
45.38
45.09
44.54
44.07
43.70
43.31
43.12
42.63
42.40
42.06
41.73
41.44
41.13
40.83
40.52
40.20
39.92
39.70
39.51
39.31
38.99
38.72
38.38
37.97
37.66
37.33
36.97
36.69
36.38
36.07
36.07
35.90
35.76
35.55
35.42
35.22
35.03
34.79
34.66
34.36
34.16
33.87
33.65
33.43
33.22
33.05
32.90
32.74
32.57
32.45
32.30
32.16
32.02
31.85
31.66
31.53
31.42
31.32
31.18
31.03
30.92
30.76
30.66
30.53
30.43
30.32
30.15
30.02
29.84
29.64
29.39
29.17
28.97
28.76
28.55
28.39
28.17
28.02
27.86
27.65
27.42
27.28
27.08
26.99
26.80
26.64
26.48
26.30
26.15
25.98
25.74
25.62
25.37
25.15
24.90
24.80
24.64
24.40
24.31
24.04
23.86
23.63
23.36
23.17
22.91
22.73
22.51
22.30
22.15
21.91
21.68
21.43
21.27
21.01
20.81
20.62
20.42
20.31
20.07
19.86
19.65
19.53
19.42
19.31
19.14
18.98
18.87
18.76
18.67
18.57
18.39
18.27
18.12
18.00
17.91
17.80
17.68
17.57
17.43
17.28
17.08
16.97
16.84
16.69
16.57
16.47
16.28
16.20
16.01
15.84
15.59
15.48
15.32
15.22
15.11
14.97
14.85
14.73
14.58
14.48
14.35
14.15
13.98
13.81
13.68
13.57
13.40
13.22
13.03
12.93
12.79
12.69
12.54
12.36
12.23
