88.47
88.25
88.02
87.82
87.59
87.36
87.04
86.70
86.41
86.11
85.81
85.56
85.23
84.96
84.69
84.36
84.07
83.78
83.58
83.31
83.05
82.81
82.57
82.24
81.91
81.58
81.26
80.94
80.61
80.29
79.99
79.65
79.33
79.02
78.72
78.41
78.22
78.01
77.78
77.54
77.31
77.08
76.81
76.52
76.20
75.89
75.55
75.24
75.04
74.83
74.43
74.21
73.97
73.53
73.28
73.05
72.69
72.47
71.96
71.57
71.19
70.97
70.75
70.55
70.33
70.10
69.85
69.62
69.40
69.17
68.84
68.57
68.25
68.06
67.84
67.65
67.37
67.04
66.82
66.61
66.42
66.17
65.97
65.76
65.56
65.35
65.14
64.92
64.72
64.52
64.29
64.08
63.87
63.59
63.27
62.98
62.68
62.37
62.08
62.08
61.94
61.70
61.46
61.25
61.07
60.87
60.75
60.59
60.38
60.26
60.03
59.75
59.52
59.28
59.06
58.90
58.65
58.41
58.16
57.87
57.64
57.40
57.20
57.05
56.82
56.63
56.42
56.20
55.98
55.88
55.78
55.68
55.57
55.48
55.36
55.19
55.05
54.93
54.81
54.70
54.57
54.45
54.33
54.23
54.08
53.97
53.88
53.78
53.68
53.59
53.44
53.32
53.18
53.04
52.93
52.81
52.73
52.63
52.51
52.40
52.29
52.16
52.04
51.94
51.81
51.67
51.57
51.44
51.31
51.21
51.11
50.98
50.87
50.76
50.65
