86.77
86.53
86.32
86.10
85.89
85.66
85.29
84.98
84.67
84.37
84.03
83.69
83.38
83.04
82.73
82.51
82.22
81.87
81.56
81.21
80.91
80.70
80.31
79.95
79.57
79.19
78.98
78.65
78.28
77.98
77.98
77.86
77.40
77.06
76.72
76.36
76.25
76.15
76.05
75.94
75.83
75.75
75.63
75.46
75.32
75.09
74.89
74.64
74.44
74.33
74.22
74.09
73.90
73.67
73.46
73.21
73.09
72.98
72.76
72.49
72.26
72.03
71.82
71.72
71.63
71.51
71.41
71.29
71.14
71.03
70.90
70.71
70.50
70.32
70.22
70.13
70.03
69.85
69.62
69.41
69.30
69.19
69.07
68.96
68.82
68.71
68.60
68.48
68.39
68.26
68.15
68.04
67.93
67.81
67.58
67.38
67.14
66.92
66.73
66.52
66.29
66.03
65.83
65.61
65.42
65.22
65.09
64.88
64.70
64.58
64.39
64.15
63.91
63.66
63.48
63.27
63.04
62.86
62.69
62.42
62.19
61.97
61.74
61.56
61.41
61.22
61.04
60.87
60.68
60.57
60.48
60.36
60.24
60.14
59.98
59.80
59.64
59.49
59.39
59.28
59.14
59.03
58.93
58.81
58.68
58.55
58.43
58.30
58.15
58.04
57.89
57.78
57.66
57.56
57.46
57.36
57.24
57.15
57.01
56.91
56.81
56.71
56.60
56.50
56.39
56.28
56.18
56.04
55.92
55.82
55.71
55.61
55.49
55.37
55.26
