88.69
88.49
88.28
88.08
87.89
87.57
87.21
86.88
86.58
86.29
85.97
85.68
85.35
85.11
84.83
84.60
84.30
83.98
83.66
83.35
83.09
82.89
82.68
82.35
82.02
81.72
81.37
81.03
80.70
80.37
80.10
79.79
79.49
79.17
78.86
78.54
78.33
78.13
77.93
77.69
77.47
77.25
76.96
76.69
76.35
76.06
75.76
75.49
75.26
75.06
74.74
74.53
74.26
73.83
73.62
73.41
73.14
72.91
72.48
72.18
71.85
71.64
71.43
71.24
71.03
70.81
70.57
70.37
70.17
69.95
69.65
69.38
69.08
68.85
68.66
68.48
68.22
67.92
67.59
67.36
67.12
66.91
66.68
66.46
66.24
66.04
65.83
65.61
65.39
65.19
64.99
64.79
64.56
64.23
63.93
63.65
63.35
63.02
62.75
62.45
62.07
61.73
61.38
61.05
60.76
60.51
60.23
60.23
60.13
59.98
59.77
59.52
59.30
59.04
58.68
58.38
58.05
57.74
57.39
57.09
56.75
56.47
56.15
55.79
55.51
55.21
54.87
54.57
54.47
54.35
54.25
54.13
54.03
53.91
53.80
53.62
53.43
53.32
53.20
53.07
52.94
52.82
52.69
52.57
52.45
52.31
52.20
52.07
51.94
51.84
51.70
51.59
51.49
51.38
51.25
51.12
51.00
50.90
50.76
50.63
50.52
50.42
50.32
50.20
50.09
49.98
49.86
49.77
49.62
49.52
49.41
49.32
49.20
49.08
49.00
