88.16
87.95
87.74
87.54
87.34
87.13
86.84
86.52
86.21
85.87
85.55
85.20
84.85
84.58
84.28
84.06
83.79
83.47
83.16
82.88
82.61
82.39
82.16
81.88
81.51
81.18
80.84
80.55
80.24
79.91
79.62
79.30
78.93
78.59
78.26
77.93
77.70
77.50
77.28
77.07
76.87
76.64
76.33
76.09
75.75
75.45
75.17
74.88
74.67
74.47
74.21
73.92
73.60
73.30
72.97
72.74
72.52
72.19
71.87
71.56
71.26
70.94
70.73
70.51
70.29
70.07
69.84
69.62
69.37
69.16
68.84
68.56
68.26
68.07
67.86
67.65
67.38
67.07
66.73
66.50
66.27
66.05
65.85
65.63
65.43
65.24
65.02
64.79
64.57
64.34
64.12
63.92
63.73
63.38
63.05
62.73
62.40
62.11
61.83
61.49
61.18
60.87
60.54
60.25
59.96
59.75
59.48
59.25
59.06
58.72
58.35
58.04
57.69
57.41
57.06
56.75
56.43
56.07
55.71
55.38
55.08
55.08
54.97
54.76
54.52
54.32
54.09
53.86
53.64
53.54
53.42
53.32
53.20
53.09
52.98
52.82
52.66
52.55
52.45
52.30
52.21
52.09
52.01
51.90
51.78
51.67
51.56
51.43
51.29
51.19
51.06
50.94
50.82
50.72
50.62
50.50
50.38
50.29
50.19
50.06
49.96
49.85
49.75
49.63
49.51
49.40
49.29
49.17
49.04
48.95
48.85
48.75
48.63
48.50
48.41
