87.86
87.65
87.44
87.23
87.01
86.79
86.47
86.03
85.73
85.40
85.21
84.90
84.59
84.23
83.93
83.70
83.40
83.11
82.59
82.36
82.11
81.88
81.67
81.37
81.08
80.77
80.51
80.17
79.82
79.51
79.22
78.91
78.55
78.26
77.93
77.64
77.42
77.20
77.01
76.79
76.59
76.35
76.03
75.62
75.20
74.86
74.48
74.25
74.02
73.83
73.56
73.25
72.94
72.60
72.23
72.01
71.81
71.47
71.14
70.81
70.52
70.20
69.97
69.75
69.55
69.33
69.13
68.92
68.72
68.48
68.16
67.88
67.56
67.37
67.15
66.93
66.60
66.28
66.00
65.81
65.58
65.38
65.17
64.94
64.74
64.54
64.33
64.12
63.92
63.69
63.46
63.23
63.02
62.71
62.29
62.10
61.69
61.35
61.01
60.79
60.45
60.11
59.77
59.44
59.15
58.89
58.60
58.33
58.12
57.83
57.49
57.14
56.82
56.51
56.17
55.85
55.54
55.54
55.40
55.16
54.95
54.72
54.53
54.30
54.06
53.87
53.63
53.42
53.25
53.14
53.05
52.94
52.79
52.66
52.54
52.39
52.22
52.11
51.98
51.86
51.76
51.67
51.56
51.46
51.35
51.20
51.11
51.00
50.90
50.74
50.60
50.48
50.35
50.22
50.08
49.95
49.85
49.75
49.64
49.53
49.42
49.29
49.21
49.10
48.99
48.87
48.77
48.64
48.51
48.39
48.27
48.17
48.06
47.96
47.86
