86.67
86.46
86.22
86.02
85.82
85.47
85.09
84.72
84.31
83.93
83.60
83.24
82.85
82.50
82.29
82.08
81.81
81.46
81.10
80.79
80.79
80.67
80.55
80.44
80.19
79.93
79.71
79.47
79.25
79.06
78.87
78.68
78.45
78.21
78.01
77.78
77.57
77.44
77.32
77.22
77.11
76.98
76.89
76.71
76.54
76.27
76.09
75.86
75.66
75.54
75.42
75.28
75.08
74.87
74.66
74.45
74.34
74.21
73.99
73.74
73.51
73.28
73.13
72.99
72.87
72.75
72.66
72.53
72.43
72.31
72.15
71.96
71.75
71.55
71.45
71.37
71.29
71.13
70.91
70.72
70.61
70.52
70.38
70.25
70.14
70.02
69.93
69.81
69.71
69.61
69.49
69.36
69.22
69.08
68.84
68.61
68.41
68.18
67.96
67.80
67.59
67.37
67.17
66.96
66.72
66.47
66.34
66.16
65.98
65.86
65.65
65.41
65.17
64.95
64.76
64.54
64.32
64.11
63.94
63.72
63.49
63.26
63.04
62.86
62.62
62.49
62.28
62.05
61.81
61.70
61.60
61.48
61.36
61.24
61.14
60.96
60.80
60.70
60.62
60.48
60.36
60.25
60.13
59.99
59.85
59.72
59.60
59.45
59.34
59.21
59.05
58.93
58.81
58.68
58.59
58.49
58.35
58.24
58.11
58.02
57.93
57.82
57.70
57.60
57.50
57.40
57.32
57.23
57.11
57.02
56.92
56.84
56.72
56.61
56.52
