88.64
88.43
88.23
88.03
87.84
87.61
87.27
86.97
86.63
86.32
86.01
85.66
85.35
85.04
84.78
84.56
84.27
83.93
83.64
83.31
83.00
82.80
82.56
82.24
81.88
81.54
81.24
80.94
80.62
80.28
80.03
79.76
79.41
79.05
78.71
78.41
78.21
78.00
77.78
77.56
77.34
77.11
76.84
76.57
76.26
75.96
75.69
75.37
75.16
74.96
74.78
74.46
74.18
73.88
73.54
73.30
73.09
72.76
72.44
72.12
71.84
71.52
71.26
71.06
70.84
70.62
70.37
70.15
69.92
69.69
69.35
69.03
68.72
68.49
68.29
68.07
67.80
67.47
67.19
66.97
66.75
66.55
66.34
66.11
65.89
65.68
65.46
65.23
65.04
64.82
64.59
64.37
64.16
63.82
63.51
63.51
63.40
63.18
62.74
62.41
62.06
61.77
61.43
61.08
60.78
60.66
60.55
60.34
60.17
59.85
59.53
59.24
58.92
58.63
58.30
57.94
57.84
57.65
57.40
57.14
56.95
56.72
56.51
56.29
56.03
55.84
55.57
55.35
55.12
55.01
54.89
54.77
54.63
54.51
54.35
54.17
54.01
53.91
53.80
53.70
53.58
53.46
53.35
53.23
53.11
52.98
52.87
52.77
52.65
52.52
52.36
52.25
52.12
52.01
51.91
51.78
51.66
51.56
51.45
51.34
51.23
51.12
51.00
50.89
50.79
50.67
50.58
50.47
50.35
50.21
50.10
50.00
49.89
49.77
49.68
