87.41
87.19
86.97
86.73
86.51
86.32
85.96
85.64
85.31
84.98
84.65
84.31
84.00
83.67
83.34
83.13
82.82
82.50
82.16
81.85
81.58
81.37
81.06
80.76
80.41
80.06
79.68
79.49
79.03
78.83
78.56
78.08
77.66
77.25
76.87
76.68
76.47
76.25
76.03
75.82
75.58
75.38
75.07
74.78
74.52
74.19
73.89
73.60
73.41
73.20
73.00
72.69
72.38
72.07
71.75
71.50
71.29
70.96
70.64
70.35
70.04
69.74
69.53
69.30
69.08
68.87
68.64
68.42
68.23
67.85
67.47
67.10
66.89
66.68
66.49
66.27
65.94
65.61
65.34
65.16
64.92
64.71
64.50
64.28
64.06
63.87
63.66
63.44
63.22
63.02
62.79
62.57
62.31
61.99
61.69
61.36
61.08
60.76
60.46
60.16
59.88
59.55
59.20
59.20
59.07
58.87
58.74
58.56
58.40
58.30
58.10
57.88
57.68
57.43
57.24
56.99
56.76
56.55
56.34
56.13
55.91
55.70
55.56
55.34
55.12
54.91
54.73
54.47
54.24
54.14
54.06
53.95
53.85
53.72
53.61
53.44
53.27
53.14
53.04
52.89
52.78
52.68
52.57
52.45
52.31
52.19
52.06
51.94
51.85
51.70
51.57
51.43
51.31
51.17
51.10
50.97
50.85
50.76
50.65
50.51
50.40
50.30
50.21
50.12
50.01
49.90
49.80
49.68
49.57
49.47
49.38
49.27
49.14
49.05
48.95
