87.94
87.71
87.48
87.27
87.06
86.86
86.49
86.17
85.88
85.57
85.26
84.93
84.61
84.25
83.97
83.75
83.47
83.13
82.81
82.49
82.26
82.07
81.84
81.49
81.16
80.82
80.53
80.20
79.90
79.60
79.35
79.05
78.72
78.42
78.08
77.74
77.53
77.31
77.10
76.89
76.68
76.50
76.20
75.92
75.65
75.35
75.05
74.77
74.56
74.36
74.11
73.78
73.46
73.16
72.80
72.57
72.37
72.05
71.70
71.38
71.05
70.75
70.51
70.30
70.10
69.89
69.67
69.48
69.28
68.96
68.70
68.37
68.18
67.98
67.78
67.58
67.28
66.96
66.63
66.43
66.20
65.99
65.75
65.52
65.32
65.09
64.89
64.66
64.45
64.22
63.99
63.76
63.42
63.21
62.90
62.61
62.32
61.99
61.74
61.47
61.12
60.80
60.52
60.27
59.94
59.69
59.43
59.17
58.95
58.63
58.31
57.99
57.70
57.36
57.05
56.76
56.48
56.48
56.35
56.11
55.86
55.66
55.44
55.24
55.00
54.80
54.59
54.43
54.19
54.09
53.99
53.88
53.76
53.64
53.54
53.39
53.24
53.13
53.00
52.88
52.76
52.64
52.55
52.47
52.33
52.20
52.08
51.96
51.83
51.69
51.55
51.44
51.33
51.22
51.10
50.99
50.85
50.75
50.64
50.52
50.42
50.32
50.21
50.09
49.99
49.86
49.75
49.64
49.54
49.44
49.34
49.24
49.10
49.00
48.90
