89.19
88.97
88.77
88.54
88.31
88.12
87.81
87.37
87.12
86.69
86.36
86.06
85.76
85.56
85.29
85.08
84.77
84.43
84.12
83.80
83.53
83.32
83.11
82.82
82.51
82.22
81.91
81.57
81.30
80.97
80.71
80.36
80.01
79.68
79.35
79.03
78.82
78.59
78.40
78.17
77.96
77.74
77.41
77.10
76.77
76.48
76.16
75.84
75.64
75.45
75.24
74.91
74.64
74.32
73.99
73.78
73.56
73.24
72.88
72.59
72.30
72.01
71.80
71.60
71.41
71.22
70.98
70.78
70.59
70.37
70.10
69.83
69.53
69.31
69.10
68.90
68.66
68.33
67.99
67.76
67.52
67.31
67.09
66.88
66.67
66.46
66.24
66.03
65.81
65.61
65.38
65.18
64.96
64.64
64.33
63.97
63.65
63.16
62.83
62.44
62.02
61.61
61.22
60.87
60.67
60.46
60.19
59.93
59.73
59.39
59.06
59.06
58.91
58.69
58.53
58.28
58.09
57.92
57.69
57.46
57.22
57.02
56.86
56.70
56.42
56.20
55.95
55.74
55.54
55.43
55.31
55.19
55.08
54.96
54.84
54.65
54.49
54.38
54.26
54.11
54.02
53.92
53.83
53.72
53.60
53.47
53.36
53.24
53.09
52.97
52.83
52.71
52.60
52.45
52.33
52.21
52.09
51.99
51.89
51.76
51.65
51.54
51.43
51.34
51.23
51.12
51.00
50.87
50.74
50.62
50.52
50.41
50.30
50.19
50.10
