88.96
88.76
88.54
88.30
88.11
87.90
87.58
87.26
86.90
86.63
86.24
85.95
85.67
85.35
85.16
84.92
84.59
84.28
83.87
83.65
83.40
83.17
82.97
82.63
82.29
81.97
81.67
81.35
80.99
80.67
80.36
80.06
79.80
79.48
79.13
78.83
78.63
78.41
78.21
78.01
77.80
77.59
77.27
76.98
76.70
76.43
76.09
75.81
75.60
75.40
75.06
74.74
74.44
74.22
73.89
73.68
73.29
72.88
72.48
72.28
71.94
71.61
71.38
71.18
70.96
70.76
70.52
70.26
70.04
69.81
69.55
69.27
68.95
68.76
68.56
68.36
68.06
67.71
67.38
67.17
66.98
66.76
66.52
66.28
66.07
65.85
65.63
65.42
65.23
65.01
64.75
64.55
64.33
63.90
63.54
63.16
62.98
62.69
62.40
62.10
61.72
61.38
61.09
60.78
60.48
60.25
59.99
59.76
59.53
59.18
58.85
58.51
58.21
57.79
57.42
57.03
56.64
56.26
55.92
55.54
55.35
55.07
55.07
54.96
54.73
54.58
54.38
54.15
53.93
53.82
53.72
53.61
53.47
53.32
53.19
53.03
52.87
52.76
52.66
52.53
52.41
52.30
52.19
52.07
51.96
51.85
51.75
51.66
51.54
51.43
51.29
51.18
51.09
50.98
50.88
50.78
50.66
50.54
50.39
50.27
50.14
50.02
49.91
49.81
49.71
49.57
49.47
49.36
49.23
49.13
49.02
48.90
48.78
48.68
48.57
