88.19
87.97
87.76
87.54
87.33
87.14
86.81
86.47
86.17
85.85
85.52
85.09
84.81
84.49
84.31
84.09
83.79
83.34
83.11
82.84
82.58
82.38
82.14
81.84
81.53
81.21
80.89
80.58
80.25
79.91
79.64
79.31
78.95
78.63
78.29
77.98
77.77
77.55
77.35
77.11
76.90
76.67
76.33
76.07
75.76
75.46
75.18
74.87
74.66
74.46
74.21
73.92
73.57
73.26
72.92
72.69
72.47
72.11
71.80
71.52
71.17
70.85
70.62
70.41
70.20
70.00
69.77
69.53
69.30
69.08
68.78
68.48
68.20
68.00
67.81
67.51
67.19
66.87
66.66
66.43
66.22
66.00
65.79
65.56
65.36
65.15
64.93
64.70
64.49
64.29
64.09
63.85
63.63
63.30
62.90
62.67
62.35
61.96
61.66
61.46
61.18
60.87
60.57
60.28
59.97
59.72
59.44
59.18
58.97
58.65
58.28
57.96
57.67
57.36
57.01
56.69
56.35
56.02
55.65
55.34
55.02
54.72
54.42
54.15
53.90
53.55
53.27
52.94
52.73
52.53
52.32
52.09
51.90
51.67
51.42
51.42
51.33
51.22
51.10
50.98
50.85
50.75
50.65
50.55
50.43
50.29
50.18
50.06
49.90
49.77
49.65
49.56
49.44
49.33
49.24
49.10
48.96
48.86
48.73
48.61
48.49
48.35
48.25
48.15
48.04
47.95
47.87
47.74
47.63
47.53
47.42
47.30
47.17
47.09
47.00
