87.05
86.83
86.65
86.44
86.21
86.01
85.67
85.36
85.02
84.70
84.36
83.86
83.52
83.17
82.96
82.75
82.47
81.92
81.71
81.40
81.10
80.88
80.68
80.37
80.03
79.71
79.37
79.05
78.68
78.36
78.36
78.25
78.02
77.76
77.59
77.35
77.12
77.01
76.91
76.78
76.66
76.56
76.46
76.29
76.09
75.87
75.67
75.49
75.26
75.12
75.03
74.91
74.71
74.50
74.28
74.08
73.96
73.85
73.61
73.36
73.08
72.88
72.71
72.57
72.49
72.39
72.29
72.18
72.08
71.97
71.85
71.63
71.44
71.26
71.14
71.03
70.93
70.66
70.43
70.26
70.15
70.05
69.95
69.85
69.75
69.65
69.51
69.41
69.28
69.15
69.02
68.88
68.78
68.66
68.45
68.28
68.07
67.87
67.66
67.45
67.24
67.02
66.80
66.57
66.32
66.13
66.00
65.86
65.67
65.55
65.32
65.07
64.89
64.70
64.51
64.29
64.06
63.83
63.65
63.35
63.13
62.90
62.70
62.54
62.30
62.09
61.88
61.69
61.49
61.41
61.32
61.21
61.09
60.97
60.86
60.71
60.51
60.41
60.30
60.21
60.08
59.97
59.86
59.74
59.56
59.45
59.32
59.22
59.07
58.97
58.83
58.73
58.61
58.51
58.43
58.33
58.21
58.10
57.98
57.85
57.73
57.61
57.52
57.40
57.29
57.19
57.12
57.02
56.90
56.80
56.68
56.57
56.45
56.35
56.23
