86.97
86.75
86.54
86.33
86.11
85.91
85.50
85.15
84.80
84.49
84.17
83.84
83.51
83.20
82.92
82.69
82.44
82.44
82.32
82.11
81.92
81.75
81.63
81.52
81.28
81.06
80.81
80.57
80.35
80.11
79.93
79.79
79.61
79.36
79.19
78.94
78.73
78.61
78.49
78.38
78.26
78.16
78.03
77.83
77.65
77.43
77.20
77.02
76.82
76.71
76.61
76.48
76.29
76.13
75.92
75.67
75.52
75.42
75.22
74.94
74.74
74.53
74.37
74.25
74.17
74.06
73.93
73.80
73.68
73.56
73.42
73.19
72.96
72.74
72.62
72.53
72.41
72.23
72.02
71.86
71.74
71.65
71.52
71.43
71.34
71.22
71.11
71.01
70.89
70.77
70.66
70.54
70.42
70.29
70.08
69.86
69.66
69.43
69.19
69.00
68.83
68.58
68.42
68.21
68.01
67.80
67.65
67.48
67.31
67.19
67.00
66.78
66.60
66.36
66.19
65.94
65.73
65.54
65.32
65.12
64.88
64.65
64.47
64.25
64.02
63.87
63.61
63.43
63.24
63.12
63.04
62.92
62.81
62.67
62.55
62.37
62.19
62.07
61.95
61.82
61.70
61.56
61.48
61.38
61.25
61.14
61.04
60.91
60.77
60.65
60.49
60.38
60.26
60.13
60.03
59.90
59.74
59.62
59.47
59.35
59.24
59.13
59.05
58.95
58.84
58.75
58.64
58.53
58.42
58.30
58.20
58.08
57.97
57.88
57.79
