88.02
87.81
87.60
87.37
87.17
86.95
86.61
86.28
85.96
85.65
85.33
85.04
84.73
84.39
84.08
83.86
83.59
83.26
82.97
82.66
82.39
82.16
81.92
81.57
81.26
80.95
80.48
80.06
79.70
79.52
79.03
78.84
78.48
78.16
77.80
77.48
77.28
77.04
76.85
76.62
76.40
76.20
75.91
75.65
75.34
75.05
74.71
74.39
74.19
73.98
73.71
73.39
73.10
72.82
72.47
72.27
72.05
71.78
71.42
71.10
70.80
70.45
70.19
69.97
69.73
69.53
69.30
69.02
68.80
68.58
68.22
67.95
67.65
67.42
67.20
66.83
66.49
66.09
65.91
65.70
65.51
65.30
65.07
64.86
64.64
64.43
64.22
64.01
63.78
63.55
63.37
63.17
62.96
62.67
62.37
62.02
61.53
61.19
60.99
60.68
60.34
60.02
59.70
59.44
59.12
58.88
58.56
58.25
58.02
57.71
57.35
57.09
56.79
56.50
56.18
55.83
55.50
55.26
54.95
54.61
54.30
54.01
54.01
53.89
53.64
53.43
53.24
53.02
52.86
52.74
52.64
52.51
52.38
52.28
52.19
52.03
51.85
51.73
51.64
51.49
51.36
51.26
51.14
51.00
50.90
50.79
50.66
50.54
50.42
50.31
50.17
50.07
49.96
49.84
49.75
49.63
49.52
49.42
49.29
49.16
49.03
48.91
48.81
48.70
48.59
48.49
48.39
48.30
48.19
48.10
48.00
47.90
47.78
47.66
47.54
