1	1	1	1	1	1	1	1	1	1	1	1	1	1	1	1	1	1	1	1	1
2	2	2	2	2	2	2	2	2	2	2	2	2	2	2	2	2	2	2	2	2
3	3	3	3	3	3	3	3	3	3	3	3	3	3	3	3	3	3	3	3	3
4	4	4	4	4	4	4	4	4	4	4	4	4	4	4	4	4	4	4	4	4
5	5	4	5	5	5	5	5	5	5	5	5	5	5	5	5	5	5	5	5	5
6	6	5	6	6	6	5	6	6	6	6	6	6	6	6	6	6	6	6	6	5
7	7	5	7	7	7	5	7	7	7	7	7	7	7	7	7	7	7	7	7	5
8	8	5	8	8	8	5	8	8	8	8	8	7	8	8	8	8	8	8	8	6
9	9	5	9	9	9	5	9	9	8	9	9	7	9	9	9	9	9	9	9	6
10	10	5	10	10	10	5	10	10	9	10	10	7	9	10	10	10	10	10	10	7
11	11	5	11	11	10	5	11	11	9	11	11	7	9	11	11	11	11	11	11	8
12	12	5	12	12	10	5	12	12	9	12	12	8	9	12	12	12	12	12	12	9
13	13	5	13	13	10	5	13	13	9	13	13	8	9	13	13	13	13	13	13	10
14	14	6	14	14	11	6	14	14	9	14	13	8	9	14	14	14	14	14	14	11
16	15	7	15	15	12	7	15	15	9	15	13	9	9	14	15	15	15	15	15	12
17	16	8	16	16	13	8	16	16	10	16	13	10	9	14	16	16	16	16	16	13
18	17	9	17	16	14	9	17	17	11	17	13	11	9	14	17	17	17	17	17	14
19	18	10	18	16	15	10	18	18	12	18	13	12	9	14	18	18	18	18	18	15
20	19	11	19	16	16	11	19	19	13	19	13	13	9	14	19	19	19	19	19	16
21	20	12	20	17	17	12	20	20	14	20	13	14	9	14	20	20	20	20	20	17
22	21	13	21	18	18	13	21	21	15	21	13	15	9	14	21	21	21	21	21	18
23	22	14	22	19	19	14	22	21	16	22	13	16	9	14	22	22	22	22	22	19
24	23	15	23	20	20	15	23	21	17	23	13	17	9	14	22	23	23	23	23	20
25	24	16	24	21	21	16	24	21	18	24	13	18	9	14	22	24	24	24	24	21
26	25	17	25	22	22	17	25	21	19	25	13	19	9	14	22	25	25	25	25	22
27	26	18	26	23	23	18	26	21	20	26	13	20	9	14	22	26	26	26	26	23
28	27	19	27	24	24	19	27	21	21	27	13	21	9	14	22	27	27	27	27	24
29	28	20	28	25	25	20	28	22	22	28	13	22	9	14	22	28	28	28	28	25
30	29	21	29	26	26	21	29	23	23	29	13	23	9	14	22	29	29	29	29	26
31	30	22	30	27	27	22	30	24	24	30	13	24	9	14	22	30	30	30	30	27
32	31	23	31	28	28	23	31	25	25	31	13	25	9	14	22	31	31	31	31	28
33	32	24	32	29	29	24	32	26	26	32	13	26	9	14	22	32	32	31	32	29
34	33	25	33	30	30	25	33	27	27	33	13	27	9	14	22	32	33	31	33	30
35	34	26	34	31	31	26	34	28	28	34	13	28	9	14	22	32	34	31	34	31
36	35	27	35	32	32	27	35	29	29	34	13	29	9	14	22	32	35	31	35	32
37	36	28	36	33	33	28	36	30	30	35	13	30	9	14	22	32	36	31	36	33
38	37	29	37	34	34	29	37	31	31	36	13	31	9	14	22	32	37	31	37	34
39	38	30	38	35	35	30	38	32	32	37	13	32	9	14	22	32	38	31	38	35
40	39	31	39	36	36	31	39	33	32	38	13	33	9	14	22	32	39	31	39	36
41	40	32	40	37	37	32	40	34	32	39	13	34	9	14	22	32	40	31	40	37
42	41	33	41	38	38	33	41	35	32	40	13	35	9	14	22	32	41	31	41	38
43	42	34	42	39	39	34	42	36	32	41	13	36	9	14	22	32	42	31	42	39
44	43	35	43	40	40	35	43	37	32	42	13	37	9	14	22	32	43	31	43	40
45	44	36	44	41	41	36	44	38	32	43	13	38	9	14	22	32	44	31	44	41
46	45	37	45	42	42	37	45	39	33	44	13	39	9	14	22	32	45	31	45	42
47	46	38	46	43	43	38	46	40	34	45	13	40	9	14	22	32	46	31	46	43
48	47	39	47	44	44	39	47	41	35	46	13	41	9	14	22	32	47	31	47	44
49	48	40	48	45	45	40	48	42	36	46	13	42	9	14	22	32	48	31	48	45
50	49	41	49	46	46	41	49	43	37	46	13	43	9	14	22	32	49	31	49	46
51	50	42	50	47	47	42	50	44	38	46	13	44	9	14	22	32	50	31	50	47
52	51	43	51	48	48	43	51	45	39	47	13	45	9	14	22	32	51	31	51	48
53	52	44	52	49	49	44	52	45	40	48	13	46	9	14	22	32	52	31	52	49
54	53	45	53	50	50	45	53	46	41	49	13	47	9	14	22	32	53	31	53	50
55	54	46	54	51	51	46	54	47	42	50	13	48	9	14	22	32	54	31	54	51
56	55	47	55	52	52	47	55	48	43	51	13	49	9	14	22	32	55	31	55	52
57	56	48	56	53	53	48	56	49	44	52	13	50	9	14	22	32	56	31	56	53
58	57	49	57	54	54	49	57	50	44	53	13	51	9	14	22	32	57	31	57	54
59	58	50	58	55	55	50	58	51	44	54	13	52	9	14	22	32	58	31	58	55
60	59	51	59	56	56	51	59	52	44	55	13	53	9	14	22	32	59	31	59	56
61	60	52	60	57	57	52	60	53	45	56	13	54	9	14	22	32	60	31	60	57
62	61	53	61	58	58	53	61	54	45	57	13	55	9	14	22	32	61	31	61	58
63	62	54	62	59	59	54	62	55	46	58	13	56	9	14	22	32	62	31	62	59
64	63	55	63	60	60	55	63	56	47	59	13	57	9	14	22	32	62	31	63	60
65	64	56	64	61	61	56	64	57	48	60	13	58	9	14	22	32	62	31	64	61
66	65	57	65	62	62	57	65	58	49	61	13	59	9	14	22	32	62	31	65	62
67	66	58	66	63	63	58	66	59	50	62	13	60	9	14	22	32	62	31	66	63
68	67	59	67	64	63	59	67	60	51	63	13	61	9	14	22	32	62	31	67	64
69	68	60	68	65	63	60	68	61	52	64	13	62	9	14	22	32	62	31	68	65
70	69	61	69	66	63	61	69	62	53	65	13	63	9	14	22	32	62	31	69	66
71	70	62	70	67	63	62	70	63	54	66	13	64	9	14	22	32	62	31	70	67
72	71	63	71	68	64	63	71	64	55	67	13	65	9	14	22	32	62	31	71	68
73	72	64	72	69	65	64	72	65	56	68	13	66	9	14	22	32	62	31	72	69
74	73	65	73	70	66	65	73	66	57	69	13	67	9	14	22	32	62	31	73	70
75	74	66	74	71	67	66	74	67	58	70	13	68	9	14	22	32	62	31	74	71
76	75	67	75	72	68	67	75	68	59	71	13	69	9	14	22	32	62	31	75	72
77	76	68	76	73	69	68	76	69	60	72	13	70	9	14	22	32	62	31	76	73
78	77	69	77	74	70	69	77	70	61	73	13	71	9	14	22	32	62	31	77	74
79	78	70	78	75	71	70	78	71	62	74	13	72	9	14	22	32	62	31	78	75
80	79	71	79	76	72	71	79	72	63	75	13	73	9	14	22	32	62	31	79	76
81	80	72	80	77	73	72	80	73	64	76	13	74	9	14	22	32	62	31	80	77
82	81	73	81	78	74	73	81	74	65	77	13	75	9	14	22	32	62	31	81	78
83	82	74	82	79	75	74	82	75	66	78	13	76	9	14	22	32	62	31	82	79
84	83	75	83	80	76	75	83	76	67	79	13	77	9	14	22	32	62	31	83	80
85	84	76	84	81	77	76	84	77	68	80	13	78	9	14	22	32	62	31	84	81
86	85	77	85	82	78	77	85	78	69	81	13	79	9	14	22	32	62	31	85	82
87	86	78	86	83	79	78	86	79	70	82	13	80	9	14	22	32	62	31	86	83
88	87	79	87	84	80	79	87	80	71	83	13	81	9	14	22	32	62	31	87	84
89	88	80	88	85	81	80	88	81	72	84	13	82	9	14	22	32	62	31	88	85
90	89	81	89	86	82	81	89	82	73	85	13	83	9	14	22	32	62	31	89	86
91	90	82	90	87	83	82	90	83	74	86	13	84	9	14	22	32	62	31	90	87
92	91	83	91	88	84	83	91	84	75	87	13	85	9	14	22	32	62	31	91	88
93	92	84	92	89	85	84	92	85	76	88	13	86	9	14	22	32	62	31	92	89
94	93	85	93	90	86	85	93	86	77	89	13	87	9	14	22	32	62	31	93	90
95	94	86	94	91	87	86	94	87	78	90	13	88	9	14	22	32	62	31	94	91
96	95	87	95	92	88	87	95	88	79	91	13	89	9	14	22	32	62	31	95	92
97	96	88	96	93	89	88	96	89	80	92	13	90	9	14	22	32	62	31	96	93
98	97	89	97	94	90	88	97	90	81	93	13	91	9	14	22	32	62	31	97	94
99	98	90	98	95	91	88	97	91	82	94	13	92	9	14	22	32	62	31	98	95
100	99	91	99	96	92	88	97	92	83	95	13	93	9	14	22	32	62	31	99	96
101	100	92	100	97	93	88	97	93	84	96	13	94	9	14	22	32	62	31	100	97
102	101	93	101	98	94	88	97	94	85	97	13	95	9	14	22	32	62	31	101	98
103	102	94	102	99	95	88	97	95	86	98	13	96	9	14	22	32	62	31	102	99
104	103	95	103	100	96	88	97	96	87	99	13	97	9	14	22	32	62	31	103	100
105	104	96	104	101	97	88	97	96	88	100	13	98	9	14	22	32	62	31	104	101
106	105	97	105	102	98	88	97	96	89	101	13	99	9	14	22	32	62	31	105	102
107	106	98	106	103	99	88	97	96	90	102	13	100	9	14	22	32	62	31	106	103
108	106	99	107	104	100	88	97	96	91	103	13	101	9	14	22	32	62	31	107	104
109	106	100	108	105	101	88	97	96	92	104	13	102	9	14	22	32	62	31	108	105
110	106	101	109	106	102	88	97	96	93	105	13	103	9	14	22	32	62	31	108	106
111	106	102	110	107	103	88	97	96	94	106	13	104	9	14	22	32	62	31	108	107
112	106	103	111	108	104	88	97	96	95	107	13	105	9	14	22	32	62	31	108	108
113	106	104	112	109	105	88	97	96	96	108	13	106	9	14	22	32	62	31	108	109
114	106	105	113	110	106	88	97	96	97	109	13	107	9	14	22	32	62	31	108	110
115	106	106	114	111	107	88	97	96	98	110	13	107	9	14	22	32	62	31	108	111
116	106	107	115	112	108	88	97	96	99	111	13	107	9	14	22	32	62	31	108	112
117	106	108	116	113	109	88	97	96	100	112	13	107	9	14	22	32	62	31	108	113
118	106	109	117	114	110	88	97	96	101	113	13	107	9	14	22	32	62	31	108	114
119	106	110	118	115	111	88	97	96	102	114	13	107	9	14	22	32	62	31	108	115
120	106	111	119	116	112	88	97	96	103	115	13	107	9	14	22	32	62	31	108	116
121	106	112	120	117	113	88	97	96	104	116	13	107	9	14	22	32	62	31	108	116
122	106	113	120	118	114	88	97	96	105	117	13	107	9	14	22	32	62	31	108	116
123	106	114	120	119	115	88	97	96	106	118	13	107	9	14	22	32	62	31	108	116
124	106	115	120	119	116	88	97	96	107	119	13	107	9	14	22	32	62	31	108	116
125	106	116	120	119	117	88	97	96	108	120	13	107	9	14	22	32	62	31	108	116
126	106	117	120	119	118	88	97	96	109	121	13	107	9	14	22	32	62	31	108	116
127	106	118	120	119	119	88	97	96	110	122	13	107	9	14	22	32	62	31	108	116
128	106	119	120	119	120	88	97	96	111	122	13	107	9	14	22	32	62	31	108	116
129	106	120	120	119	121	88	97	96	112	122	13	107	9	14	22	32	62	31	108	116
130	106	120	120	119	122	88	97	96	113	122	13	107	9	14	22	32	62	31	108	116
131	106	120	120	119	123	88	97	96	114	122	13	107	9	14	22	32	62	31	108	116
132	106	120	120	119	124	88	97	96	115	122	13	107	9	14	22	32	62	31	108	116
133	106	120	120	119	125	88	97	96	116	122	13	107	9	14	22	32	62	31	108	116
134	106	120	120	119	126	88	97	96	117	122	13	107	9	14	22	32	62	31	108	116
135	106	120	120	119	127	88	97	96	118	122	13	107	9	14	22	32	62	31	108	116
136	106	120	120	119	128	88	97	96	119	122	13	107	9	14	22	32	62	31	108	116
137	106	120	120	119	129	88	97	96	119	122	13	107	9	14	22	32	62	31	108	116
138	106	120	120	119	130	88	97	96	119	122	13	107	9	14	22	32	62	31	108	116
139	106	120	120	119	131	88	97	96	119	122	13	107	9	14	22	32	62	31	108	116
140	106	120	120	119	132	88	97	96	119	122	13	107	9	14	22	32	62	31	108	116
141	106	120	120	119	132	88	97	96	119	122	13	107	9	14	22	32	62	31	108	116
142	106	120	120	119	132	88	97	96	119	122	13	107	9	14	22	32	62	31	108	116
143	106	120	120	119	132	88	97	96	119	122	13	107	9	14	22	32	62	31	108	116
144	106	120	120	119	132	88	97	96	119	122	13	107	9	14	22	32	62	31	108	116
145	106	120	120	119	132	88	97	96	119	122	13	107	9	14	22	32	62	31	108	116
146	106	120	120	119	132	88	97	96	119	122	13	107	9	14	22	32	62	31	108	116
147	106	120	120	119	132	88	97	96	119	122	13	107	9	14	22	32	62	31	108	116
148	106	120	120	119	132	88	97	96	119	122	13	107	9	14	22	32	62	31	108	116
149	106	120	120	119	132	88	97	96	119	122	13	107	9	14	22	32	62	31	108	116
150	106	120	120	119	132	88	97	96	119	122	13	107	9	14	22	32	62	31	108	116
151	106	120	120	119	132	88	97	96	119	122	13	107	9	14	22	32	62	31	108	116
152	106	120	120	119	132	88	97	96	119	122	13	107	9	14	22	32	62	31	108	116
153	106	120	120	119	132	88	97	96	119	122	13	107	9	14	22	32	62	31	108	116
