97.27
97.02
96.83
96.60
96.38
96.07
95.76
95.47
95.09
94.71
94.36
94.05
93.76
93.45
93.10
92.72
92.37
92.03
91.70
91.36
91.04
90.72
90.30
90.03
89.68
89.24
88.84
88.51
88.30
88.03
87.83
87.57
87.32
87.07
86.76
86.48
86.19
85.85
85.54
85.20
84.87
84.57
84.57
84.35
84.16
84.05
83.85
83.70
83.52
83.31
83.10
82.98
82.77
82.53
82.36
82.10
81.87
81.66
81.44
81.26
81.12
80.91
80.65
80.38
80.25
80.10
79.94
79.74
79.59
79.41
79.32
79.17
79.06
78.89
78.80
78.61
78.49
78.30
78.14
78.00
77.86
77.68
77.52
77.37
77.06
76.85
76.65
76.45
76.37
76.21
76.09
75.89
75.70
75.47
75.28
75.16
75.04
74.84
74.58
74.42
74.29
74.07
73.94
73.72
73.56
73.41
73.29
73.05
72.84
72.55
72.24
71.96
71.72
71.45
71.27
71.02
70.77
70.59
70.32
70.15
69.91
69.73
69.57
69.41
69.18
69.01
68.81
68.52
68.40
68.18
67.99
67.86
67.64
67.49
67.36
67.20
67.10
66.98
66.80
66.68
66.57
66.37
66.19
66.05
65.92
65.80
65.62
65.50
65.38
65.17
65.05
64.96
64.80
64.70
64.58
64.36
64.25
64.12
63.95
63.83
