98.82
98.56
98.28
98.06
97.84
97.54
97.16
96.82
96.43
96.02
95.69
95.34
95.04
94.70
94.41
94.09
93.80
93.46
93.14
92.77
92.49
92.18
91.79
91.55
91.22
90.92
90.58
90.31
90.07
89.77
89.55
89.31
89.07
88.73
88.40
88.04
87.72
87.41
87.07
86.79
86.47
86.12
85.83
85.52
85.31
85.06
84.86
84.52
84.27
84.02
83.80
83.49
83.14
82.73
82.38
82.04
81.78
81.46
81.16
80.86
80.58
80.24
79.91
79.68
79.46
79.19
78.97
78.68
78.45
78.24
77.97
77.69
77.47
77.29
76.99
76.79
76.53
76.28
76.02
75.66
75.43
75.03
74.77
74.44
74.00
73.75
73.42
73.21
72.97
72.73
72.45
72.12
71.80
71.52
71.21
70.98
70.67
70.36
70.08
69.91
69.61
69.39
69.39
69.25
69.07
68.85
68.73
68.54
68.32
68.07
67.67
67.47
67.20
66.93
66.71
66.53
66.26
66.06
65.80
65.65
65.39
65.19
64.81
64.70
64.29
64.17
63.81
63.52
63.40
63.17
62.94
62.78
62.53
62.34
62.23
62.06
61.93
61.85
61.64
61.49
61.38
61.19
61.03
60.91
60.74
60.62
60.45
60.30
60.19
60.00
59.88
59.74
59.61
59.47
59.36
59.24
59.09
58.97
58.82
58.72
