98.25
98.05
97.85
97.59
97.35
97.08
96.72
96.47
96.10
95.63
95.42
95.12
94.79
94.44
94.06
93.80
93.45
93.09
92.71
92.37
92.10
91.75
91.41
91.09
90.73
90.47
90.14
89.83
89.57
89.24
89.03
88.78
88.44
88.08
87.74
87.52
87.19
86.94
86.59
86.24
85.93
85.59
85.29
84.99
84.76
84.48
84.29
83.87
83.52
83.29
82.91
82.68
82.39
82.05
81.73
81.46
81.19
80.92
80.59
80.33
80.05
79.68
79.42
79.19
78.99
78.78
78.48
78.16
77.93
77.71
77.45
77.26
77.02
76.84
76.58
76.38
76.08
75.83
75.53
75.16
74.77
74.57
74.25
73.90
73.58
73.25
72.97
72.76
72.51
72.29
71.99
71.67
71.35
71.07
70.87
70.68
70.35
70.03
69.72
69.48
69.22
69.00
68.70
68.41
68.11
67.88
67.52
67.21
66.91
66.44
66.10
65.71
65.30
64.94
64.60
64.37
64.07
63.75
63.43
63.06
62.76
62.51
62.23
61.92
61.61
61.31
60.93
60.70
60.39
60.39
60.21
60.02
59.81
59.67
59.55
59.40
59.29
59.15
58.99
58.82
58.66
58.50
58.35
58.22
58.06
57.94
57.76
57.66
57.54
57.38
57.20
57.08
56.93
56.77
56.62
56.52
56.35
56.22
56.07
55.92
