97.98
97.77
97.53
97.31
97.09
96.65
96.43
96.03
95.65
95.32
95.00
94.63
94.33
94.08
93.59
93.28
92.94
92.64
92.41
92.08
91.78
91.48
91.12
90.71
90.37
90.06
89.72
89.45
89.20
88.94
88.73
88.51
88.26
87.99
87.71
87.43
86.99
86.70
86.38
86.06
85.59
85.36
85.02
84.66
84.43
84.14
83.92
83.63
83.32
83.01
82.78
82.31
81.87
81.51
81.12
80.75
80.39
80.15
79.79
79.56
79.29
78.91
78.49
78.27
78.04
77.79
77.53
77.22
77.01
76.79
76.54
76.32
76.13
75.92
75.64
75.44
75.21
74.92
74.72
74.50
74.21
73.80
73.60
73.22
72.87
72.53
72.22
72.01
71.77
71.54
71.26
70.96
70.69
70.40
70.19
69.99
69.67
69.36
69.10
68.90
68.61
68.41
68.13
67.88
67.60
67.36
67.01
66.73
66.37
65.87
65.56
65.22
64.83
64.55
64.24
63.91
63.57
63.23
62.89
62.53
62.17
61.94
61.66
61.31
61.02
60.73
60.32
60.10
60.10
59.90
59.74
59.60
59.42
59.24
59.09
59.00
58.87
58.73
58.59
58.44
58.33
58.17
58.01
57.90
57.75
57.62
57.43
57.27
57.11
56.99
56.87
56.75
56.60
56.47
56.37
56.19
56.05
55.92
55.75
55.60
