97.56
97.30
97.05
96.87
96.66
96.34
96.05
95.69
95.42
95.05
94.76
94.56
94.14
93.90
93.46
93.23
92.81
92.55
92.14
91.78
91.55
91.16
90.86
90.49
90.12
89.80
89.48
89.29
88.91
88.69
88.47
88.22
88.00
87.76
87.44
87.17
86.90
86.60
86.25
85.93
85.61
85.27
84.95
84.67
84.43
84.18
84.01
83.71
83.40
83.10
82.89
82.59
82.29
81.86
81.53
81.29
80.97
80.63
80.30
80.04
79.69
79.31
79.00
78.74
78.51
78.24
77.97
77.72
77.43
77.23
76.99
76.76
76.52
76.31
76.04
75.86
75.60
75.34
75.13
74.75
74.37
74.02
73.74
73.39
73.03
72.72
72.40
72.22
72.00
71.77
71.42
71.11
70.80
70.51
70.28
70.06
69.72
69.40
69.07
68.81
68.55
68.33
68.01
67.72
67.45
67.23
66.88
66.54
66.14
65.73
65.40
65.12
64.76
64.41
64.41
64.28
64.07
63.85
63.58
63.36
63.02
62.84
62.67
62.48
62.26
62.10
61.96
61.63
61.48
61.24
61.01
60.83
60.66
60.52
60.37
60.25
60.13
60.02
59.88
59.72
59.55
59.38
59.19
59.04
58.90
58.77
58.63
58.55
58.42
58.16
58.03
57.87
57.71
57.58
57.47
57.31
57.19
57.06
56.91
56.74
