97.04
96.84
96.58
96.32
96.10
95.84
95.53
95.30
94.93
94.60
94.28
93.97
93.60
93.22
92.95
92.47
92.08
91.67
91.30
91.00
90.52
90.32
89.97
89.57
89.20
88.88
88.56
88.29
88.00
87.64
87.47
87.26
86.97
86.66
86.39
86.13
85.87
85.56
85.21
84.87
84.49
84.18
83.87
83.87
83.74
83.62
83.41
83.25
83.01
82.84
82.65
82.53
82.31
82.12
81.91
81.64
81.43
81.25
81.04
80.87
80.67
80.42
80.15
79.88
79.75
79.63
79.47
79.33
79.16
79.04
78.95
78.81
78.70
78.57
78.46
78.24
78.13
77.92
77.78
77.65
77.52
77.36
77.07
76.84
76.63
76.42
76.23
76.03
75.90
75.74
75.61
75.44
75.22
75.00
74.82
74.60
74.45
74.17
73.95
73.78
73.64
73.45
73.35
73.10
72.91
72.73
72.60
72.36
72.11
71.80
71.58
71.39
71.11
70.84
70.66
70.48
70.29
70.04
69.84
69.69
69.40
69.19
69.06
68.86
68.65
68.46
68.32
68.01
67.89
67.64
67.40
67.30
67.03
66.84
66.69
66.57
66.45
66.28
66.09
65.94
65.71
65.47
65.24
65.10
64.94
64.80
64.68
64.52
64.41
64.21
64.09
63.94
63.82
63.68
63.57
63.45
63.32
63.20
63.06
62.90
