96.66
96.44
96.24
96.04
95.79
95.33
95.12
94.66
94.19
93.96
93.52
93.12
92.72
92.48
92.00
91.62
91.23
90.88
90.66
90.26
89.94
89.60
89.28
89.00
88.64
88.19
87.97
87.97
87.86
87.68
87.48
87.37
87.27
87.04
86.88
86.63
86.43
86.19
85.97
85.72
85.45
85.27
85.10
84.89
84.70
84.56
84.34
84.24
84.05
83.86
83.66
83.57
83.38
83.14
82.89
82.61
82.39
82.20
82.00
81.78
81.61
81.42
81.22
80.99
80.87
80.76
80.64
80.49
80.35
80.17
80.05
79.90
79.80
79.67
79.55
79.34
79.26
79.18
79.02
78.90
78.72
78.54
78.31
78.07
77.86
77.64
77.42
77.21
77.08
76.95
76.82
76.62
76.33
76.13
75.95
75.76
75.65
75.44
75.20
75.00
74.88
74.70
74.59
74.41
74.25
74.08
73.93
73.67
73.45
73.11
72.80
72.59
72.37
72.11
71.99
71.79
71.62
71.44
71.18
70.95
70.67
70.47
70.34
70.14
69.98
69.77
69.63
69.27
69.16
68.93
68.72
68.59
68.49
68.35
68.23
68.08
67.98
67.85
67.72
67.59
67.50
67.27
67.10
66.99
66.84
66.70
66.55
66.41
66.28
66.11
66.02
65.90
65.76
65.64
65.51
65.37
65.22
65.11
64.99
64.89
