99.10
98.84
98.61
98.39
98.18
97.84
97.50
97.10
96.80
96.58
96.24
95.91
95.59
95.20
94.91
94.55
94.21
93.83
93.50
93.13
92.81
92.55
92.22
91.91
91.55
91.27
90.91
90.62
90.31
90.02
89.78
89.54
89.30
88.96
88.63
88.27
87.94
87.57
87.24
86.92
86.60
86.26
85.93
85.62
85.34
85.02
84.81
84.51
84.17
83.85
83.50
83.28
83.02
82.65
82.32
82.06
81.73
81.35
80.96
80.66
80.29
79.93
79.72
79.50
79.27
79.05
78.76
78.51
78.28
78.06
77.77
77.52
77.29
77.07
76.86
76.67
76.42
76.17
75.91
75.63
75.32
75.00
74.64
74.28
74.02
73.70
73.39
73.18
72.96
72.73
72.44
71.99
71.71
71.49
71.26
71.05
70.59
70.25
70.04
69.83
69.62
69.41
69.12
68.81
68.49
68.22
67.75
67.41
66.96
66.56
66.19
65.88
65.64
65.19
64.99
64.67
64.20
63.80
63.44
62.96
62.75
62.45
62.21
61.92
61.61
61.32
60.90
60.69
60.31
60.06
60.06
59.94
59.73
59.59
59.47
59.29
59.18
59.05
58.93
58.72
58.58
58.35
58.22
58.10
57.93
57.78
57.62
57.51
57.37
57.21
57.13
56.95
56.84
56.72
56.59
56.48
56.33
56.20
56.05
55.92
