97.44
97.25
97.04
96.83
96.46
96.05
95.70
95.36
94.99
94.77
94.46
93.98
93.55
93.19
92.90
92.56
92.30
91.91
91.66
91.27
90.96
90.69
90.35
90.05
89.74
89.32
89.11
88.83
88.52
88.26
88.06
87.80
87.58
87.29
86.97
86.69
86.35
86.02
85.70
85.37
85.01
84.71
84.43
84.11
83.92
83.60
83.37
83.05
82.76
82.46
82.23
81.95
81.67
81.36
81.04
80.74
80.43
80.13
79.84
79.55
79.24
78.94
78.61
78.37
78.12
77.87
77.61
77.61
77.50
77.39
77.27
77.10
76.99
76.87
76.76
76.59
76.49
76.33
76.15
76.01
75.86
75.62
75.40
75.16
74.83
74.56
74.30
74.13
74.00
73.84
73.70
73.54
73.37
73.14
72.95
72.82
72.71
72.46
72.26
72.07
71.93
71.80
71.67
71.42
71.21
71.01
70.87
70.64
70.43
70.18
69.85
69.59
69.34
69.09
68.83
68.59
68.35
68.07
67.83
67.63
67.41
67.25
67.10
66.91
66.68
66.48
66.27
65.92
65.80
65.54
65.33
65.18
65.01
64.85
64.71
64.58
64.50
64.37
64.15
63.97
63.78
63.60
63.40
63.28
63.12
62.97
62.83
62.67
62.55
62.32
62.22
62.09
61.96
61.85
61.70
61.56
61.38
61.26
61.10
60.96
