98.87
98.63
98.38
98.16
97.95
97.64
97.35
97.07
96.68
96.33
96.05
95.72
95.42
95.09
94.80
94.45
94.14
93.80
93.47
93.09
92.76
92.46
92.14
91.87
91.56
91.10
90.80
90.50
90.29
89.96
89.74
89.52
89.26
88.97
88.63
88.29
88.00
87.67
87.35
87.01
86.73
86.42
86.10
85.82
85.60
85.30
85.12
84.79
84.54
84.23
84.02
83.70
83.35
83.03
82.60
82.35
82.03
81.68
81.37
81.09
80.71
80.36
79.98
79.75
79.53
79.28
79.03
78.77
78.53
78.30
78.03
77.77
77.54
77.34
77.07
76.88
76.65
76.41
76.19
75.78
75.52
75.04
74.77
74.42
73.98
73.72
73.43
73.24
73.02
72.81
72.50
72.06
71.68
71.45
71.24
70.78
70.47
70.20
69.96
69.74
69.49
69.28
68.98
68.50
68.28
67.83
67.54
67.18
66.66
66.29
66.06
65.60
65.36
64.90
64.50
64.14
63.74
63.35
63.14
62.80
62.50
62.50
62.36
62.18
61.97
61.75
61.60
61.24
61.12
60.87
60.61
60.44
60.22
60.07
59.90
59.74
59.65
59.50
59.33
59.16
59.05
58.84
58.68
58.57
58.41
58.28
58.12
57.96
57.76
57.59
57.49
57.35
57.20
57.10
56.98
56.87
56.75
56.65
56.52
56.39
