98.55
98.33
98.13
97.90
97.68
97.35
97.05
96.69
96.33
95.99
95.67
95.29
95.01
94.62
94.39
94.08
93.79
93.40
93.04
92.66
92.36
92.08
91.78
91.41
91.09
90.75
90.43
90.16
89.87
89.56
89.35
89.10
88.85
88.61
88.28
87.96
87.62
87.33
87.05
86.79
86.54
86.24
85.91
85.58
85.37
85.07
84.83
84.52
84.27
83.96
83.63
83.39
83.04
82.61
82.31
82.06
81.78
81.29
80.99
80.63
80.32
79.88
79.71
79.49
79.24
78.99
78.73
78.44
78.20
77.98
77.71
77.46
77.24
77.00
76.69
76.48
76.18
75.93
75.65
75.40
75.09
74.82
74.49
74.19
73.92
73.57
73.25
73.08
72.85
72.60
72.33
72.02
71.68
71.39
71.17
70.89
70.64
70.31
70.03
69.81
69.55
69.35
69.35
69.17
68.82
68.70
68.36
67.99
67.65
67.25
66.96
66.81
66.35
66.25
65.87
65.55
65.24
64.88
64.54
64.42
64.25
64.07
63.96
63.78
63.56
63.36
63.13
62.73
62.63
62.34
62.10
61.93
61.71
61.56
61.40
61.23
61.13
60.97
60.83
60.68
60.56
60.37
60.22
60.11
59.98
59.84
59.64
59.54
59.40
59.19
59.04
58.91
58.76
58.64
58.50
58.34
58.20
58.09
57.98
57.85
