106.99
106.72
106.42
106.17
105.92
105.63
105.40
105.06
104.77
104.43
104.08
103.84
103.43
103.09
102.78
102.48
102.15
101.93
101.60
101.29
100.91
100.65
100.35
100.04
99.72
99.33
99.00
98.68
98.32
97.97
97.68
97.32
97.00
96.63
96.31
96.10
95.78
95.40
95.13
94.84
94.39
93.99
93.71
93.39
93.04
92.71
92.37
92.08
91.75
91.42
91.06
90.74
90.52
90.19
89.88
89.57
89.23
88.92
88.62
88.32
87.97
87.66
87.31
86.96
86.63
86.33
86.01
85.64
85.32
85.03
84.77
84.59
84.35
84.12
83.84
83.55
83.21
82.98
82.73
82.43
82.23
81.94
81.72
81.52
81.23
80.97
80.75
80.47
80.17
79.91
79.68
79.41
79.01
78.77
78.49
78.17
77.88
77.63
77.33
77.15
76.97
76.78
76.53
76.26
75.89
75.62
75.30
75.06
74.76
74.46
74.12
73.87
73.67
73.35
73.35
73.24
73.09
72.93
72.75
72.54
72.35
72.11
71.90
71.68
71.49
71.31
71.13
70.99
70.87
70.74
70.61
70.46
70.25
70.12
69.95
69.78
69.60
69.45
69.23
69.09
68.96
68.77
68.68
68.54
68.37
68.25
68.07
67.95
67.80
67.67
67.51
67.37
67.26
67.12
67.01
66.91
66.76
66.54
66.41
66.30
66.11
65.94
65.82
65.68
65.57
65.49
