106.60
106.38
106.03
105.80
105.54
105.28
105.03
104.67
104.40
104.14
103.83
103.54
103.20
102.90
102.55
102.24
101.91
101.59
101.30
100.99
100.66
100.29
100.00
99.67
99.32
98.95
98.50
98.13
97.77
97.46
97.26
96.94
96.64
96.31
95.98
95.78
95.43
95.07
94.78
94.43
94.02
93.69
93.41
93.13
92.74
92.41
92.10
91.78
91.78
91.65
91.36
91.08
90.85
90.74
90.60
90.41
90.24
90.03
89.77
89.51
89.31
89.08
88.89
88.62
88.29
88.03
87.83
87.66
87.40
87.14
86.95
86.74
86.64
86.50
86.37
86.10
85.88
85.61
85.51
85.34
85.15
85.01
84.85
84.75
84.64
84.43
84.26
84.15
83.86
83.66
83.50
83.32
83.18
82.99
82.76
82.61
82.41
82.21
82.06
81.85
81.74
81.63
81.49
81.32
81.16
80.92
80.78
80.52
80.41
80.24
80.07
79.88
79.75
79.61
79.41
79.23
79.10
78.87
78.68
78.50
78.25
78.05
77.87
77.58
77.36
77.16
77.01
76.88
76.76
76.64
76.52
76.37
76.20
76.08
75.93
75.75
75.59
75.49
75.37
75.14
75.00
74.76
74.63
74.47
74.33
74.20
74.04
73.93
73.78
73.64
73.50
73.35
73.24
73.05
72.91
72.81
72.66
72.46
72.34
72.21
72.10
71.97
71.83
71.69
71.58
71.50
