107.30
107.10
106.78
106.52
106.32
105.94
105.70
105.33
105.04
104.76
104.46
104.12
103.77
103.47
103.13
102.86
102.51
102.22
101.93
101.63
101.31
101.01
100.66
100.37
100.03
99.72
99.41
99.06
98.73
98.40
98.08
97.74
97.43
97.11
96.79
96.58
96.26
95.96
95.72
95.42
95.07
94.70
94.36
94.05
93.70
93.32
93.04
92.74
92.42
91.98
91.65
91.36
91.13
90.82
90.53
90.24
89.95
89.62
89.30
88.92
88.55
88.26
87.93
87.56
87.11
86.87
86.57
86.21
85.87
85.57
85.32
85.13
84.93
84.49
84.11
83.74
83.48
83.28
83.06
82.77
82.55
82.27
82.07
81.89
81.61
81.30
80.90
80.67
80.37
80.09
79.78
79.54
79.22
78.86
78.57
78.27
77.97
77.71
77.50
77.28
77.09
76.90
76.65
76.38
76.09
75.83
75.53
75.26
74.94
74.63
74.30
74.00
73.77
73.49
73.22
72.98
72.67
72.47
72.18
71.87
71.54
71.54
71.39
71.17
70.95
70.75
70.60
70.44
70.31
70.21
70.09
69.95
69.79
69.68
69.51
69.38
69.21
69.06
68.85
68.65
68.54
68.34
68.19
68.07
67.89
67.74
67.59
67.46
67.36
67.19
67.01
66.86
66.76
66.59
66.47
66.33
66.19
66.00
65.88
65.77
65.57
65.44
65.35
65.22
65.11
65.02
