108.05
107.85
107.52
107.27
107.05
106.67
106.44
106.09
105.76
105.43
105.08
104.77
104.46
104.12
103.73
103.46
103.14
102.80
102.51
102.20
101.87
101.48
101.17
100.87
100.56
100.18
99.84
99.51
99.15
98.76
98.48
98.11
97.79
97.45
97.16
96.94
96.65
96.34
96.05
95.74
95.41
95.06
94.72
94.38
94.01
93.68
93.36
92.99
92.62
92.25
91.82
91.49
91.25
90.99
90.67
90.43
90.16
89.86
89.50
89.17
88.77
88.41
88.10
87.82
87.51
87.15
86.86
86.53
86.18
85.86
85.57
85.35
85.13
84.94
84.60
84.35
84.01
83.78
83.52
83.21
83.00
82.70
82.51
82.29
82.02
81.78
81.57
81.30
80.96
80.70
80.46
80.20
79.91
79.57
79.32
79.02
78.68
78.44
78.16
77.97
77.75
77.56
77.21
76.69
76.47
75.97
75.77
75.36
74.97
74.56
74.36
74.09
73.86
73.54
73.24
73.04
72.80
72.59
72.31
72.31
72.20
71.99
71.74
71.50
71.27
71.03
70.91
70.74
70.61
70.46
70.35
70.18
69.99
69.87
69.72
69.57
69.42
69.28
69.07
68.92
68.81
68.57
68.48
68.34
68.19
68.04
67.84
67.74
67.66
67.51
67.40
67.26
67.15
66.98
66.86
66.74
66.59
66.34
66.19
66.05
65.91
65.80
65.71
65.57
65.44
65.33
