106.45
106.24
105.93
105.63
105.37
105.05
104.80
104.45
104.18
103.90
103.62
103.31
102.96
102.64
102.35
102.09
101.78
101.43
101.11
100.81
100.50
100.17
99.88
99.61
99.19
98.81
98.55
98.30
97.95
97.51
97.16
96.86
96.60
96.17
95.94
95.62
95.26
95.05
94.84
94.55
94.20
93.89
93.61
93.21
92.87
92.66
92.26
92.05
91.63
91.35
90.88
90.65
90.46
90.10
89.90
89.47
89.19
88.78
88.40
88.01
87.61
87.27
86.98
86.52
86.22
85.80
85.51
85.07
84.74
84.38
84.14
83.90
83.67
83.40
83.40
83.28
83.11
82.88
82.76
82.63
82.44
82.33
82.18
82.06
81.97
81.82
81.63
81.48
81.30
81.11
80.96
80.73
80.60
80.42
80.17
80.08
79.89
79.68
79.50
79.32
79.20
79.10
78.97
78.79
78.65
78.35
78.25
78.04
77.86
77.59
77.39
77.17
76.98
76.84
76.68
76.53
76.40
76.19
76.07
75.84
75.56
75.34
75.08
74.87
74.65
74.44
74.32
74.13
73.98
73.86
73.77
73.67
73.53
73.42
73.25
73.14
73.00
72.86
72.64
72.42
72.30
72.12
72.03
71.89
71.74
71.62
71.46
71.35
71.21
71.05
70.90
70.79
70.69
70.50
70.39
70.26
70.12
69.93
69.82
69.68
69.53
69.41
69.30
69.17
69.04
68.95
