107.72
107.51
107.19
106.95
106.57
106.31
105.94
105.57
105.34
105.06
104.69
104.39
104.05
103.73
103.42
103.12
102.82
102.42
102.12
101.81
101.48
101.15
100.85
100.55
100.22
99.87
99.51
99.22
98.87
98.54
98.27
97.95
97.64
97.26
96.99
96.79
96.47
96.07
95.83
95.58
95.20
94.89
94.56
94.25
93.94
93.59
93.27
92.89
92.56
92.16
91.78
91.46
91.23
90.93
90.59
90.33
90.05
89.73
89.43
89.11
88.81
88.53
88.20
87.89
87.58
87.28
86.97
86.64
86.32
86.01
85.74
85.51
85.31
85.11
84.78
84.47
84.16
83.93
83.67
83.34
83.13
82.88
82.68
82.49
82.24
81.97
81.76
81.48
81.22
81.22
81.10
80.89
80.77
80.38
80.19
79.77
79.46
79.33
79.21
79.03
78.89
78.75
78.61
78.43
78.11
77.99
77.66
77.55
77.20
76.86
76.53
76.42
76.24
76.12
75.96
75.80
75.66
75.51
75.37
75.18
74.97
74.75
74.51
74.29
74.08
73.89
73.75
73.58
73.47
73.34
73.19
73.08
72.84
72.71
72.56
72.40
72.27
72.13
71.94
71.78
71.67
71.41
71.29
71.12
70.97
70.81
70.63
70.53
70.39
70.17
70.00
69.83
69.71
69.54
69.42
69.29
69.12
68.92
68.78
68.65
68.50
68.39
68.24
68.11
68.01
67.90
