107.62
107.43
107.08
106.81
106.61
106.33
106.10
105.79
105.53
105.21
104.94
104.55
104.21
103.91
103.58
103.31
102.93
102.58
102.23
101.80
101.37
100.95
100.71
100.43
100.10
99.78
99.45
99.14
98.79
98.42
98.12
97.79
97.49
97.11
96.79
96.59
96.22
95.89
95.61
95.28
94.87
94.56
94.25
93.95
93.41
93.08
92.73
92.34
92.02
91.59
91.38
91.08
90.83
90.50
90.19
89.92
89.64
89.37
89.07
88.73
88.38
88.05
87.69
87.31
87.04
86.68
86.23
85.83
85.64
85.32
85.05
84.84
84.62
84.39
84.05
83.73
83.37
83.15
82.89
82.63
82.40
82.17
81.98
81.76
81.49
81.18
80.97
80.66
80.36
80.09
79.75
79.48
79.22
78.85
78.63
78.34
77.99
77.77
77.52
77.31
77.12
76.91
76.64
76.42
76.14
75.83
75.52
75.29
74.94
74.66
74.34
74.06
73.83
73.52
73.22
72.98
72.73
72.49
72.02
71.59
71.21
70.80
70.44
70.02
69.83
69.58
69.37
69.16
68.93
68.72
68.45
68.15
67.91
67.68
67.44
67.20
66.98
66.66
66.42
66.21
66.21
66.02
65.92
65.79
65.62
65.47
65.33
65.23
65.12
64.98
64.83
64.73
64.65
64.50
64.40
64.30
64.15
63.98
63.79
63.68
63.55
63.42
63.34
63.18
63.06
62.96
