108.19
108.00
107.69
107.48
107.28
106.95
106.56
106.35
105.93
105.59
105.19
104.99
104.51
104.26
103.91
103.59
103.20
102.89
102.57
102.17
101.84
101.56
101.28
100.98
100.65
100.28
99.95
99.66
99.35
99.07
98.81
98.44
98.11
97.67
97.40
97.17
96.83
96.40
96.15
95.86
95.41
95.07
94.67
94.47
94.15
93.82
93.51
93.22
92.88
92.46
92.06
91.70
91.47
91.16
90.83
90.55
90.15
89.92
89.56
89.25
88.89
88.58
88.22
87.88
87.57
87.25
87.00
86.66
86.32
86.01
85.73
85.52
85.29
85.05
84.77
84.48
84.14
83.91
83.67
83.37
83.15
82.89
82.68
82.48
82.17
81.91
81.70
81.43
81.14
80.87
80.61
80.34
79.87
79.62
79.24
78.85
78.63
78.41
78.14
77.94
77.74
77.56
77.27
77.05
76.79
76.56
76.18
75.93
75.61
75.34
75.06
74.86
74.61
74.61
74.42
74.24
74.12
73.95
73.83
73.65
73.44
73.26
73.04
72.85
72.64
72.42
72.25
72.06
71.93
71.81
71.70
71.55
71.40
71.25
71.08
70.94
70.79
70.65
70.44
70.26
70.11
69.94
69.79
69.66
69.55
69.39
69.21
69.09
68.94
68.76
68.61
68.45
68.32
68.14
68.03
67.91
67.78
67.61
67.42
67.30
67.15
66.99
66.85
66.70
66.53
66.42
