107.35
107.07
106.73
106.52
106.26
105.91
105.67
105.31
104.95
104.68
104.42
104.08
103.71
103.38
103.11
102.84
102.46
102.18
101.92
101.62
101.26
100.97
100.65
100.30
99.94
99.54
99.23
98.98
98.64
98.34
97.99
97.61
97.33
96.98
96.65
96.41
96.10
95.88
95.52
95.17
94.79
94.40
94.09
93.81
93.42
93.06
92.71
92.43
92.05
91.54
91.21
90.95
90.73
90.49
90.17
89.91
89.61
89.35
89.01
88.71
88.40
88.08
87.71
87.31
87.01
86.67
86.37
86.02
85.69
85.36
85.06
84.84
84.60
84.38
84.05
83.75
83.50
83.29
83.02
82.79
82.55
82.27
82.09
81.89
81.60
81.27
81.05
80.72
80.40
80.11
79.78
79.54
79.27
78.87
78.63
78.36
78.05
77.86
77.55
77.33
77.12
76.91
76.65
76.42
76.12
75.83
75.54
75.31
74.97
74.68
74.40
74.15
73.92
73.57
73.27
73.04
72.78
72.52
72.23
71.93
71.64
71.31
71.00
70.70
70.37
70.09
69.81
69.56
69.31
69.08
68.83
68.55
68.36
68.09
67.83
67.83
67.74
67.61
67.38
67.23
67.13
66.92
66.77
66.65
66.50
66.35
66.16
66.07
65.94
65.71
65.56
65.47
65.33
65.19
65.10
64.99
64.79
64.58
64.38
64.26
64.08
63.96
63.84
63.72
63.60
63.51
