105.84
105.66
105.34
105.14
104.92
104.57
104.33
103.97
103.69
103.37
103.05
102.77
102.43
102.02
101.71
101.46
101.46
101.05
100.72
100.38
100.04
99.73
99.41
99.08
98.75
98.37
98.01
97.89
97.49
97.23
96.90
96.59
96.18
95.84
95.69
95.43
95.34
95.16
94.92
94.73
94.51
94.24
94.04
93.83
93.64
93.36
93.18
93.00
92.82
92.57
92.30
92.09
91.86
91.72
91.53
91.29
91.13
90.96
90.75
90.51
90.28
90.00
89.77
89.50
89.29
89.05
88.80
88.62
88.34
88.10
87.88
87.69
87.58
87.44
87.28
87.03
86.84
86.64
86.52
86.37
86.25
86.12
85.94
85.83
85.74
85.58
85.37
85.24
85.01
84.83
84.67
84.47
84.30
84.12
83.87
83.76
83.57
83.35
83.20
83.02
82.92
82.81
82.66
82.50
82.34
82.12
81.92
81.61
81.47
81.25
81.05
80.88
80.76
80.62
80.37
80.25
80.11
79.91
79.80
79.68
79.47
79.27
79.04
78.80
78.58
78.40
78.24
78.09
77.97
77.85
77.69
77.54
77.42
77.30
77.17
77.05
76.92
76.75
76.58
76.45
76.32
76.15
76.02
75.86
75.67
75.55
75.40
75.31
75.21
75.07
74.91
74.77
74.66
74.50
74.40
74.25
74.12
73.91
73.77
73.62
73.47
73.32
73.20
73.07
72.97
72.85
