106.81
106.58
106.23
105.99
105.77
105.46
105.23
104.90
104.62
104.32
104.04
103.72
103.34
103.03
102.68
102.35
102.00
101.71
101.44
101.13
100.81
100.50
100.20
99.90
99.53
99.13
98.77
98.46
98.11
97.80
97.48
97.14
96.81
96.43
96.08
95.88
95.56
95.18
94.93
94.68
94.31
94.02
93.69
93.39
93.01
92.70
92.40
92.07
91.71
91.31
90.99
90.67
90.43
90.17
89.90
89.64
89.36
89.07
88.70
88.36
88.03
87.69
87.35
87.00
86.60
86.35
86.08
85.72
85.39
85.10
84.84
84.63
84.41
84.10
83.70
83.37
83.17
82.94
82.68
82.36
82.15
81.87
81.67
81.47
81.20
80.99
80.69
80.45
80.14
79.85
79.59
79.32
79.02
78.68
78.42
78.14
77.84
77.60
77.34
77.16
76.95
76.69
76.37
76.17
75.82
75.58
75.27
75.08
74.77
74.49
74.49
74.35
74.19
74.06
73.87
73.72
73.59
73.39
73.21
72.83
72.48
72.12
71.75
71.44
71.10
71.00
70.85
70.72
70.61
70.49
70.37
70.19
70.03
69.90
69.75
69.62
69.50
69.35
69.16
68.97
68.85
68.68
68.55
68.41
68.23
68.13
67.97
67.86
67.75
67.55
67.37
67.25
67.12
66.96
66.85
66.72
66.57
66.33
66.18
66.04
65.89
65.74
65.63
65.48
65.32
65.22
