106.04
105.83
105.49
105.22
104.98
104.71
104.42
104.06
103.85
103.43
103.24
102.88
102.54
102.27
101.94
101.63
101.33
101.06
100.68
100.37
99.92
99.63
99.41
99.09
98.76
98.40
98.09
97.80
97.80
97.60
97.42
97.22
96.99
96.76
96.52
96.28
96.18
95.96
95.71
95.59
95.41
95.26
95.01
94.83
94.62
94.35
94.10
93.87
93.69
93.45
93.12
92.86
92.69
92.56
92.33
92.15
91.98
91.84
91.66
91.42
91.13
90.92
90.72
90.48
90.26
90.06
89.79
89.61
89.38
89.12
88.90
88.62
88.51
88.39
88.26
88.01
87.81
87.65
87.56
87.40
87.23
87.09
86.96
86.89
86.76
86.60
86.47
86.33
86.19
85.98
85.80
85.60
85.41
85.23
84.92
84.77
84.58
84.40
84.30
84.08
83.97
83.84
83.65
83.51
83.33
83.12
82.97
82.79
82.65
82.40
82.22
82.02
81.85
81.71
81.56
81.34
81.22
81.01
80.86
80.66
80.46
80.25
80.01
79.77
79.56
79.33
79.19
79.10
79.00
78.88
78.79
78.66
78.50
78.36
78.18
78.04
77.88
77.77
77.59
77.40
77.27
77.07
76.94
76.80
76.64
76.51
76.33
76.21
76.08
75.97
75.81
75.69
75.55
75.40
75.29
75.17
75.05
74.82
74.67
74.53
74.38
74.26
74.14
73.97
73.81
73.71
