105.94
105.75
105.43
105.18
104.95
104.61
104.36
104.01
103.77
103.56
103.29
102.86
102.65
102.25
101.86
101.63
101.19
100.81
100.40
99.94
99.51
99.11
98.75
98.36
97.97
97.56
97.34
96.85
96.38
96.02
95.66
95.17
94.76
94.55
94.26
94.04
93.69
93.38
93.08
92.78
92.39
92.06
91.71
91.43
91.07
90.75
90.75
90.59
90.35
90.14
89.84
89.57
89.30
89.20
88.98
88.78
88.60
88.44
88.24
88.00
87.81
87.59
87.35
87.07
86.86
86.65
86.43
86.22
85.96
85.72
85.52
85.33
85.20
85.09
84.96
84.73
84.50
84.28
84.16
83.97
83.78
83.66
83.51
83.42
83.27
83.07
82.90
82.80
82.61
82.43
82.28
82.08
81.93
81.73
81.46
81.32
81.13
80.97
80.82
80.66
80.54
80.45
80.34
80.16
79.99
79.74
79.54
79.37
79.24
79.03
78.84
78.60
78.40
78.27
78.05
77.88
77.76
77.51
77.35
77.17
76.92
76.67
76.44
76.19
75.98
75.78
75.61
75.46
75.36
75.23
75.10
74.93
74.76
74.62
74.45
74.29
74.14
74.01
73.83
73.69
73.56
73.37
73.25
73.08
72.99
72.85
72.69
72.60
72.48
72.34
72.18
72.08
71.93
71.79
71.65
71.56
71.41
71.18
71.07
70.97
70.82
70.66
70.56
70.43
70.32
70.22
