108.02
107.78
107.49
107.23
107.02
106.62
106.39
106.05
105.76
105.47
105.18
104.89
104.56
104.27
103.93
103.69
103.35
103.02
102.71
102.36
102.10
101.71
101.21
100.98
100.50
100.23
99.74
99.34
98.94
98.57
98.20
97.80
97.55
97.06
96.84
96.50
96.10
95.88
95.45
95.11
94.79
94.42
94.10
93.69
93.32
93.02
92.73
92.37
92.04
91.57
91.22
90.98
90.77
90.40
90.13
89.84
89.57
89.26
88.93
88.60
88.29
87.99
87.70
87.39
87.06
86.73
86.43
86.08
85.75
85.43
85.16
84.94
84.71
84.50
84.18
83.88
83.57
83.38
83.11
82.87
82.64
82.38
82.18
81.98
81.71
81.42
81.23
80.82
80.53
80.26
79.90
79.61
79.37
78.98
78.77
78.46
78.13
77.89
77.61
77.41
77.21
77.00
76.68
76.44
76.08
75.82
75.51
75.29
74.94
74.65
74.38
74.38
74.29
74.18
73.96
73.80
73.67
73.49
73.37
73.18
72.97
72.75
72.51
72.28
72.07
71.88
71.71
71.53
71.38
71.27
71.15
70.98
70.77
70.62
70.46
70.33
70.17
69.99
69.83
69.64
69.50
69.33
69.19
69.05
68.91
68.80
68.65
68.49
68.37
68.17
68.01
67.88
67.75
67.62
67.50
67.40
67.24
67.00
66.84
66.72
66.56
66.45
66.33
66.15
66.02
65.92
