106.67
106.48
106.16
105.89
105.50
105.24
104.89
104.57
104.25
103.89
103.61
103.41
103.02
102.80
102.50
102.14
101.85
101.50
101.19
100.92
100.57
100.25
99.97
99.64
99.33
99.00
98.68
98.38
98.03
97.68
97.41
97.05
96.72
96.38
96.05
95.87
95.59
95.27
95.00
94.71
94.34
94.04
93.70
93.38
93.04
92.73
92.44
92.05
91.71
91.27
90.91
90.62
90.41
90.09
89.79
89.53
89.23
88.89
88.63
88.29
87.94
87.61
87.26
86.96
86.66
86.32
85.99
85.63
85.63
85.46
85.28
85.13
85.01
84.88
84.77
84.55
84.35
84.10
83.98
83.83
83.60
83.49
83.33
83.24
83.13
83.01
82.86
82.73
82.48
82.30
82.14
81.98
81.86
81.70
81.48
81.31
81.12
80.87
80.71
80.56
80.46
80.33
80.19
80.04
79.90
79.69
79.57
79.32
79.17
78.94
78.73
78.49
78.29
78.16
77.89
77.71
77.59
77.41
77.26
77.09
76.92
76.69
76.51
76.30
76.06
75.84
75.68
75.52
75.38
75.23
75.10
74.94
74.78
74.63
74.51
74.42
74.27
74.10
73.87
73.74
73.62
73.44
73.33
73.21
73.03
72.90
72.74
72.62
72.53
72.38
72.24
72.11
72.00
71.87
71.79
71.70
71.55
71.37
71.23
71.09
70.91
70.80
70.66
70.54
70.45
70.33
