107.21
106.93
106.65
106.40
106.18
105.83
105.58
105.22
104.88
104.39
104.20
103.89
103.52
103.25
102.89
102.58
102.26
101.92
101.62
101.25
100.92
100.60
100.29
99.99
99.65
99.24
98.87
98.54
98.19
97.90
97.64
97.22
96.89
96.55
96.35
96.16
95.80
95.49
95.21
94.89
94.53
94.23
93.91
93.62
93.27
92.91
92.61
92.25
91.92
91.59
91.26
90.92
90.71
90.36
90.06
89.79
89.53
89.21
88.91
88.65
88.25
87.93
87.57
87.17
86.86
86.53
86.23
85.88
85.61
85.33
85.02
84.84
84.60
84.39
84.05
83.76
83.43
83.23
82.97
82.64
82.40
82.15
81.92
81.73
81.44
81.20
81.00
80.68
80.40
80.11
79.79
79.54
79.13
78.83
78.63
78.32
78.00
77.76
77.45
77.23
77.01
76.75
76.42
76.18
75.84
75.55
75.29
75.04
74.69
74.37
74.03
73.77
73.50
73.17
72.90
72.68
72.38
72.11
71.86
71.48
71.17
70.86
70.49
70.19
69.85
69.85
69.75
69.60
69.46
69.34
69.22
69.08
68.88
68.78
68.63
68.46
68.29
68.15
67.94
67.75
67.64
67.41
67.30
67.16
67.02
66.87
66.73
66.60
66.45
66.23
66.09
65.99
65.85
65.71
65.61
65.47
65.30
65.07
64.92
64.82
64.67
64.53
64.43
64.24
64.13
64.03
