107.16
106.90
106.69
106.44
106.23
105.96
105.59
105.17
104.94
104.56
104.25
103.86
103.50
103.23
102.87
102.63
102.34
102.01
101.74
101.34
101.01
100.67
100.22
100.00
99.57
99.14
98.81
98.54
98.18
97.83
97.63
97.30
96.98
96.64
96.34
95.99
95.63
95.42
95.14
94.88
94.55
94.24
93.93
93.49
93.13
92.81
92.44
92.12
91.71
91.39
90.98
90.71
90.43
90.00
89.70
89.39
89.10
88.70
88.40
88.00
87.56
87.18
86.77
86.44
86.11
85.81
85.45
85.13
84.74
84.45
84.22
84.02
83.77
83.52
83.18
82.89
82.59
82.35
82.09
81.83
81.62
81.42
81.22
81.03
80.69
80.38
80.15
79.82
79.50
79.21
78.85
78.64
78.36
78.06
77.86
77.48
77.16
76.93
76.65
76.45
76.24
76.03
75.78
75.55
75.25
74.94
74.64
74.41
74.03
73.72
73.38
73.13
72.89
72.59
72.33
72.11
71.91
71.66
71.38
71.08
70.77
70.46
70.11
69.78
69.49
69.22
68.99
68.74
68.52
68.30
68.01
67.77
67.55
67.55
67.43
67.27
67.17
67.04
66.85
66.68
66.55
66.39
66.28
66.14
66.02
65.85
65.69
65.58
65.43
65.32
65.18
65.01
64.89
64.73
64.62
64.53
64.36
64.12
63.99
63.85
63.71
63.57
63.48
63.34
63.20
63.11
