1	1	1	1	1	1	1	1	1	1	1	1	1	1	1	1	1	1	1	1	1
2	2	2	2	2	2	2	2	2	2	2	2	2	2	2	2	2	2	2	2	2
3	3	3	3	3	3	3	3	3	3	3	3	3	3	3	3	3	3	3	3	3
4	4	4	4	4	4	4	4	4	4	4	4	4	4	4	4	4	4	4	4	4
5	5	5	5	5	5	5	5	5	5	5	5	5	5	5	5	5	4	5	5	5
6	6	6	6	6	6	6	6	6	6	6	6	6	6	6	6	6	5	6	6	6
7	7	7	7	7	7	6	7	7	7	7	7	7	6	7	7	7	5	7	7	7
8	8	8	8	8	8	7	8	8	8	8	8	8	6	8	8	8	5	8	8	8
9	9	9	9	9	9	8	9	9	9	9	9	9	7	9	9	9	5	9	9	9
10	10	10	10	10	10	9	10	10	10	10	10	10	7	10	10	10	5	10	10	10
11	11	11	11	11	11	10	11	11	11	11	11	11	8	11	11	11	5	11	11	10
12	12	12	12	12	12	11	12	12	12	12	12	12	9	11	12	12	6	12	12	11
13	13	13	13	13	13	12	13	13	13	13	13	13	10	12	13	13	6	13	13	11
14	14	14	14	14	14	13	14	14	14	14	13	14	11	12	14	14	7	14	14	12
15	15	15	15	15	15	14	15	15	15	15	13	15	12	13	15	15	8	15	15	12
16	16	16	16	16	16	15	16	16	16	16	14	16	13	14	16	16	9	16	16	12
17	17	17	17	17	17	16	17	17	17	17	14	17	14	15	17	17	10	17	17	12
18	18	18	18	18	18	17	18	18	18	18	14	18	15	16	18	18	11	18	18	13
19	19	19	19	19	19	18	19	19	19	19	14	19	16	17	19	19	12	19	19	14
20	20	20	20	20	20	19	20	20	20	20	14	20	17	18	20	20	13	20	20	15
21	21	21	21	21	21	20	21	21	21	21	14	21	17	19	21	21	14	21	21	15
22	22	22	22	22	22	21	22	22	22	22	14	22	17	20	22	22	15	22	22	16
23	22	23	23	23	23	22	23	23	23	23	14	23	18	21	23	23	16	23	23	17
24	23	24	24	24	24	23	24	24	24	24	14	24	19	22	24	24	17	24	24	18
25	23	25	25	25	25	24	25	25	25	25	14	25	20	23	25	24	18	25	25	19
26	24	26	26	26	26	25	26	26	26	26	14	26	21	24	26	24	19	26	26	20
27	24	27	27	27	27	26	27	27	27	27	14	27	22	25	27	25	20	26	27	21
28	24	28	28	28	28	27	28	28	28	28	14	28	23	26	28	26	21	26	28	22
29	24	29	29	29	29	28	29	29	29	29	14	29	23	27	29	27	22	26	29	23
30	25	30	30	30	30	29	30	30	30	30	14	30	23	28	30	27	23	26	30	24
31	26	31	31	31	31	30	31	31	31	31	14	31	23	29	31	27	24	27	31	25
32	27	31	32	32	32	31	32	32	32	32	14	32	23	30	32	27	25	28	32	26
33	28	31	33	33	33	32	33	33	33	33	14	33	23	31	33	28	26	29	33	27
34	29	31	34	34	34	33	34	34	34	34	14	34	23	32	34	28	27	30	34	28
35	30	32	35	35	35	34	35	35	35	35	14	35	23	33	35	29	28	31	35	29
36	31	33	36	35	36	35	36	36	36	36	14	36	23	34	36	29	29	32	36	30
37	32	33	37	35	37	36	37	37	37	37	14	37	23	35	37	29	30	33	37	31
38	33	34	38	36	38	37	38	38	38	38	14	38	23	36	38	30	31	34	38	32
39	34	35	39	37	39	38	39	38	39	39	14	39	23	37	39	31	32	35	39	33
40	35	36	40	37	40	39	40	39	40	40	14	40	23	38	40	32	33	36	40	34
41	36	37	41	38	41	40	40	39	41	41	14	41	23	39	41	33	34	37	41	35
42	37	38	42	39	42	41	40	39	42	42	14	42	23	40	41	34	35	38	42	36
43	38	39	43	39	43	42	40	40	43	43	14	43	23	41	41	35	36	39	43	37
44	38	40	44	39	44	43	41	41	44	44	14	44	23	42	41	35	37	40	44	38
45	38	41	45	39	45	44	42	41	45	45	14	45	23	43	41	35	38	41	45	39
46	38	42	46	40	45	45	43	41	46	46	14	46	23	44	41	36	39	42	46	40
48	39	43	47	40	46	46	44	41	47	47	14	47	23	44	41	36	40	43	47	41
49	39	44	48	40	47	47	45	41	48	48	14	48	23	44	41	37	41	44	48	42
50	40	45	49	41	47	48	46	41	49	49	14	49	23	44	41	37	42	44	49	43
51	40	46	50	41	47	49	47	42	50	50	14	50	23	44	41	38	43	44	50	44
52	41	47	51	41	48	50	48	43	51	51	14	51	23	44	41	38	44	44	51	45
53	42	48	52	42	49	51	49	44	52	52	14	52	23	44	41	39	45	44	52	46
54	42	49	53	43	50	52	50	45	53	53	14	53	23	44	41	40	46	44	53	47
55	43	50	54	44	51	53	51	46	54	54	14	54	23	44	41	40	47	44	54	48
56	43	51	55	45	52	54	52	47	55	55	14	55	23	44	41	41	48	44	55	49
57	43	52	56	46	53	55	53	48	56	56	14	56	23	44	41	42	49	44	56	50
58	43	53	57	47	54	56	54	49	57	57	14	56	23	44	41	43	50	44	57	51
59	43	54	58	48	55	57	55	50	57	58	14	57	23	44	41	44	51	44	58	52
60	43	55	59	49	56	58	56	51	57	59	14	58	23	44	41	45	52	44	59	53
61	44	56	60	50	57	59	57	52	57	60	14	59	23	44	41	45	53	44	60	54
62	44	57	61	51	58	60	58	53	57	61	14	60	23	44	41	46	54	44	61	55
63	44	58	62	52	59	61	59	54	58	62	14	61	23	44	41	46	55	44	62	56
64	44	59	63	53	60	62	60	55	59	63	14	62	23	44	41	46	56	44	63	57
65	44	60	64	54	61	63	61	56	59	64	14	63	23	44	41	47	57	44	64	58
66	44	61	65	55	62	64	62	57	60	65	14	64	23	44	41	47	58	44	64	59
67	44	62	66	56	63	65	63	58	61	66	14	65	23	44	41	48	59	44	65	60
68	45	63	67	57	64	66	64	59	61	67	14	66	23	44	41	48	60	44	66	61
69	45	64	68	58	65	67	65	60	61	68	14	67	23	44	41	49	61	44	67	62
70	46	65	69	59	66	68	66	61	62	69	14	68	23	44	41	49	61	44	68	63
71	46	66	70	60	67	69	67	62	63	70	14	69	23	44	41	50	61	44	69	64
72	47	67	71	61	68	70	68	63	64	71	14	70	23	44	41	51	61	44	70	65
73	48	68	72	62	69	71	69	64	65	72	14	71	23	44	41	52	61	44	71	66
74	49	69	73	63	70	72	70	65	66	73	14	72	23	44	41	53	61	44	72	67
75	50	70	74	64	71	73	71	66	67	74	14	73	23	44	41	54	61	44	72	68
76	51	71	75	65	72	74	72	67	68	75	14	74	23	44	41	54	61	44	72	69
77	52	72	76	66	73	75	73	68	69	76	14	75	23	44	41	54	61	44	72	70
78	53	73	77	67	74	76	74	69	70	77	14	76	23	44	41	54	61	44	73	71
79	54	74	78	68	75	77	75	70	71	78	14	77	23	44	41	54	61	44	74	72
80	55	75	79	69	76	78	76	71	72	79	14	78	23	44	41	54	61	44	75	73
81	56	76	80	70	77	79	77	72	73	80	14	79	23	44	41	54	61	44	76	74
82	57	77	81	71	78	80	78	73	74	81	14	80	23	44	41	54	61	44	77	75
83	58	78	82	72	79	81	79	74	75	82	14	81	23	44	41	54	61	44	78	76
84	59	79	83	73	80	82	80	75	76	83	14	82	23	44	41	54	61	44	79	77
85	60	80	84	74	81	83	81	76	77	84	14	83	23	44	41	54	61	44	80	78
86	61	81	85	75	82	84	82	77	78	85	14	84	23	44	41	54	61	44	81	79
87	62	82	86	76	83	85	83	78	79	86	14	85	23	44	41	54	61	44	82	80
88	63	83	87	77	84	86	84	79	80	87	14	86	23	44	41	54	61	44	82	81
89	64	84	88	78	85	87	85	80	81	88	14	87	23	44	41	54	61	44	83	82
90	65	85	89	79	86	88	86	81	82	89	14	88	23	44	41	54	61	44	84	83
91	66	86	90	80	87	88	87	82	83	90	14	89	23	44	41	54	61	44	85	84
92	67	87	91	81	88	88	88	83	84	91	14	90	23	44	41	54	61	44	86	85
93	68	88	92	82	89	88	89	84	85	92	14	91	23	44	41	54	61	44	87	86
94	69	89	93	83	90	88	90	85	86	93	14	92	23	44	41	54	61	44	88	86
95	70	90	94	84	91	88	91	86	87	94	14	93	23	44	41	54	61	44	89	87
96	71	91	95	85	92	88	92	87	88	95	14	94	23	44	41	54	61	44	90	88
97	72	92	96	86	93	88	93	88	89	96	14	95	23	44	41	54	61	44	91	89
98	73	93	97	87	94	88	94	89	90	97	14	96	23	44	41	54	61	44	92	90
99	74	94	98	88	95	88	95	90	91	98	14	97	23	44	41	54	61	44	93	91
100	75	95	99	89	96	88	96	91	92	99	14	98	23	44	41	54	61	44	94	92
101	76	96	100	90	97	88	97	92	93	100	14	99	23	44	41	54	61	44	95	93
102	77	97	101	91	98	88	98	93	94	101	14	100	23	44	41	54	61	44	96	94
103	78	98	102	92	99	88	99	94	95	102	14	101	23	44	41	54	61	44	97	95
104	79	99	103	93	100	88	99	95	96	103	14	102	23	44	41	54	61	44	98	96
105	80	100	104	94	101	88	99	96	97	104	14	103	23	44	41	54	61	44	99	97
106	81	101	105	95	102	88	99	97	98	105	14	104	23	44	41	54	61	44	100	98
107	82	102	106	96	103	88	99	98	99	106	14	105	23	44	41	54	61	44	101	99
108	83	103	107	97	104	88	99	99	100	107	14	106	23	44	41	54	61	44	102	100
109	84	104	108	98	105	88	99	100	101	108	14	107	23	44	41	54	61	44	103	101
110	85	105	109	99	106	88	99	101	102	109	14	108	23	44	41	54	61	44	104	102
111	86	106	110	100	107	88	99	102	103	110	14	109	23	44	41	54	61	44	105	103
112	87	107	111	101	108	88	99	103	104	111	14	110	23	44	41	54	61	44	105	104
113	88	108	112	102	109	88	99	103	105	112	14	111	23	44	41	54	61	44	105	105
114	89	109	113	103	110	88	99	103	106	113	14	112	23	44	41	54	61	44	105	106
115	90	110	114	104	111	88	99	103	107	114	14	112	23	44	41	54	61	44	105	107
116	91	111	115	105	112	88	99	103	108	115	14	112	23	44	41	54	61	44	105	107
117	92	112	116	106	113	88	99	103	109	116	14	112	23	44	41	54	61	44	105	107
118	93	113	117	107	114	88	99	103	110	117	14	112	23	44	41	54	61	44	105	107
119	94	114	118	108	115	88	99	103	111	118	14	112	23	44	41	54	61	44	105	107
120	95	115	119	109	116	88	99	103	112	119	14	112	23	44	41	54	61	44	105	107
121	96	116	120	110	117	88	99	103	113	119	14	112	23	44	41	54	61	44	105	107
122	97	117	121	111	118	88	99	103	114	119	14	112	23	44	41	54	61	44	105	107
123	98	118	121	112	119	88	99	103	115	119	14	112	23	44	41	54	61	44	105	107
124	99	119	121	113	120	88	99	103	116	119	14	112	23	44	41	54	61	44	105	107
125	100	120	121	114	121	88	99	103	117	119	14	112	23	44	41	54	61	44	105	107
126	101	121	121	115	122	88	99	103	118	119	14	112	23	44	41	54	61	44	105	107
127	102	121	121	116	123	88	99	103	119	119	14	112	23	44	41	54	61	44	105	107
128	103	121	121	117	124	88	99	103	119	119	14	112	23	44	41	54	61	44	105	107
129	104	121	121	118	125	88	99	103	119	119	14	112	23	44	41	54	61	44	105	107
130	105	121	121	119	126	88	99	103	119	119	14	112	23	44	41	54	61	44	105	107
131	106	121	121	120	127	88	99	103	119	119	14	112	23	44	41	54	61	44	105	107
132	107	121	121	121	128	88	99	103	119	119	14	112	23	44	41	54	61	44	105	107
133	108	121	121	122	129	88	99	103	119	119	14	112	23	44	41	54	61	44	105	107
134	109	121	121	123	130	88	99	103	119	119	14	112	23	44	41	54	61	44	105	107
135	109	121	121	124	131	88	99	103	119	119	14	112	23	44	41	54	61	44	105	107
136	109	121	121	125	132	88	99	103	119	119	14	112	23	44	41	54	61	44	105	107
137	109	121	121	125	133	88	99	103	119	119	14	112	23	44	41	54	61	44	105	107
138	109	121	121	125	134	88	99	103	119	119	14	112	23	44	41	54	61	44	105	107
139	109	121	121	125	135	88	99	103	119	119	14	112	23	44	41	54	61	44	105	107
140	109	121	121	125	136	88	99	103	119	119	14	112	23	44	41	54	61	44	105	107
141	109	121	121	125	137	88	99	103	119	119	14	112	23	44	41	54	61	44	105	107
142	109	121	121	125	137	88	99	103	119	119	14	112	23	44	41	54	61	44	105	107
143	109	121	121	125	137	88	99	103	119	119	14	112	23	44	41	54	61	44	105	107
144	109	121	121	125	137	88	99	103	119	119	14	112	23	44	41	54	61	44	105	107
145	109	121	121	125	137	88	99	103	119	119	14	112	23	44	41	54	61	44	105	107
146	109	121	121	125	137	88	99	103	119	119	14	112	23	44	41	54	61	44	105	107
147	109	121	121	125	137	88	99	103	119	119	14	112	23	44	41	54	61	44	105	107
148	109	121	121	125	137	88	99	103	119	119	14	112	23	44	41	54	61	44	105	107
149	109	121	121	125	137	88	99	103	119	119	14	112	23	44	41	54	61	44	105	107
150	109	121	121	125	137	88	99	103	119	119	14	112	23	44	41	54	61	44	105	107
151	109	121	121	125	137	88	99	103	119	119	14	112	23	44	41	54	61	44	105	107
152	109	121	121	125	137	88	99	103	119	119	14	112	23	44	41	54	61	44	105	107
153	109	121	121	125	137	88	99	103	119	119	14	112	23	44	41	54	61	44	105	107
154	109	121	121	125	137	88	99	103	119	119	14	112	23	44	41	54	61	44	105	107
155	109	121	121	125	137	88	99	103	119	119	14	112	23	44	41	54	61	44	105	107
156	109	121	121	125	137	88	99	103	119	119	14	112	23	44	41	54	61	44	105	107
157	109	121	121	125	137	88	99	103	119	119	14	112	23	44	41	54	61	44	105	107
158	109	121	121	125	137	88	99	103	119	119	14	112	23	44	41	54	61	44	105	107
159	109	121	121	125	137	88	99	103	119	119	14	112	23	44	41	54	61	44	105	107
160	109	121	121	125	137	88	99	103	119	119	14	112	23	44	41	54	61	44	105	107
161	109	121	121	125	137	88	99	103	119	119	14	112	23	44	41	54	61	44	105	107
162	109	121	121	125	137	88	99	103	119	119	14	112	23	44	41	54	61	44	105	107
163	109	121	121	125	137	88	99	103	119	119	14	112	23	44	41	54	61	44	105	107
164	109	121	121	125	137	88	99	103	119	119	14	112	23	44	41	54	61	44	105	107
165	109	121	121	125	137	88	99	103	119	119	14	112	23	44	41	54	61	44	105	107
166	109	121	121	125	137	88	99	103	119	119	14	112	23	44	41	54	61	44	105	107
