73.96
73.74
73.53
73.35
73.09
72.74
72.40
72.11
71.76
71.43
71.08
70.71
70.40
70.05
69.69
69.38
69.01
68.68
68.38
68.08
67.81
67.51
67.19
66.91
66.56
66.30
65.99
65.65
65.34
65.00
64.66
64.28
63.94
63.63
63.36
63.08
62.82
62.39
62.07
61.62
61.28
60.94
60.61
60.35
59.98
59.66
59.33
59.03
58.74
58.47
58.27
57.96
57.61
57.30
56.93
56.64
56.30
55.98
55.70
55.50
55.16
54.90
54.59
54.36
54.15
53.83
53.58
53.34
53.12
52.92
52.71
52.36
52.14
51.77
51.54
51.32
51.10
50.78
50.56
50.32
50.11
49.92
49.68
49.48
49.14
48.80
48.44
48.08
47.81
47.56
47.37
47.08
46.73
46.53
46.28
46.07
45.86
45.62
45.39
45.15
44.96
44.77
44.44
44.19
43.87
43.56
43.35
43.05
42.81
42.54
42.08
41.70
41.32
41.07
40.62
40.36
39.88
39.65
39.40
39.14
38.85
38.66
38.28
38.07
37.72
37.42
37.19
36.95
36.66
36.42
36.22
36.22
36.10
35.92
35.84
35.69
35.54
35.33
35.18
34.95
34.74
34.52
34.27
34.06
33.84
33.59
33.46
33.23
32.99
32.86
32.74
32.58
32.46
32.27
32.11
31.95
31.82
31.62
31.47
31.34
31.22
31.09
30.93
30.77
30.55
30.33
30.09
29.98
29.81
29.69
29.48
29.31
29.14
29.00
28.83
28.71
28.54
28.45
28.35
28.13
27.99
27.86
27.74
27.61
