73.56
73.32
73.09
72.80
72.57
72.26
71.89
71.55
71.19
70.83
70.47
70.10
69.77
69.37
69.04
68.67
68.32
67.99
67.69
67.38
67.06
66.75
66.45
66.11
65.80
65.53
65.17
64.85
64.51
64.23
63.90
63.57
63.25
62.90
62.60
62.30
62.01
61.68
61.38
60.96
60.61
60.24
59.89
59.57
59.21
58.88
58.58
58.25
57.94
57.66
57.35
57.00
56.68
56.34
56.01
55.68
55.35
55.00
54.79
54.57
54.33
54.02
53.75
53.51
53.08
52.83
52.61
52.38
52.17
51.94
51.74
51.48
51.28
51.07
50.75
50.53
50.28
50.00
49.67
49.42
49.21
49.01
48.80
48.49
48.21
47.90
47.55
47.23
47.00
46.76
46.55
46.24
45.93
45.72
45.48
45.28
45.05
44.84
44.58
44.36
44.15
43.96
43.62
43.39
43.12
42.79
42.51
42.13
41.79
41.57
41.19
41.00
41.00
40.66
40.23
39.92
39.61
39.46
39.26
39.08
38.95
38.77
38.68
38.45
38.34
38.13
37.97
37.75
37.64
37.49
37.38
37.22
37.05
36.94
36.84
36.61
36.45
36.22
36.09
35.84
35.66
35.45
35.17
34.95
34.75
34.56
34.45
34.22
34.01
33.88
33.74
33.65
33.50
33.35
33.19
33.06
32.92
32.76
32.67
32.51
32.38
32.25
32.12
31.95
31.77
31.63
31.44
31.29
31.12
31.03
30.82
30.68
30.45
30.31
30.17
30.08
29.91
29.81
29.72
29.52
29.36
29.20
29.09
28.99
