72.86
72.64
72.38
72.18
71.87
71.57
71.27
70.96
70.62
70.27
69.95
69.58
69.29
68.91
68.45
68.04
67.77
67.44
67.15
66.83
66.54
66.25
65.94
65.63
65.27
64.98
64.59
64.24
63.91
63.61
63.32
62.99
62.66
62.35
61.99
61.66
61.35
60.85
60.49
60.05
59.66
59.30
58.89
58.65
58.27
57.93
57.63
57.30
56.99
56.71
56.44
56.18
55.81
55.49
55.16
54.85
54.55
54.25
53.94
53.73
53.44
53.20
52.91
52.67
52.42
52.06
51.77
51.51
51.31
51.09
50.87
50.62
50.35
50.16
49.87
49.67
49.42
49.22
48.91
48.69
48.44
48.21
47.97
47.76
47.34
47.03
46.70
46.30
46.01
45.75
45.47
45.15
44.86
44.66
44.40
44.19
44.00
43.74
43.51
43.29
43.09
42.88
42.52
42.27
41.98
41.65
41.41
41.08
40.87
40.61
40.32
40.03
39.75
39.45
39.45
39.26
39.00
38.73
38.54
38.41
38.28
38.06
37.94
37.72
37.58
37.36
37.19
36.94
36.78
36.63
36.52
36.37
36.17
36.07
35.95
35.79
35.64
35.46
35.28
35.07
34.78
34.61
34.42
34.22
33.96
33.75
33.61
33.34
33.09
32.97
32.83
32.72
32.61
32.42
32.27
32.14
32.04
31.85
31.71
31.61
31.44
31.31
31.16
31.01
30.85
30.62
30.44
30.32
30.15
29.99
29.78
29.62
29.41
29.28
29.16
29.03
28.82
28.71
28.61
28.40
28.23
28.12
27.99
27.87
