71.70
71.46
71.26
71.08
70.89
70.60
70.27
70.27
70.11
69.86
69.58
69.36
69.12
68.93
68.67
68.44
68.19
67.90
67.66
67.44
67.24
67.06
66.87
66.65
66.43
66.15
65.99
65.74
65.49
65.29
65.11
64.86
64.63
64.32
64.12
63.92
63.72
63.51
63.19
62.99
62.68
62.48
62.19
61.93
61.67
61.47
61.24
60.96
60.75
60.53
60.39
60.27
60.04
59.77
59.57
59.38
59.16
58.92
58.67
58.49
58.40
58.27
58.11
57.91
57.81
57.66
57.41
57.21
57.06
56.94
56.84
56.74
56.51
56.42
56.32
56.09
55.96
55.83
55.70
55.54
55.40
55.27
55.11
54.98
54.87
54.59
54.35
54.17
53.89
53.71
53.53
53.42
53.25
53.05
52.95
52.79
52.69
52.53
52.44
52.26
52.12
52.01
51.88
51.67
51.46
51.26
51.04
50.89
50.66
50.55
50.33
50.10
49.85
49.68
49.39
49.24
49.03
48.81
48.58
48.44
48.31
48.16
48.08
47.86
47.74
47.59
47.41
47.23
47.11
46.94
46.80
46.68
46.50
46.36
46.25
46.11
45.93
45.69
45.55
45.33
45.11
44.89
44.60
44.34
44.14
43.94
43.80
43.56
43.31
43.14
43.06
42.97
42.87
42.74
42.52
42.39
42.28
42.12
41.99
41.89
41.75
41.61
41.45
41.34
41.15
41.03
40.87
40.74
40.57
40.41
40.18
40.03
39.76
39.65
39.50
39.40
39.20
39.10
39.00
38.75
38.62
38.47
38.33
38.26
