71.80
71.58
71.37
71.15
70.92
70.40
70.14
69.76
69.46
69.17
68.83
68.53
68.16
67.78
67.50
67.18
66.84
66.50
66.14
65.92
65.44
65.10
64.88
64.41
63.97
63.57
63.25
62.95
62.66
62.21
61.77
61.34
60.98
60.65
60.32
59.94
59.57
59.21
58.79
58.44
58.02
57.64
57.23
56.91
56.53
56.30
56.02
55.72
55.42
55.16
54.92
54.63
54.25
53.97
53.97
53.83
53.66
53.41
53.20
53.01
52.91
52.76
52.52
52.37
52.22
52.05
51.86
51.74
51.56
51.44
51.32
51.20
51.03
50.89
50.78
50.56
50.43
50.29
50.10
49.86
49.72
49.60
49.49
49.37
49.26
48.98
48.81
48.57
48.30
48.07
47.88
47.79
47.62
47.43
47.33
47.16
47.08
46.98
46.87
46.68
46.48
46.36
46.25
46.01
45.80
45.63
45.47
45.32
45.12
45.03
44.86
44.62
44.43
44.24
44.03
43.84
43.59
43.37
43.10
42.94
42.79
42.59
42.45
42.21
42.09
41.89
41.72
41.51
41.36
41.18
41.08
40.96
40.78
40.63
40.54
40.36
40.19
39.98
39.81
39.62
39.37
39.16
38.92
38.67
38.48
38.25
38.14
37.86
37.68
37.56
37.42
37.28
37.13
36.99
36.80
36.67
36.58
36.41
36.28
36.14
36.00
35.86
35.73
35.54
35.34
35.21
35.08
34.96
34.82
34.67
34.47
34.32
34.10
33.97
33.80
33.68
33.51
33.40
33.31
33.11
32.98
32.85
32.75
32.65
