72.43
72.23
72.04
71.80
71.55
71.21
70.90
70.44
70.03
69.69
69.27
68.86
68.52
68.10
67.70
67.23
66.82
66.61
66.33
66.02
65.74
65.45
65.10
64.79
64.50
64.24
63.80
63.27
62.90
62.67
62.35
62.04
61.68
61.38
61.03
60.57
60.33
59.94
59.60
59.20
58.88
58.54
58.18
57.84
57.56
57.20
56.89
56.54
56.24
56.00
55.77
55.77
55.63
55.37
55.15
54.95
54.72
54.49
54.25
54.04
53.93
53.77
53.54
53.35
53.22
53.07
52.83
52.70
52.55
52.46
52.37
52.24
52.03
51.87
51.75
51.54
51.43
51.25
51.10
50.90
50.79
50.66
50.55
50.42
50.33
50.05
49.88
49.66
49.43
49.22
49.09
49.01
48.84
48.62
48.48
48.37
48.23
48.13
47.97
47.84
47.71
47.59
47.48
47.23
47.12
46.94
46.65
46.55
46.36
46.26
46.10
45.90
45.69
45.49
45.28
45.03
44.82
44.62
44.47
44.32
44.15
43.95
43.83
43.52
43.38
43.22
43.07
42.86
42.75
42.62
42.50
42.36
42.16
42.03
41.91
41.72
41.57
41.38
41.25
41.02
40.77
40.54
40.31
40.13
39.93
39.73
39.63
39.37
39.16
39.04
38.87
38.79
38.66
38.47
38.32
38.20
38.12
37.98
37.85
37.71
37.58
37.44
37.30
37.18
36.96
36.80
36.59
36.47
36.33
36.18
35.99
35.83
35.57
35.47
35.33
35.21
35.02
34.93
34.84
34.61
34.45
34.32
34.19
34.09
