73.70
73.49
73.25
73.04
72.82
72.50
72.17
71.85
71.54
71.22
70.88
70.51
70.15
69.76
69.41
69.00
68.65
68.27
67.91
67.62
67.33
67.04
66.68
66.37
66.02
65.75
65.34
65.02
64.69
64.40
64.12
63.75
63.38
63.07
62.73
62.33
61.99
61.72
61.33
61.01
60.69
60.37
60.06
59.74
59.41
59.06
58.72
58.42
58.11
57.86
57.62
57.32
56.92
56.54
56.22
55.91
55.56
55.25
54.94
54.74
54.48
54.20
53.90
53.69
53.45
53.15
52.91
52.61
52.40
52.18
51.94
51.58
51.38
51.17
50.87
50.62
50.39
50.14
49.78
49.57
49.32
49.11
48.88
48.53
48.23
47.95
47.62
47.24
47.03
46.79
46.60
46.29
45.98
45.75
45.49
45.24
45.04
44.84
44.55
44.35
44.13
43.74
43.53
43.32
43.01
42.65
42.41
42.04
41.84
41.84
41.71
41.50
41.24
41.00
40.77
40.50
40.23
39.99
39.81
39.66
39.51
39.27
39.15
38.90
38.80
38.66
38.50
38.34
38.21
38.05
37.93
37.81
37.67
37.50
37.41
37.17
37.02
36.83
36.68
36.48
36.25
36.04
35.82
35.60
35.40
35.17
35.03
34.76
34.52
34.38
34.22
34.10
33.98
33.86
33.65
33.57
33.47
33.34
33.19
33.07
32.96
32.81
32.67
32.52
32.33
32.15
32.03
31.90
31.74
31.63
31.47
31.33
31.07
30.93
30.74
30.61
30.38
30.25
30.15
29.95
29.81
29.71
29.60
29.47
