73.95
73.68
73.47
73.24
73.06
72.73
72.41
72.03
71.68
71.33
71.00
70.68
70.36
70.02
69.62
69.27
68.96
68.68
68.39
68.09
67.86
67.54
67.22
66.93
66.62
66.31
65.92
65.53
65.15
64.91
64.60
64.31
63.96
63.66
63.35
62.97
62.67
62.34
62.06
61.66
61.32
60.92
60.54
60.21
59.86
59.49
59.17
58.86
58.56
58.33
58.10
57.80
57.48
57.19
56.91
56.62
56.29
55.96
55.67
55.46
55.19
54.94
54.66
54.41
54.17
53.82
53.53
53.32
53.07
52.86
52.63
52.34
52.09
51.78
51.58
51.39
51.15
50.79
50.59
50.36
50.13
49.93
49.71
49.49
49.16
48.87
48.54
48.17
47.84
47.55
47.34
47.07
46.73
46.56
46.33
46.09
45.88
45.67
45.40
45.18
44.95
44.75
44.45
44.20
43.93
43.61
43.34
43.05
42.66
42.45
41.98
41.76
41.36
40.98
40.56
40.14
39.90
39.56
39.27
39.27
39.16
38.96
38.86
38.66
38.57
38.40
38.22
38.01
37.84
37.64
37.48
37.35
37.20
37.06
36.96
36.76
36.58
36.36
36.24
36.06
35.86
35.62
35.40
35.19
34.98
34.78
34.61
34.34
34.12
33.98
33.80
33.71
33.57
33.42
33.28
33.13
33.02
32.84
32.73
32.59
32.48
32.36
32.22
32.06
31.87
31.60
31.39
31.26
31.10
30.98
30.82
30.66
30.39
30.24
30.09
29.96
29.74
29.60
29.49
29.29
29.13
29.01
28.88
28.79
