72.59
72.35
72.16
71.94
71.66
71.34
71.03
70.63
70.42
70.01
69.66
69.41
68.98
68.71
68.35
68.10
67.62
67.40
67.00
66.67
66.45
66.08
65.74
65.43
65.10
64.81
64.47
64.24
63.75
63.54
63.22
62.89
62.55
62.26
61.95
61.63
61.31
60.93
60.62
60.20
59.85
59.48
59.14
58.82
58.54
58.17
57.85
57.55
57.26
56.97
56.72
56.44
56.12
55.82
55.51
55.20
54.86
54.47
54.21
54.00
53.76
53.43
53.10
52.87
52.63
52.34
52.05
51.78
51.55
51.33
51.11
50.85
50.61
50.38
50.09
49.87
49.65
49.45
49.15
48.93
48.70
48.49
48.30
48.08
47.73
47.45
47.19
46.83
46.51
46.26
46.04
45.70
45.36
45.15
44.86
44.64
44.43
44.22
43.95
43.74
43.53
43.30
42.98
42.73
42.44
42.09
41.80
41.47
41.26
40.98
40.67
40.34
40.14
40.14
39.81
39.68
39.49
39.31
39.03
38.88
38.66
38.43
38.31
38.10
37.98
37.80
37.62
37.41
37.28
37.13
37.02
36.87
36.72
36.59
36.47
36.34
36.17
35.94
35.77
35.57
35.34
35.11
34.88
34.64
34.45
34.23
34.11
33.89
33.71
33.58
33.44
33.30
33.19
33.01
32.89
32.76
32.65
32.52
32.39
32.27
32.15
32.02
31.87
31.72
31.51
31.30
31.09
30.98
30.82
30.70
30.47
30.34
30.15
30.00
29.88
29.75
29.57
29.44
29.30
29.08
28.94
28.82
28.73
28.64
