73.04
72.83
72.59
72.40
72.18
71.86
71.57
71.22
70.86
70.57
70.18
69.81
69.46
69.09
68.76
68.42
68.01
67.70
67.40
67.07
66.80
66.50
66.19
65.90
65.61
65.34
65.02
64.66
64.34
64.06
63.73
63.42
63.07
62.63
62.26
61.87
61.51
61.21
60.94
60.52
60.18
59.84
59.51
59.24
58.89
58.52
58.22
57.88
57.54
57.30
57.05
56.72
56.39
56.09
55.78
55.49
55.16
54.82
54.55
54.34
54.09
53.82
53.52
53.24
52.98
52.66
52.40
52.18
51.98
51.77
51.55
51.28
51.09
50.89
50.56
50.36
50.13
49.88
49.57
49.31
49.07
48.81
48.57
48.35
48.00
47.68
47.35
47.03
46.75
46.52
46.31
46.03
45.73
45.50
45.30
45.07
44.88
44.66
44.39
44.13
43.92
43.72
43.39
43.02
42.68
42.48
42.09
41.89
41.66
41.26
40.89
40.51
40.24
39.83
39.48
39.16
38.94
38.51
38.31
37.89
37.68
37.28
37.04
36.69
36.48
36.16
35.93
35.66
35.41
35.21
34.98
34.72
34.52
34.30
33.98
33.98
33.86
33.63
33.47
33.25
32.98
32.80
32.58
32.37
32.13
31.90
31.77
31.52
31.27
31.13
31.01
30.91
30.79
30.62
30.44
30.30
30.17
30.00
29.85
29.75
29.65
29.51
29.38
29.24
29.12
28.97
28.75
28.62
28.48
28.32
28.13
28.01
27.68
27.56
27.44
27.30
27.10
27.00
26.90
26.70
26.53
26.42
26.29
26.20
