73.39
73.13
72.91
72.69
72.45
72.08
71.73
71.42
71.14
70.85
70.43
70.06
69.82
69.48
69.14
68.83
68.44
68.08
67.78
67.44
67.06
66.76
66.44
66.12
65.81
65.53
65.23
64.85
64.50
64.20
63.84
63.48
63.14
62.86
62.52
62.18
61.89
61.54
61.24
60.87
60.50
60.17
59.80
59.45
59.13
58.81
58.44
58.12
57.84
57.55
57.22
56.85
56.50
56.15
55.84
55.49
55.12
54.82
54.63
54.43
54.15
53.84
53.54
53.30
52.96
52.74
52.51
52.24
52.03
51.82
51.57
51.29
51.09
50.85
50.55
50.33
50.07
49.84
49.51
49.28
49.07
48.85
48.61
48.39
48.07
47.72
47.42
47.10
46.81
46.51
46.32
46.00
45.71
45.51
45.31
45.05
44.82
44.60
44.33
44.10
43.89
43.60
43.36
43.12
42.83
42.51
42.27
42.27
42.11
42.02
41.79
41.57
41.29
41.10
40.87
40.68
40.40
40.16
39.98
39.82
39.66
39.46
39.37
39.17
39.03
38.83
38.64
38.43
38.24
38.06
37.94
37.81
37.64
37.48
37.37
37.20
37.06
36.82
36.67
36.43
36.18
35.96
35.70
35.51
35.32
35.10
34.99
34.78
34.57
34.38
34.23
34.14
34.02
33.85
33.68
33.51
33.40
33.24
33.14
33.03
32.91
32.75
32.61
32.49
32.21
32.08
31.94
31.81
31.65
31.47
31.23
31.07
30.82
30.64
30.45
30.30
30.07
29.97
29.89
29.69
29.53
29.39
29.21
29.10
