72.11
71.89
71.70
71.45
71.23
70.88
70.55
70.24
69.91
69.60
69.28
68.88
68.55
68.25
67.88
67.55
67.17
66.84
66.55
66.25
65.97
65.65
65.33
65.04
64.70
64.44
64.16
63.82
63.57
63.26
62.98
62.63
62.29
61.96
61.64
61.31
60.98
60.59
60.25
59.89
59.59
59.27
58.94
58.64
58.36
57.96
57.66
57.37
57.10
57.10
56.98
56.87
56.68
56.43
56.20
55.96
55.75
55.57
55.35
55.19
55.07
54.87
54.67
54.51
54.35
54.19
53.99
53.85
53.68
53.56
53.45
53.33
53.15
53.06
52.95
52.75
52.63
52.50
52.39
52.17
52.06
51.97
51.86
51.73
51.62
51.35
51.18
50.99
50.77
50.52
50.37
50.28
50.07
49.85
49.74
49.66
49.55
49.46
49.34
49.18
48.98
48.88
48.76
48.53
48.42
48.24
48.01
47.86
47.58
47.45
47.26
47.05
46.83
46.62
46.38
46.14
45.97
45.73
45.49
45.32
45.14
44.92
44.84
44.56
44.46
44.31
44.15
43.92
43.84
43.65
43.51
43.42
43.27
43.09
42.97
42.81
42.65
42.39
42.24
41.96
41.72
41.50
41.29
41.02
40.78
40.55
40.46
40.16
39.93
39.82
39.66
39.55
39.42
39.26
39.09
38.95
38.84
38.70
38.59
38.48
38.34
38.15
38.03
37.84
37.67
37.46
37.37
37.25
37.10
37.00
36.81
36.66
36.45
36.28
36.11
35.95
35.80
35.68
35.58
35.30
35.18
35.05
34.95
34.85
