72.39
72.13
71.89
71.70
71.36
71.00
70.56
70.35
69.82
69.59
69.14
68.73
68.50
68.18
67.88
67.58
67.17
66.88
66.60
66.30
65.99
65.71
65.37
65.05
64.68
64.42
64.18
63.87
63.56
63.22
62.94
62.58
62.26
61.96
61.47
61.27
60.98
60.56
60.23
59.83
59.47
59.14
58.83
58.48
58.12
57.79
57.44
57.16
56.83
56.54
56.29
55.96
55.61
55.31
55.00
54.63
54.33
54.33
54.14
53.95
53.86
53.66
53.47
53.28
53.17
53.05
52.85
52.71
52.61
52.50
52.39
52.31
52.16
52.02
51.89
51.68
51.56
51.43
51.29
51.09
50.96
50.83
50.72
50.57
50.46
50.19
50.02
49.76
49.54
49.33
49.18
49.10
48.89
48.69
48.55
48.48
48.36
48.27
48.15
48.00
47.86
47.76
47.65
47.44
47.33
47.15
46.96
46.82
46.64
46.55
46.37
46.14
45.93
45.72
45.48
45.25
45.02
44.80
44.50
44.28
44.12
43.91
43.81
43.53
43.42
43.25
43.10
42.91
42.82
42.68
42.55
42.44
42.29
42.18
42.08
41.87
41.69
41.46
41.31
41.13
40.98
40.80
40.57
40.39
40.18
39.98
39.82
39.60
39.33
39.20
39.03
38.93
38.81
38.64
38.49
38.35
38.20
38.07
37.97
37.81
37.66
37.53
37.40
37.28
37.07
36.88
36.74
36.59
36.40
36.29
36.07
35.91
35.68
35.53
35.39
35.26
35.09
34.96
34.86
34.59
34.45
34.31
34.20
34.11
