73.47
73.21
73.00
72.79
72.54
72.24
71.90
71.57
71.23
70.88
70.57
70.21
69.88
69.55
69.24
68.91
68.53
68.19
67.90
67.59
67.35
67.05
66.69
66.39
66.11
65.86
65.50
65.08
64.80
64.44
64.14
63.80
63.45
63.15
62.82
62.51
62.23
61.89
61.60
61.23
60.90
60.58
60.24
59.92
59.62
59.31
59.02
58.69
58.44
58.19
57.96
57.65
57.30
56.96
56.60
56.27
55.92
55.56
55.30
55.10
54.82
54.51
54.24
53.99
53.76
53.43
53.17
52.90
52.70
52.49
52.27
51.94
51.73
51.49
51.15
50.91
50.69
50.44
50.17
49.95
49.72
49.51
49.27
49.09
48.78
48.46
48.14
47.80
47.46
47.46
47.32
47.21
47.02
46.85
46.71
46.56
46.45
46.36
46.26
46.09
45.93
45.83
45.72
45.46
45.25
45.04
44.82
44.52
44.40
44.29
44.15
43.70
43.38
43.09
42.87
42.47
42.33
41.83
41.75
41.58
41.42
41.22
41.08
40.85
40.73
40.54
40.39
40.18
39.99
39.78
39.66
39.53
39.40
39.28
39.17
38.94
38.81
38.54
38.41
38.21
37.96
37.76
37.52
37.30
37.10
36.85
36.73
36.49
36.25
36.12
35.94
35.87
35.74
35.58
35.42
35.25
35.14
35.02
34.86
34.76
34.61
34.47
34.30
34.13
33.95
33.73
33.60
33.46
33.32
33.20
32.98
32.83
32.64
32.52
32.37
32.22
32.03
31.89
31.79
31.58
31.45
31.34
31.26
31.16
