74.03
73.84
73.63
73.42
73.05
72.77
72.46
72.22
71.80
71.56
71.21
70.82
70.50
70.13
69.84
69.54
69.20
68.90
68.60
68.30
68.02
67.72
67.35
67.05
66.73
66.48
66.13
65.80
65.49
65.20
64.91
64.57
64.22
64.01
63.67
63.35
63.04
62.66
62.37
62.03
61.69
61.36
60.98
60.67
60.31
59.92
59.56
59.22
58.96
58.72
58.34
57.97
57.55
57.13
56.78
56.36
55.97
55.78
55.46
55.28
55.02
54.68
54.32
54.11
53.88
53.54
53.33
53.08
52.85
52.62
52.39
52.14
51.94
51.71
51.41
51.20
51.00
50.71
50.40
50.17
49.93
49.68
49.46
49.25
48.71
48.37
48.00
47.78
47.45
47.18
46.97
46.63
46.28
46.06
45.84
45.59
45.37
45.18
44.96
44.73
44.51
44.31
43.94
43.69
43.41
43.07
42.85
42.53
42.35
42.03
41.71
41.36
41.36
41.19
40.92
40.64
40.38
40.13
39.96
39.76
39.62
39.39
39.27
39.01
38.89
38.69
38.50
38.30
38.21
38.04
37.90
37.76
37.59
37.45
37.33
37.09
36.91
36.74
36.54
36.34
36.14
35.96
35.70
35.51
35.33
35.14
35.04
34.80
34.58
34.43
34.29
34.21
34.12
33.95
33.81
33.68
33.53
33.41
33.30
33.16
33.04
32.90
32.76
32.62
32.41
32.26
32.12
31.99
31.82
31.65
31.45
31.30
31.12
31.00
30.85
30.72
30.49
30.34
30.23
29.94
29.78
29.62
29.49
29.36
