88.59
88.44
88.28
88.13
87.99
87.85
87.72
87.57
87.43
87.28
87.14
86.99
86.76
86.56
86.41
86.27
86.07
85.88
85.70
85.56
85.38
85.23
85.08
84.89
84.69
84.53
84.40
84.25
84.12
83.94
83.73
83.57
83.40
83.24
83.03
82.88
82.73
82.58
82.42
82.26
82.11
81.85
81.71
81.58
81.44
81.30
81.10
80.93
80.76
80.60
80.44
80.28
80.14
80.00
79.85
79.71
79.54
79.40
79.19
79.06
78.85
78.71
78.55
78.38
78.17
78.02
77.87
77.71
77.54
77.39
77.24
77.04
76.89
76.69
76.55
76.39
76.20
76.01
75.86
75.68
75.53
75.39
75.25
75.08
74.93
74.80
74.59
74.45
74.31
74.14
74.00
73.81
73.65
73.44
73.28
73.06
72.92
72.68
72.54
72.39
72.25
72.11
72.11
72.07
72.04
72.00
71.98
71.90
71.84
71.74
71.69
71.61
71.57
71.52
71.49
71.40
71.35
71.30
71.24
71.09
71.05
71.01
70.96
70.91
70.85
70.80
70.75
70.66
70.57
70.53
70.45
70.37
70.33
70.29
70.22
70.13
70.05
70.01
69.92
69.88
69.83
69.77
69.75
