88.69
88.54
88.40
88.27
88.13
87.99
87.85
87.67
87.50
87.35
87.21
87.02
86.80
86.61
86.46
86.32
86.13
85.99
85.84
85.69
85.55
85.40
85.26
85.11
84.96
84.80
84.66
84.50
84.35
84.20
84.00
83.86
83.67
83.52
83.36
83.21
83.04
82.85
82.69
82.53
82.37
82.18
82.03
81.89
81.71
81.56
81.41
81.27
81.05
80.89
80.69
80.54
80.36
80.19
80.02
79.80
79.65
79.50
79.36
79.21
79.06
78.87
78.68
78.51
78.35
78.19
78.04
77.89
77.74
77.60
77.46
77.31
77.17
77.02
76.82
76.60
76.38
76.26
76.14
76.14
76.04
75.98
75.90
75.84
75.80
75.75
75.68
75.62
75.58
75.54
75.46
75.37
75.26
75.15
75.12
75.08
75.01
74.96
74.85
74.80
74.67
74.63
74.58
74.53
74.49
74.37
74.33
74.29
74.25
74.18
74.07
74.04
73.94
73.91
73.86
73.81
73.76
73.68
73.62
73.57
73.52
73.50
73.40
73.36
73.33
73.22
73.18
73.13
73.09
73.04
72.96
72.91
72.86
72.80
72.76
72.72
72.67
72.61
72.53
72.48
72.43
72.39
72.30
72.26
72.21
72.14
72.11
