86.86
86.70
86.55
86.41
86.27
86.12
85.97
85.80
85.66
85.50
85.35
85.14
84.93
84.72
84.59
84.39
84.24
84.08
83.94
83.73
83.51
83.36
83.21
83.08
82.90
82.72
82.56
82.42
82.27
82.08
81.92
81.76
81.62
81.62
81.59
81.55
81.51
81.47
81.41
81.35
81.30
81.26
81.19
81.14
81.10
81.01
80.96
80.92
80.80
80.71
80.62
80.56
80.48
80.40
80.36
80.31
80.29
80.22
80.16
80.10
79.99
79.91
79.82
79.79
79.67
79.62
79.56
79.51
79.46
79.42
79.37
79.29
79.25
79.13
79.09
79.04
78.91
78.88
78.84
78.69
78.64
78.60
78.55
78.49
78.44
78.34
78.30
78.25
78.21
78.17
78.06
78.01
77.96
77.88
77.80
77.74
77.65
77.58
77.47
77.43
77.40
77.33
77.23
77.19
77.14
77.10
77.04
76.99
76.94
76.87
76.80
76.73
76.67
76.56
76.48
76.42
76.38
76.28
76.22
76.15
76.10
76.08
75.99
75.96
75.93
75.80
75.76
75.69
75.67
75.64
75.56
75.47
75.43
75.33
75.27
75.22
75.15
75.07
75.03
74.99
74.95
74.91
74.87
74.77
74.70
74.66
