88.92
88.76
88.61
88.46
88.32
88.16
88.02
87.89
87.75
87.59
87.42
87.29
87.14
86.98
86.75
86.61
86.45
86.30
86.14
85.96
85.77
85.61
85.46
85.34
85.16
84.99
84.85
84.71
84.56
84.41
84.25
84.04
83.88
83.74
83.55
83.41
83.26
83.14
82.99
82.83
82.63
82.47
82.29
82.11
81.94
81.79
81.65
81.50
81.37
81.21
81.04
80.87
80.69
80.53
80.39
80.25
80.05
79.91
79.77
79.62
79.62
79.60
79.56
79.48
79.44
79.38
79.34
79.30
79.25
79.17
79.06
78.98
78.93
78.89
78.84
78.78
78.74
78.63
78.55
78.51
78.41
78.37
78.29
78.25
78.17
78.12
78.08
78.01
77.97
77.86
77.81
77.71
77.66
77.60
77.56
77.45
77.39
77.28
77.23
77.13
77.09
77.04
76.98
76.89
76.84
76.79
76.62
76.58
76.55
76.46
76.37
76.35
76.30
76.21
76.17
76.12
76.07
76.02
75.93
75.89
75.83
75.78
75.61
75.57
75.53
75.49
75.45
75.40
75.36
75.31
75.20
75.11
75.03
74.98
74.89
74.82
74.75
74.67
74.55
74.50
74.47
74.36
74.28
74.22
74.17
