86.52
86.37
86.23
86.09
85.94
85.80
85.67
85.53
85.35
85.21
85.07
84.87
84.87
84.82
84.72
84.68
84.64
84.59
84.50
84.40
84.32
84.24
84.20
84.14
84.05
83.93
83.89
83.85
83.82
83.75
83.64
83.55
83.50
83.43
83.37
83.26
83.21
83.15
83.10
83.04
82.95
82.89
82.85
82.76
82.72
82.68
82.63
82.58
82.51
82.45
82.38
82.31
82.24
82.18
82.07
82.01
81.96
81.90
81.79
81.69
81.63
81.59
81.52
81.45
81.40
81.36
81.26
81.21
81.14
81.08
81.05
80.97
80.92
80.88
80.78
80.71
80.65
80.52
80.42
80.37
80.27
80.19
80.17
80.09
80.01
79.96
79.86
79.82
79.74
79.70
79.59
79.55
79.49
79.39
79.34
79.20
79.15
79.11
79.04
78.94
78.91
78.87
78.72
78.69
78.65
78.63
78.51
78.41
78.37
78.31
78.25
78.20
78.16
78.12
78.02
77.98
77.88
77.85
77.81
77.72
77.67
77.62
77.51
77.48
77.41
77.37
77.31
77.22
77.13
77.04
76.95
76.89
76.80
76.75
76.70
76.65
76.61
76.53
76.49
76.42
76.35
76.31
