87.95
87.81
87.65
87.49
87.36
87.22
87.07
86.91
86.77
86.62
86.47
86.33
86.08
85.88
85.74
85.60
85.41
85.23
85.08
84.94
84.74
84.58
84.42
84.24
84.03
83.87
83.74
83.59
83.47
83.33
83.18
83.02
82.86
82.67
82.52
82.38
82.18
82.03
81.89
81.70
81.52
81.39
81.14
81.00
80.87
80.72
80.59
80.38
80.22
80.05
79.87
79.67
79.51
79.31
79.15
78.99
78.84
78.63
78.43
78.26
78.11
77.95
77.80
77.66
77.51
77.34
77.16
76.95
76.80
76.66
76.51
76.36
76.22
76.02
75.86
75.70
75.51
75.37
75.20
75.00
74.87
74.73
74.58
74.38
74.24
74.10
73.90
73.76
73.62
73.46
73.32
73.09
72.93
72.80
72.64
72.49
72.26
72.12
71.87
71.72
71.58
71.37
71.23
71.06
70.92
70.77
70.58
70.39
70.24
70.11
69.92
69.74
69.59
69.44
69.24
69.09
68.93
68.78
68.63
68.44
68.29
68.15
68.15
68.09
68.03
67.98
67.93
67.81
67.77
67.67
67.59
67.50
67.47
67.44
67.37
67.32
67.22
67.17
67.12
67.07
67.03
66.98
66.92
66.88
