87.74
87.61
87.46
87.33
87.19
87.06
86.91
86.77
86.63
86.48
86.32
86.18
85.92
85.70
85.55
85.41
85.26
85.11
84.97
84.83
84.65
84.48
84.32
84.16
83.97
83.75
83.58
83.41
83.27
83.07
82.87
82.74
82.49
82.35
82.20
82.07
81.91
81.76
81.57
81.41
81.22
81.07
80.86
80.73
80.59
80.41
80.26
80.11
79.94
79.78
79.61
79.46
79.30
79.16
79.02
78.87
78.74
78.56
78.41
78.27
78.13
77.95
77.74
77.60
77.43
77.27
77.12
76.93
76.77
76.61
76.48
76.28
76.14
76.01
75.81
75.65
75.50
75.27
75.13
74.99
74.80
74.66
74.53
74.35
74.13
73.99
73.85
73.67
73.52
73.39
73.24
73.04
72.89
72.72
72.53
72.37
72.23
72.09
71.94
71.71
71.57
71.42
71.27
71.13
70.91
70.74
70.59
70.39
70.20
70.06
69.86
69.69
69.54
69.39
69.24
69.05
68.90
68.74
68.60
68.48
68.48
68.44
68.40
68.36
68.32
68.27
68.21
68.16
68.09
68.04
68.00
67.95
67.89
67.81
67.79
67.74
67.69
67.60
67.51
67.47
67.42
67.39
67.33
67.29
67.22
67.20
67.16
67.11
