88.36
88.22
88.07
87.91
87.75
87.62
87.48
87.32
87.18
87.02
86.86
86.70
86.46
86.26
86.11
85.97
85.77
85.57
85.42
85.21
85.04
84.90
84.74
84.59
84.42
84.29
84.14
84.01
83.87
83.72
83.54
83.33
83.17
82.99
82.85
82.69
82.51
82.36
82.22
82.10
81.96
81.78
81.63
81.44
81.29
81.16
81.02
80.84
80.69
80.53
80.36
80.19
80.01
79.82
79.60
79.45
79.32
79.15
79.02
78.86
78.72
78.56
78.42
78.28
78.13
77.96
77.81
77.66
77.48
77.33
77.16
77.01
76.86
76.66
76.50
76.30
76.16
76.03
75.82
75.68
75.49
75.34
75.19
75.03
74.90
74.73
74.58
74.44
74.24
74.09
73.94
73.80
73.66
73.47
73.34
73.18
73.18
73.13
73.07
72.95
72.88
72.75
72.71
72.68
72.60
72.54
72.47
72.42
72.31
72.24
72.18
72.09
72.03
71.93
71.89
71.83
71.79
71.69
71.62
71.56
71.52
71.46
71.37
71.30
71.26
71.15
71.11
71.07
71.04
71.00
70.95
70.88
70.83
70.78
70.74
70.68
70.50
70.45
70.42
70.33
70.24
70.18
70.13
70.02
69.97
69.93
