87.46
87.32
87.17
87.02
86.86
86.73
86.59
86.42
86.28
86.12
85.96
85.74
85.56
85.43
85.31
85.17
84.96
84.81
84.67
84.49
84.27
84.13
83.98
83.83
83.62
83.40
83.24
83.10
82.94
82.82
82.62
82.46
82.32
82.05
81.92
81.79
81.64
81.49
81.33
81.13
80.96
80.79
80.64
80.43
80.25
80.10
79.96
79.82
79.63
79.46
79.28
79.11
78.95
78.77
78.57
78.42
78.28
78.12
77.90
77.71
77.51
77.37
77.22
77.06
76.90
76.75
76.55
76.40
76.25
76.06
75.92
75.76
75.61
75.46
75.26
75.10
74.95
74.73
74.58
74.42
74.26
74.12
73.96
73.77
73.56
73.41
73.27
73.11
72.97
72.76
72.61
72.45
72.26
72.11
71.90
71.75
71.61
71.46
71.30
71.30
71.27
71.25
71.17
71.07
71.03
70.99
70.94
70.89
70.80
70.71
70.66
70.63
70.54
70.48
70.43
70.39
70.31
70.25
70.19
70.14
70.12
70.03
70.00
69.97
69.92
69.88
69.82
69.77
69.72
69.63
69.59
69.55
69.51
69.47
69.37
69.35
69.25
69.19
69.11
69.07
69.02
68.97
68.92
68.83
68.76
68.72
