87.56
87.41
87.25
87.10
86.94
86.81
86.66
86.49
86.32
86.16
86.02
85.81
85.61
85.40
85.25
85.12
84.93
84.77
84.62
84.47
84.31
84.16
84.01
83.88
83.72
83.52
83.34
83.19
83.04
82.90
82.73
82.60
82.38
82.23
82.03
81.85
81.69
81.50
81.34
81.19
81.00
80.80
80.64
80.45
80.31
80.17
80.04
79.87
79.72
79.57
79.41
79.25
79.06
78.89
78.66
78.51
78.38
78.21
78.06
77.89
77.74
77.59
77.44
77.29
77.15
77.01
76.88
76.70
76.52
76.37
76.19
76.04
75.89
75.76
75.58
75.39
75.25
75.12
74.89
74.67
74.52
74.38
74.23
74.09
73.95
73.78
73.63
73.48
73.34
73.18
73.03
72.87
72.73
72.52
72.37
72.21
72.00
71.86
71.62
71.47
71.32
71.16
70.98
70.83
70.68
70.53
70.37
70.22
70.08
69.88
69.69
69.51
69.34
69.17
69.03
68.89
68.73
68.73
68.60
68.58
68.46
68.44
68.37
68.30
68.26
68.14
68.10
68.04
68.00
67.97
67.90
67.85
67.81
67.76
67.72
67.67
67.62
67.53
67.43
67.32
67.27
67.22
67.19
67.08
67.06
67.01
66.97
