88.45
88.31
88.17
88.02
87.85
87.71
87.58
87.40
87.25
87.09
86.94
86.74
86.53
86.36
86.18
85.95
85.80
85.61
85.47
85.28
85.15
85.01
84.86
84.65
84.43
84.27
84.14
84.00
83.87
83.73
83.58
83.38
83.11
82.96
82.82
82.69
82.53
82.37
82.21
82.06
81.88
81.73
81.58
81.38
81.24
81.09
80.96
80.81
80.66
80.49
80.33
80.16
79.98
79.83
79.69
79.51
79.37
79.22
79.07
78.86
78.68
78.53
78.36
78.22
78.06
77.90
77.76
77.60
77.45
77.25
77.10
76.96
76.79
76.58
76.43
76.22
76.08
75.95
75.73
75.58
75.39
75.18
75.03
74.84
74.63
74.47
74.33
74.17
74.03
73.88
73.75
73.54
73.41
73.25
73.03
72.88
72.75
72.60
72.46
72.25
72.12
71.97
71.82
71.68
71.68
71.63
71.58
71.53
71.44
71.36
71.29
71.22
71.16
71.11
71.06
71.03
70.94
70.88
70.82
70.74
70.57
70.54
70.47
70.36
70.34
70.29
70.27
70.20
70.15
70.11
70.05
70.00
69.90
69.87
69.81
69.75
69.67
69.62
69.54
69.49
69.42
69.38
69.31
69.28
