88.22
88.08
87.93
87.79
87.63
87.49
87.34
87.22
87.02
86.86
86.71
86.57
86.41
86.25
86.05
85.91
85.69
85.55
85.34
85.19
85.04
84.84
84.70
84.55
84.36
84.15
84.00
83.87
83.73
83.59
83.44
83.30
83.12
82.85
82.70
82.56
82.43
82.28
82.13
81.99
81.81
81.65
81.48
81.29
81.16
81.02
80.87
80.72
80.60
80.42
80.25
80.08
79.91
79.72
79.56
79.44
79.26
79.10
78.95
78.76
78.58
78.44
78.29
78.14
77.99
77.86
77.71
77.53
77.33
77.17
77.02
76.87
76.73
76.54
76.40
76.20
76.03
75.90
75.70
75.55
75.38
75.22
75.07
74.92
74.80
74.60
74.46
74.26
74.11
73.92
73.73
73.58
73.30
73.13
72.97
72.84
72.68
72.47
72.32
72.17
72.01
71.83
71.64
71.43
71.27
71.12
70.97
70.79
70.59
70.41
70.19
69.97
69.80
69.67
69.67
69.65
69.58
69.52
69.45
69.31
69.24
69.20
69.09
69.04
68.99
68.96
68.92
68.83
68.73
68.62
68.56
68.51
68.46
68.37
68.33
68.28
68.23
68.19
68.11
68.07
68.00
67.98
67.93
67.90
