97.28
97.06
96.78
96.59
96.40
96.20
96.02
95.82
95.58
95.33
95.08
94.83
94.63
94.36
94.16
93.96
93.75
93.54
93.35
93.14
92.94
92.73
92.52
92.29
92.09
91.90
91.68
91.49
91.27
91.08
90.87
90.68
90.47
90.27
90.02
89.78
89.58
89.31
89.12
88.91
88.67
88.45
88.14
87.95
87.74
87.54
87.34
87.13
86.95
86.71
86.48
86.26
86.06
85.85
85.63
85.44
85.23
85.01
84.81
84.58
84.37
84.18
83.98
83.80
83.56
83.36
83.15
82.94
82.70
82.45
82.24
82.02
81.78
81.59
81.37
81.18
80.99
80.77
80.57
80.35
80.14
79.91
79.70
79.46
79.27
79.07
78.84
78.59
78.39
78.18
77.97
77.76
77.56
77.36
77.15
76.94
76.71
76.52
76.32
76.10
75.79
75.56
75.32
75.07
74.68
74.29
73.89
73.50
73.31
73.11
72.87
72.67
72.47
72.28
72.10
71.89
71.68
71.46
71.24
71.03
70.82
70.62
70.41
70.19
69.86
69.67
69.47
69.27
69.05
68.81
68.62
68.41
68.41
68.30
68.16
68.04
67.95
67.85
67.63
67.52
67.39
67.28
67.17
67.03
66.93
66.77
66.65
66.54
66.44
