98.33
98.11
97.91
97.67
97.46
97.27
97.05
96.83
96.62
96.34
96.16
95.91
95.70
95.45
95.20
95.01
94.83
94.62
94.43
94.21
94.00
93.77
93.53
93.33
93.13
92.94
92.73
92.52
92.31
92.07
91.87
91.67
91.46
91.26
91.02
90.80
90.58
90.38
90.13
89.91
89.67
89.48
89.27
88.96
88.76
88.56
88.35
88.16
87.95
87.70
87.49
87.27
87.06
86.85
86.63
86.42
86.23
86.02
85.79
85.58
85.39
85.18
84.97
84.78
84.54
84.34
84.15
83.92
83.66
83.43
83.22
82.98
82.78
82.58
82.35
82.13
81.94
81.73
81.52
81.32
81.10
80.88
80.68
80.48
80.27
80.04
79.80
79.61
79.38
79.17
78.95
78.74
78.54
78.36
78.13
77.92
77.66
77.46
77.23
77.03
76.76
76.55
76.31
76.01
75.80
75.46
75.10
74.73
74.40
74.19
73.97
73.78
73.56
73.34
73.15
72.96
72.74
72.52
72.30
72.08
71.87
71.67
71.45
71.24
70.94
70.72
70.51
70.29
70.10
69.87
69.67
69.45
69.17
68.94
68.73
68.52
68.32
68.32
68.20
68.10
67.97
67.86
67.76
67.65
67.53
67.42
67.31
67.19
67.08
