84.26
84.05
83.86
83.58
83.38
83.19
82.98
82.76
82.53
82.32
82.08
81.83
81.61
81.40
81.16
80.95
80.76
80.56
80.36
80.16
79.97
79.74
79.53
79.31
79.10
78.91
78.71
78.45
78.25
78.05
77.86
77.64
77.43
77.20
76.97
76.75
76.51
76.29
76.05
75.88
75.62
75.40
75.03
74.81
74.60
74.41
74.21
73.99
73.79
73.56
73.35
73.11
72.91
72.73
72.50
72.29
72.08
71.89
71.68
71.48
71.27
71.07
70.86
70.65
70.44
70.23
70.03
69.81
69.55
69.33
69.13
68.90
68.69
68.48
68.25
68.03
67.84
67.63
67.40
67.21
66.97
66.75
66.48
66.26
66.04
65.81
65.60
65.36
65.15
64.94
64.72
64.52
64.34
64.15
63.93
63.72
63.48
63.25
63.04
62.84
62.84
62.74
62.60
62.50
62.33
62.22
61.96
61.72
61.48
61.24
61.12
61.00
60.88
60.77
60.66
60.56
60.46
60.36
60.25
60.14
60.04
59.95
59.84
59.75
59.62
59.44
59.33
59.24
59.14
59.03
58.88
58.76
58.65
58.45
58.31
58.21
58.10
58.00
57.82
57.72
57.57
57.46
57.32
57.22
57.11
57.00
56.90
56.78
56.67
