50.67
50.49
50.25
50.05
49.82
49.52
49.21
48.92
48.64
48.30
47.96
47.62
47.36
47.01
46.65
46.35
46.02
45.74
45.40
45.01
44.63
44.29
43.94
43.65
43.34
42.99
42.68
42.31
41.99
41.69
41.43
41.09
40.69
40.38
40.07
39.78
39.47
39.16
38.86
38.52
38.14
37.85
37.50
37.17
36.85
36.53
36.17
35.96
35.72
35.50
35.30
35.10
34.89
34.68
34.45
34.21
34.00
33.78
33.59
33.40
33.20
32.99
32.76
32.53
32.33
32.12
31.89
31.65
31.32
31.06
30.77
30.57
30.31
30.06
29.85
29.63
29.42
29.22
28.99
28.73
28.49
28.28
28.07
27.79
27.55
27.31
27.10
26.88
26.58
26.37
26.18
25.84
25.61
25.41
25.12
24.84
24.63
24.34
24.09
24.09
23.92
23.71
23.46
23.27
23.16
22.92
22.73
22.63
22.40
22.14
21.93
21.71
21.50
21.25
21.07
20.92
20.67
20.56
20.33
20.20
20.01
19.84
19.72
19.56
19.35
19.23
19.03
18.82
18.67
18.47
18.35
18.14
17.95
17.77
17.60
17.47
17.36
17.11
16.88
16.76
16.56
16.34
16.16
16.03
15.90
15.80
15.63
15.53
15.44
15.33
15.22
15.13
14.98
14.86
14.76
14.56
14.43
14.31
14.19
14.05
13.90
13.78
13.63
13.50
13.37
13.27
13.16
12.98
12.84
12.72
12.60
12.52
12.38
12.21
12.08
11.96
11.85
11.67
11.55
11.44
11.33
11.18
11.09
10.96
10.81
10.72
10.62
10.49
10.40
10.28
10.11
10.01
9.89
9.77
9.67
9.52
9.40
9.29
9.20
9.04
8.94
8.79
8.66
8.52
8.41
8.30
8.20
8.10
8.01
7.88
7.71
7.58
7.47
7.32
7.20
7.11
6.94
6.81
6.69
6.61
6.50
6.41
6.28
6.16
5.99
5.86
5.73
5.60
5.47
5.37
5.26
5.14
5.04
4.93
4.84
4.75
4.63
4.53
4.43
4.32
4.18
4.03
3.91
3.77
3.64
3.53
3.43
3.24
3.10
2.94
2.78
2.70
2.59
2.42
2.27
2.13
2.02
1.91
1.80
1.69
