50.63
50.43
50.19
49.99
49.67
49.31
49.00
48.80
48.51
48.18
47.84
47.52
47.20
46.85
46.47
46.19
45.88
45.56
45.20
44.86
44.49
44.17
43.87
43.58
43.29
42.97
42.69
42.36
42.07
41.77
41.47
41.12
40.79
40.51
40.23
39.98
39.66
39.41
39.10
38.80
38.43
38.07
37.77
37.44
37.12
36.86
36.56
36.36
36.11
35.88
35.63
35.43
35.21
35.01
34.79
34.55
34.32
34.08
33.85
33.63
33.38
33.19
32.95
32.74
32.51
32.30
32.00
31.69
31.37
31.06
30.80
30.60
30.37
30.11
29.90
29.70
29.50
29.32
29.09
28.87
28.68
28.47
28.23
27.98
27.75
27.51
27.28
27.08
26.83
26.63
26.43
26.15
26.15
26.05
25.94
25.80
25.66
25.58
25.37
25.00
24.68
24.36
24.03
23.92
23.62
23.25
23.13
23.03
22.65
22.31
21.97
21.70
21.59
21.39
21.19
20.98
20.77
20.68
20.43
20.27
20.05
19.90
19.77
19.57
19.35
19.25
19.03
18.79
18.68
18.50
18.37
18.19
18.02
17.82
17.59
17.49
17.38
17.21
16.96
16.82
16.60
16.38
16.22
16.12
16.01
15.89
15.76
15.64
15.56
15.45
15.34
15.19
15.03
14.91
14.83
14.69
14.55
14.38
14.27
14.08
13.96
13.82
13.71
13.58
13.44
13.35
13.24
13.08
12.96
12.82
12.71
12.60
12.44
12.30
12.16
12.05
11.96
11.84
11.75
11.62
11.49
11.37
11.29
11.20
11.09
10.97
10.88
10.77
10.67
10.56
10.47
10.36
10.23
10.04
9.89
9.76
9.65
9.55
9.39
9.25
9.14
8.96
8.85
8.69
8.61
8.50
8.34
8.18
8.06
7.93
7.79
7.66
7.54
7.43
7.31
7.21
7.11
6.97
6.81
6.72
6.60
6.49
6.41
6.28
6.14
6.01
5.88
5.76
5.64
5.48
5.34
5.23
5.10
4.98
4.87
4.78
4.65
4.51
4.41
4.30
4.17
4.01
3.83
3.70
3.59
3.47
3.33
3.14
3.02
2.92
2.78
2.66
2.53
2.39
2.27
2.11
2.00
1.83
1.71
1.61
