51.05
50.84
50.56
50.35
50.14
49.67
49.37
49.02
48.72
48.44
48.15
47.85
47.52
47.20
46.86
46.56
46.19
45.83
45.56
45.13
44.78
44.46
44.16
43.85
43.50
43.18
42.91
42.55
42.19
41.89
41.61
41.23
40.90
40.60
40.24
39.95
39.65
39.44
39.16
38.83
38.44
38.02
37.72
37.44
37.15
36.88
36.58
36.38
36.15
35.90
35.72
35.53
35.34
35.10
34.83
34.58
34.29
34.07
33.80
33.57
33.37
33.18
32.98
32.80
32.53
32.33
32.07
31.83
31.48
31.18
30.91
30.68
30.47
30.20
29.99
29.79
29.56
29.36
29.17
28.93
28.73
28.53
28.34
28.10
27.86
27.64
27.45
27.22
27.00
26.80
26.56
26.19
25.91
25.69
25.28
25.08
24.84
24.52
24.09
23.72
23.38
22.98
22.71
22.25
21.83
21.56
21.38
20.90
20.49
20.12
19.75
19.52
19.16
18.83
18.51
18.18
17.96
17.57
17.57
17.41
17.21
17.02
16.91
16.70
16.44
16.33
16.15
15.87
15.72
15.49
15.35
15.18
15.01
14.77
14.57
14.45
14.34
14.17
13.87
13.77
13.53
13.30
13.11
13.01
12.87
12.76
12.64
12.54
12.41
12.26
12.16
12.00
11.79
11.67
11.52
11.36
11.23
11.12
10.99
10.83
10.74
10.60
10.49
10.37
10.24
10.13
10.00
9.87
9.71
9.60
9.45
9.26
9.13
9.02
8.89
8.77
8.66
8.53
8.39
8.28
8.18
8.08
7.95
7.84
7.72
7.61
7.51
7.36
7.26
7.14
7.00
6.89
6.76
6.64
6.50
6.36
6.25
6.12
6.01
5.85
5.72
5.64
5.50
5.39
5.28
5.09
4.97
4.80
4.69
4.57
4.43
4.30
4.18
4.08
3.93
3.82
3.68
3.58
3.46
3.34
3.21
3.12
2.96
2.84
2.61
2.50
2.36
2.21
2.07
1.98
1.85
1.74
1.61
1.52
1.42
1.32
1.20
1.10
0.99
0.84
0.72
0.52
0.35
0.19
0.10
-0.01
-0.13
-0.29
-0.39
-0.51
-0.64
-0.74
-0.86
-1.02
-1.13
-1.29
-1.39
-1.51
-1.66
-1.79
