50.31
50.11
49.87
49.63
49.39
49.06
48.75
48.45
48.13
47.83
47.52
47.15
46.86
46.50
46.18
45.89
45.55
45.24
44.87
44.57
44.20
43.87
43.53
43.22
42.89
42.54
42.23
41.86
41.59
41.27
40.98
40.62
40.26
39.96
39.63
39.33
39.01
38.77
38.45
38.15
37.87
37.56
37.24
36.91
36.64
36.33
35.98
35.76
35.56
35.34
35.16
34.95
34.73
34.53
34.28
34.02
33.79
33.56
33.33
33.06
32.87
32.68
32.47
32.26
32.04
31.81
31.57
31.32
30.96
30.69
30.37
30.16
29.93
29.68
29.47
29.26
29.04
28.85
28.61
28.40
28.15
27.88
27.69
27.44
27.22
27.02
26.77
26.55
26.33
26.13
25.81
25.56
25.30
24.98
24.78
24.54
24.21
24.02
23.68
23.32
23.01
22.66
22.44
22.23
21.88
21.54
21.34
21.03
20.70
20.45
20.12
19.80
19.46
19.17
18.84
18.54
18.35
18.04
17.78
17.44
17.20
17.00
16.72
16.43
16.22
15.89
15.51
15.29
15.00
14.78
14.42
14.15
14.15
14.00
13.84
13.73
13.62
13.44
13.23
13.10
12.85
12.67
12.52
12.45
12.30
12.20
12.04
11.92
11.83
11.71
11.63
11.44
11.26
11.13
11.05
10.85
10.75
10.56
10.44
10.31
10.19
10.07
9.98
9.86
9.75
9.65
9.50
9.34
9.16
9.05
8.95
8.81
8.67
8.57
8.38
8.28
8.17
7.98
7.88
7.75
7.66
7.53
7.43
7.31
7.18
7.07
6.97
6.84
6.65
6.52
6.36
6.23
6.09
5.95
5.81
5.68
5.54
5.44
5.30
5.19
5.09
4.98
4.86
4.73
4.65
4.52
4.33
4.20
4.03
3.91
3.76
3.67
3.54
3.42
3.31
3.20
3.03
2.91
2.81
2.71
2.59
2.52
2.42
2.31
2.17
1.97
1.79
1.69
1.50
1.42
1.32
1.20
1.08
0.95
0.84
0.73
0.57
0.49
0.41
0.28
0.12
-0.03
-0.24
-0.33
-0.46
-0.58
-0.72
-0.81
-0.92
-1.04
-1.15
-1.25
-1.37
-1.49
-1.64
-1.77
-1.89
-2.01
-2.20
-2.33
