48.74
48.51
48.23
47.99
47.79
47.32
47.09
46.58
46.19
45.98
45.51
45.12
44.89
44.39
44.06
43.70
43.28
43.07
42.60
42.22
41.82
41.42
40.97
40.61
40.33
39.83
39.40
38.97
38.60
38.24
38.01
37.65
37.35
37.05
36.69
36.45
36.15
35.94
35.57
35.57
35.43
35.18
34.90
34.68
34.45
34.27
34.07
33.79
33.71
33.59
33.43
33.34
33.25
33.09
32.99
32.85
32.70
32.57
32.46
32.34
32.23
32.11
31.99
31.81
31.72
31.62
31.51
31.35
31.19
30.96
30.78
30.63
30.52
30.42
30.26
30.15
30.02
29.92
29.82
29.72
29.54
29.42
29.30
29.20
29.02
28.88
28.77
28.67
28.51
28.32
28.23
28.13
27.85
27.66
27.54
27.38
27.20
27.08
26.86
26.67
26.50
26.29
26.09
25.91
25.78
25.54
25.33
25.21
24.99
24.79
24.60
24.40
24.19
23.94
23.72
23.58
23.37
23.29
23.03
22.83
22.64
22.46
22.34
22.16
21.95
21.84
21.66
21.48
21.35
21.17
21.06
20.87
20.67
20.45
20.23
20.11
20.00
19.86
19.63
19.55
19.33
19.11
18.94
18.82
18.67
18.55
18.38
18.28
18.17
18.05
17.96
17.80
17.58
17.44
17.27
17.09
16.98
16.82
16.73
16.59
16.48
16.39
16.26
16.16
15.91
15.73
15.62
15.49
15.32
15.18
15.06
14.97
14.85
14.71
14.53
14.42
14.32
14.13
14.03
13.89
13.77
13.66
13.53
13.39
13.29
13.20
13.08
12.97
12.86
12.76
12.59
12.43
12.31
12.15
12.01
11.84
11.74
11.63
11.54
11.44
11.33
11.14
11.03
10.91
10.79
10.58
10.44
10.25
10.16
10.03
9.92
9.81
9.72
9.61
9.48
9.36
9.26
9.09
8.96
8.86
8.75
8.64
8.51
8.39
8.25
8.17
8.07
7.90
7.78
7.67
7.46
7.31
7.20
6.98
6.89
6.79
6.70
6.61
6.52
6.40
6.31
6.14
6.01
5.89
5.73
5.61
5.48
5.35
5.24
5.13
4.97
4.86
4.73
4.56
4.45
4.31
4.19
4.07
3.93
3.78
