49.87
49.65
49.39
49.18
48.95
48.47
48.19
47.89
47.55
47.27
46.91
46.60
46.30
45.94
45.50
45.06
44.87
44.57
44.25
43.92
43.58
43.24
42.90
42.58
42.29
42.01
41.69
41.33
41.00
40.67
40.39
40.06
39.70
39.37
39.05
38.80
38.47
38.20
37.88
37.59
37.08
36.69
36.35
35.97
35.65
35.44
35.10
34.88
34.67
34.45
34.24
34.04
33.80
33.54
33.30
33.07
32.84
32.63
32.40
32.19
31.98
31.73
31.43
31.22
31.00
30.81
30.52
30.24
29.88
29.59
29.27
29.04
28.83
28.57
28.37
28.16
27.96
27.77
27.57
27.31
27.08
26.86
26.64
26.37
26.18
25.93
25.74
25.52
25.28
25.07
24.70
24.44
24.19
23.76
23.54
23.29
22.96
22.75
22.33
21.97
21.63
21.25
21.01
20.78
20.41
20.10
19.90
19.56
19.25
18.93
18.60
18.27
17.96
17.64
17.64
17.51
17.30
17.22
17.03
16.89
16.71
16.55
16.42
16.21
15.98
15.87
15.63
15.41
15.26
15.09
15.00
14.75
14.56
14.36
14.19
14.09
13.94
13.44
13.34
12.99
12.64
12.54
12.38
12.29
12.18
12.07
11.92
11.82
11.73
11.60
11.48
11.33
11.16
11.01
10.90
10.75
10.62
10.48
10.34
10.21
10.10
9.99
9.87
9.79
9.64
9.55
9.41
9.26
9.05
8.95
8.81
8.65
8.52
8.41
8.29
8.19
8.07
7.89
7.76
7.67
7.57
7.41
7.31
7.18
7.07
6.97
6.84
6.71
6.60
6.50
6.30
6.16
6.05
5.93
5.78
5.68
5.60
5.51
5.42
5.31
5.21
5.02
4.93
4.79
4.71
4.58
4.47
4.31
4.23
4.12
3.93
3.79
3.70
3.58
3.45
3.35
3.19
3.06
2.95
2.86
2.75
2.65
2.49
2.37
2.26
2.18
2.00
1.80
1.66
1.56
1.44
1.33
1.24
1.10
1.00
0.89
0.78
0.67
0.58
0.47
0.34
0.20
0.04
-0.11
-0.20
-0.34
-0.47
-0.59
-0.69
-0.80
-0.96
-1.09
-1.22
-1.35
-1.46
-1.58
-1.69
-1.80
-1.91
-2.01
