50.99
50.79
50.52
50.29
50.09
49.72
49.43
49.12
48.79
48.47
48.15
47.80
47.51
47.20
46.77
46.49
46.27
45.98
45.65
45.31
45.00
44.70
44.40
44.04
43.65
43.33
42.99
42.67
42.38
42.07
41.72
41.39
41.03
40.71
40.40
40.10
39.81
39.60
39.31
38.98
38.70
38.38
38.05
37.74
37.44
37.13
36.79
36.58
36.35
36.11
35.90
35.68
35.45
35.23
34.98
34.73
34.48
34.28
34.05
33.82
33.60
33.39
33.15
32.94
32.71
32.52
32.29
32.00
31.69
31.44
31.18
30.97
30.73
30.45
30.23
30.02
29.84
29.64
29.41
29.15
28.95
28.71
28.52
28.30
28.08
27.82
27.61
27.39
27.14
26.94
26.72
26.43
26.17
25.91
25.63
25.36
25.11
24.77
24.49
24.17
23.82
23.51
23.23
23.03
22.74
22.50
22.13
21.91
21.50
21.28
20.74
20.54
20.20
19.86
19.56
19.19
19.00
19.00
18.84
18.67
18.46
18.29
17.94
17.64
17.50
17.18
16.87
16.76
16.43
16.29
16.00
15.66
15.35
15.02
14.88
14.79
14.69
14.47
14.28
14.18
13.97
13.77
13.61
13.51
13.37
13.26
13.11
13.01
12.90
12.76
12.66
12.52
12.34
12.24
12.15
11.98
11.88
11.75
11.61
11.44
11.34
11.21
11.06
10.95
10.84
10.75
10.63
10.48
10.31
10.21
10.08
9.97
9.81
9.68
9.57
9.46
9.34
9.20
9.08
8.97
8.86
8.71
8.60
8.45
8.34
8.25
8.15
8.04
7.90
7.80
7.67
7.53
7.39
7.28
7.13
6.98
6.87
6.77
6.67
6.52
6.41
6.26
6.16
6.06
5.96
5.83
5.70
5.58
5.43
5.31
5.18
5.07
4.98
4.84
4.73
4.64
4.51
4.41
4.28
4.13
3.99
3.86
3.70
3.58
3.50
3.36
3.25
3.09
2.91
2.81
2.71
2.56
2.46
2.32
2.21
2.10
1.98
1.91
1.81
1.72
1.61
1.45
1.29
1.14
1.04
0.90
0.82
0.66
0.54
0.44
0.34
0.23
0.06
-0.15
-0.28
-0.37
-0.45
-0.59
-0.74
-0.87
