49.68
49.49
49.21
49.00
48.77
48.42
48.11
47.78
47.45
47.03
46.80
46.31
45.92
45.70
45.37
45.08
44.74
44.42
44.05
43.76
43.42
43.14
42.85
42.51
42.07
41.84
41.55
41.22
40.96
40.67
40.35
39.99
39.64
39.39
39.06
38.80
38.49
38.20
37.93
37.58
37.30
37.01
36.66
36.37
36.09
35.78
35.53
35.32
35.09
34.86
34.66
34.45
34.22
34.01
33.79
33.53
33.31
33.12
32.90
32.70
32.49
32.31
32.12
31.93
31.71
31.52
31.21
30.96
30.68
30.40
30.14
29.92
29.72
29.46
29.22
28.96
28.71
28.49
28.29
28.03
27.79
27.57
27.38
27.13
26.90
26.66
26.40
26.17
25.88
25.69
25.44
25.06
24.80
24.56
24.26
23.99
23.78
23.46
23.46
23.34
23.12
22.87
22.67
22.48
22.33
22.11
21.90
21.79
21.59
21.40
21.20
20.96
20.75
20.51
20.32
20.18
19.92
19.83
19.57
19.39
19.18
19.02
18.89
18.70
18.47
18.35
18.18
18.01
17.86
17.60
17.45
17.27
17.07
16.86
16.61
16.51
16.41
16.25
15.96
15.84
15.56
15.30
15.12
14.97
14.83
14.73
14.57
14.48
14.40
14.25
14.14
13.97
13.77
13.62
13.52
13.35
13.27
13.16
13.04
12.85
12.74
12.63
12.51
12.39
12.27
12.16
12.03
11.89
11.72
11.60
11.49
11.40
11.25
11.15
11.02
10.88
10.75
10.56
10.42
10.32
10.21
10.07
9.95
9.83
9.73
9.64
9.53
9.42
9.28
9.17
9.07
8.93
8.79
8.68
8.54
8.41
8.33
8.20
8.09
7.95
7.84
7.68
7.58
7.47
7.39
7.28
7.18
7.06
6.98
6.85
6.70
6.59
6.49
6.36
6.22
6.11
5.97
5.85
5.75
5.65
5.52
5.33
5.10
4.98
4.83
4.69
4.56
4.41
4.21
4.11
4.01
3.87
3.78
3.68
3.57
3.47
3.35
3.24
3.12
3.03
2.93
2.76
2.65
2.51
2.38
2.27
2.14
2.00
1.82
1.69
1.57
1.46
1.33
1.21
1.08
0.91
0.76
0.62
0.50
0.39
