49.98
49.77
49.52
49.26
49.04
48.62
48.39
48.01
47.71
47.38
47.11
46.78
46.40
46.03
45.72
45.37
45.05
44.69
44.32
43.92
43.60
43.24
42.91
42.57
42.17
41.81
41.49
41.07
40.80
40.49
40.10
39.87
39.57
39.26
38.92
38.63
38.31
38.07
37.66
37.37
37.03
36.65
36.38
36.10
35.77
35.47
35.23
35.02
34.81
34.57
34.32
34.12
33.85
33.65
33.39
33.09
32.86
32.65
32.44
32.22
31.99
31.80
31.60
31.38
31.17
30.94
30.70
30.43
30.10
29.82
29.52
29.31
29.10
28.87
28.64
28.45
28.22
28.00
27.80
27.57
27.34
27.10
26.89
26.65
26.43
26.20
25.97
25.78
25.55
25.33
25.05
24.68
24.40
24.15
23.86
23.62
23.41
23.11
22.87
22.54
22.19
21.87
21.56
21.33
21.00
20.72
20.52
20.24
19.95
19.67
19.36
19.05
18.69
18.40
18.11
17.77
17.56
17.21
16.92
16.63
16.37
16.15
15.86
15.56
15.35
15.00
14.64
14.40
14.03
13.83
13.57
13.22
12.93
12.60
12.38
12.17
11.88
11.57
11.34
11.02
10.75
10.75
10.61
10.49
10.36
10.27
10.15
10.06
9.95
9.81
9.68
9.45
9.31
9.18
9.10
8.91
8.79
8.68
8.54
8.38
8.27
8.14
8.05
7.91
7.75
7.67
7.53
7.36
7.19
7.07
6.97
6.88
6.73
6.61
6.50
6.39
6.29
6.18
6.07
5.95
5.85
5.73
5.64
5.49
5.34
5.25
5.08
4.98
4.87
4.75
4.64
4.55
4.41
4.33
4.20
4.09
3.97
3.85
3.69
3.58
3.47
3.30
3.17
3.01
2.91
2.75
2.65
2.53
2.43
2.32
2.19
2.08
1.96
1.83
1.72
1.63
1.47
1.35
1.25
1.15
1.04
0.95
0.83
0.72
0.60
0.48
0.33
0.20
0.07
-0.08
-0.27
-0.49
-0.61
-0.72
-0.84
-0.97
-1.07
-1.18
-1.26
-1.35
-1.47
-1.64
-1.84
-1.98
-2.06
-2.19
-2.31
-2.42
-2.54
-2.65
-2.80
-2.92
-3.03
-3.16
-3.27
-3.40
-3.53
-3.68
-3.83
-3.94
