49.57
49.37
49.10
48.85
48.62
48.28
47.99
47.67
47.35
46.95
46.67
46.42
46.16
45.82
45.54
45.23
44.87
44.56
44.26
43.91
43.58
43.25
42.95
42.54
42.19
41.91
41.59
41.23
40.87
40.56
40.05
39.69
39.19
38.85
38.39
38.03
37.80
37.60
37.31
37.03
36.69
36.37
36.04
36.04
35.89
35.67
35.47
35.27
35.17
35.03
34.89
34.75
34.65
34.50
34.37
34.22
34.03
33.90
33.78
33.58
33.40
33.27
33.14
33.01
32.92
32.82
32.70
32.55
32.13
31.83
31.55
31.43
31.30
31.15
30.94
30.82
30.70
30.60
30.46
30.31
30.19
30.04
29.93
29.79
29.63
29.50
29.38
29.28
29.19
29.09
28.99
28.88
28.68
28.52
28.37
28.18
28.00
27.90
27.69
27.51
27.36
27.18
26.95
26.75
26.61
26.36
26.14
26.05
25.80
25.59
25.37
25.13
24.93
24.72
24.48
24.25
24.01
23.92
23.70
23.56
23.37
23.23
23.12
22.94
22.73
22.62
22.36
22.13
22.02
21.83
21.73
21.54
21.36
21.18
20.95
20.84
20.75
20.66
20.42
20.29
20.03
19.82
19.66
19.53
19.44
19.35
19.21
19.11
19.01
18.88
18.77
18.64
18.46
18.34
18.26
18.08
17.96
17.82
17.68
17.53
17.42
17.26
17.13
17.05
16.93
16.85
16.70
16.54
16.40
16.30
16.19
16.09
15.95
15.83
15.73
15.62
15.52
15.39
15.28
15.18
15.09
14.95
14.83
14.72
14.57
14.45
14.34
14.21
14.11
14.00
13.88
13.74
13.62
13.49
13.34
13.22
13.11
13.00
12.89
12.76
12.66
12.52
12.41
12.29
12.19
12.04
11.93
11.74
11.66
11.52
11.32
11.19
11.09
10.96
10.77
10.66
10.48
10.35
10.24
10.14
10.01
9.91
9.82
9.71
9.53
9.38
9.24
9.10
8.96
8.87
8.74
8.63
8.51
8.38
8.29
8.17
8.06
7.97
7.86
7.72
7.62
7.45
7.25
7.11
7.03
6.89
6.73
6.61
6.48
6.37
6.20
6.11
5.93
5.75
5.61
5.48
5.36
5.25
5.12
5.01
