50.10
49.91
49.60
49.37
49.17
48.81
48.48
48.17
47.85
47.53
47.31
46.89
46.59
46.34
45.95
45.67
45.31
44.98
44.76
44.27
43.94
43.65
43.36
43.02
42.66
42.41
41.93
41.63
41.27
40.98
40.73
40.47
40.06
39.73
39.42
39.19
38.91
38.70
38.31
37.94
37.63
37.33
37.09
36.76
36.49
36.25
35.92
35.71
35.47
35.20
34.99
34.78
34.51
34.30
34.07
33.81
33.58
33.36
33.14
32.90
32.67
32.47
32.18
31.93
31.71
31.49
31.24
30.82
30.45
30.10
29.83
29.60
29.41
29.18
28.96
28.76
28.55
28.32
28.10
27.89
27.70
27.49
27.25
27.02
26.78
26.54
26.31
26.09
25.86
25.66
25.42
25.07
24.77
24.57
24.29
24.02
23.78
23.49
23.23
22.89
22.60
22.28
21.99
21.79
21.45
21.13
20.92
20.58
20.26
19.97
19.65
19.37
19.00
18.70
18.39
18.07
17.84
17.49
17.26
16.95
16.69
16.46
16.14
15.84
15.62
15.29
14.99
14.77
14.45
14.23
13.92
13.63
13.39
13.09
12.87
12.66
12.17
11.93
11.56
11.14
10.93
10.68
10.43
10.24
10.04
9.76
9.54
9.30
9.05
8.86
8.60
8.60
8.42
8.30
8.16
8.00
7.89
7.78
7.67
7.54
7.42
7.28
7.09
6.98
6.83
6.72
6.60
6.46
6.31
6.15
6.03
5.92
5.81
5.72
5.60
5.49
5.39
5.23
5.10
5.00
4.90
4.78
4.67
4.58
4.42
4.33
4.23
4.10
3.99
3.89
3.74
3.64
3.54
3.44
3.31
3.18
3.09
2.98
2.84
2.76
2.66
2.51
2.38
2.22
2.11
2.00
1.83
1.65
1.54
1.44
1.32
1.22
1.10
0.99
0.86
0.74
0.61
0.51
0.40
0.28
0.16
0.05
-0.05
-0.14
-0.28
-0.38
-0.52
-0.79
-0.96
-1.07
-1.24
-1.36
-1.49
-1.59
-1.71
-1.81
-1.93
-2.04
-2.16
-2.29
-2.44
-2.59
-2.73
-2.85
-2.95
-3.04
-3.19
-3.34
-3.47
-3.59
-3.71
-3.81
-3.92
-4.03
-4.14
-4.33
-4.46
-4.58
-4.69
-4.83
