51.09
50.89
50.64
50.39
50.17
49.81
49.47
49.16
48.84
48.57
48.25
47.91
47.56
47.26
46.89
46.59
46.30
46.02
45.66
45.23
44.88
44.54
44.23
43.83
43.41
43.19
42.84
42.55
42.21
41.88
41.54
41.18
40.86
40.52
40.22
39.93
39.60
39.34
39.01
38.70
38.34
38.02
37.70
37.35
37.06
36.86
36.52
36.27
36.07
35.83
35.61
35.42
35.18
34.94
34.70
34.45
34.22
33.98
33.69
33.50
33.32
33.10
32.89
32.67
32.46
32.27
32.02
31.78
31.45
31.17
30.93
30.72
30.50
30.23
30.04
29.82
29.59
29.35
29.15
28.90
28.71
28.48
28.24
28.02
27.80
27.60
27.39
27.14
26.88
26.67
26.41
26.07
25.80
25.57
25.25
24.93
24.73
24.41
24.14
23.79
23.49
23.17
22.89
22.66
22.37
22.07
21.86
21.50
21.19
20.87
20.54
20.07
19.68
19.27
18.84
18.64
18.25
18.02
17.60
17.39
17.10
16.73
16.36
16.15
15.83
15.46
15.20
14.75
14.51
14.15
13.74
13.42
13.10
12.89
12.66
12.47
12.47
12.34
12.02
11.92
11.68
11.47
11.33
11.23
11.13
11.02
10.89
10.79
10.68
10.55
10.44
10.29
10.13
9.98
9.90
9.73
9.65
9.51
9.41
9.25
9.14
9.01
8.91
8.82
8.71
8.62
8.48
8.34
8.17
8.04
7.90
7.79
7.66
7.52
7.42
7.29
7.18
7.00
6.90
6.76
6.67
6.54
6.45
6.31
6.21
6.10
5.99
5.88
5.78
5.65
5.50
5.35
5.22
5.09
4.94
4.81
4.72
4.61
4.51
4.38
4.28
4.16
4.05
3.93
3.84
3.69
3.61
3.49
3.32
3.22
3.09
2.97
2.87
2.78
2.66
2.52
2.36
2.25
2.15
2.06
1.93
1.85
1.68
1.57
1.43
1.31
1.21
0.96
0.85
0.70
0.58
0.46
0.37
0.23
0.08
-0.07
-0.17
-0.24
-0.35
-0.51
-0.64
-0.79
-0.95
-1.05
-1.15
-1.30
-1.42
-1.55
-1.68
-1.80
-1.92
-2.01
-2.18
-2.31
-2.41
-2.57
-2.69
-2.81
-2.92
-3.05
