49.19
49.00
48.74
48.53
48.31
47.94
47.63
47.38
47.08
46.57
46.33
46.33
45.98
45.66
45.53
45.28
45.06
44.87
44.64
44.35
44.11
43.80
43.58
43.43
43.15
42.92
42.66
42.48
42.26
42.00
41.80
41.57
41.32
41.07
40.84
40.58
40.39
40.17
40.02
39.84
39.66
39.43
39.23
38.99
38.75
38.58
38.37
38.15
38.07
37.94
37.80
37.67
37.56
37.45
37.35
37.23
37.09
36.82
36.69
36.60
36.49
36.39
36.29
36.10
36.00
35.89
35.77
35.62
35.45
35.21
35.02
34.79
34.70
34.58
34.43
34.30
34.17
34.07
33.92
33.82
33.67
33.53
33.41
33.28
33.13
33.01
32.88
32.76
32.63
32.43
32.35
32.25
31.99
31.78
31.68
31.48
31.30
31.17
30.99
30.78
30.56
30.41
30.15
29.93
29.77
29.52
29.30
29.20
29.02
28.80
28.59
28.37
28.18
28.00
27.76
27.52
27.29
27.19
26.95
26.69
26.45
26.31
26.20
26.02
25.80
25.68
25.51
25.24
25.12
24.86
24.75
24.47
24.31
24.06
23.83
23.72
23.62
23.43
23.20
23.10
22.90
22.67
22.48
22.35
22.24
22.13
21.99
21.88
21.74
21.63
21.52
21.36
21.15
20.99
20.89
20.67
20.56
20.42
20.29
20.13
20.04
19.90
19.81
19.68
19.52
19.35
19.23
19.08
19.00
18.88
18.71
18.59
18.50
18.39
18.26
18.14
18.04
17.87
17.77
17.65
17.57
17.44
17.30
17.16
17.06
16.98
16.82
16.69
16.57
16.45
16.27
16.12
16.02
15.90
15.80
15.68
15.57
15.44
15.24
15.08
14.97
14.82
14.71
14.61
14.53
14.35
14.20
14.03
13.84
13.70
13.53
13.41
13.31
13.21
13.09
12.96
12.82
12.68
12.57
12.46
12.31
12.22
12.14
12.03
11.87
11.73
11.63
11.44
11.28
11.18
11.06
10.92
10.82
10.72
10.62
10.50
10.35
10.23
10.12
9.98
9.86
9.78
9.63
9.52
9.39
9.28
9.16
9.03
8.88
8.78
8.64
8.53
8.41
8.29
8.17
8.03
7.88
7.76
7.63
7.53
