1	91.38	93.22	91.61	90.71	76.83	88.00	97.22	98.28	75.32	81.30
2	91.16	93.03	91.43	90.51	76.63	87.80	97.03	98.08	75.12	81.09
3	90.94	92.83	91.20	90.28	76.39	87.62	96.84	97.86	74.94	80.87
4	90.76	92.62	90.98	90.08	76.21	87.42	96.63	97.66	74.75	80.66
5	90.54	92.39	90.75	89.87	76.01	87.22	96.41	97.45	74.50	80.46
6	90.35	92.17	90.56	89.67	75.78	87.02	96.22	97.25	74.30	80.26
7	90.17	91.95	90.33	89.46	75.59	86.82	96.00	97.02	74.08	80.06
8	89.96	91.74	90.13	89.24	75.35	86.59	95.77	96.81	73.84	79.85
9	89.76	91.53	89.92	89.02	75.14	86.37	95.60	96.47	73.47	79.64
10	89.45	91.20	89.61	88.67	74.84	86.05	95.29	96.16	73.09	79.28
11	89.09	90.90	89.28	88.36	74.53	85.73	94.97	95.81	72.70	78.92
12	88.76	90.54	88.98	87.95	74.08	85.38	94.63	95.53	72.37	78.58
13	88.36	90.17	88.63	87.48	74.08	84.98	94.24	95.15	71.94	78.22
14	88.05	89.85	88.27	87.09	73.78	84.64	93.88	94.95	71.73	77.89
15	87.74	89.52	87.93	86.64	73.43	84.29	93.54	94.61	71.39	77.56
16	87.42	89.20	87.58	86.20	73.13	83.96	93.22	94.27	71.07	77.24
17	87.09	88.86	87.25	85.99	72.79	83.63	92.86	93.92	70.73	76.89
18	86.87	88.67	87.02	85.78	72.67	83.40	92.65	93.70	70.53	76.70
19	86.58	88.37	86.74	85.52	72.54	83.14	92.36	93.42	70.53	76.41
20	86.36	88.17	86.53	85.19	72.37	82.78	92.15	93.22	70.44	76.20
21	86.05	87.88	86.23	84.89	72.26	82.36	91.85	92.86	70.33	75.89
22	85.76	87.54	85.86	84.58	72.05	81.93	91.57	92.51	70.16	75.54
23	85.43	87.22	85.53	84.26	71.85	81.59	91.26	92.20	69.87	75.19
24	85.11	86.93	85.23	83.94	71.63	81.21	90.93	91.89	69.64	74.87
25	84.82	86.60	84.92	83.60	71.40	80.82	90.63	91.58	69.44	74.57
26	84.53	86.29	84.58	83.40	71.20	80.62	90.31	91.29	69.25	74.26
27	84.33	86.08	84.25	83.19	71.01	80.26	90.10	91.08	69.03	74.03
28	84.01	85.76	83.90	82.87	70.91	79.90	89.78	90.76	68.92	73.72
29	83.66	85.42	83.56	82.54	70.68	79.51	89.47	90.41	68.71	73.39
30	83.29	85.07	83.21	82.23	70.45	79.12	89.13	90.03	68.49	73.06
31	82.95	84.74	82.87	81.91	70.20	78.73	88.80	89.71	68.29	72.75
32	82.62	84.40	82.54	81.57	69.96	78.35	88.44	89.37	68.09	72.40
33	82.34	84.05	82.33	81.22	69.72	78.13	88.08	89.03	67.84	72.13
34	82.14	83.85	82.09	81.00	69.47	77.95	87.86	88.81	67.61	71.94
35	81.94	83.64	81.91	80.80	69.38	77.72	87.65	88.60	67.49	71.73
36	81.67	83.37	81.63	80.54	69.23	77.45	87.35	88.32	67.36	71.73
37	81.48	83.17	81.44	80.34	69.06	77.26	87.15	88.12	67.19	71.64
38	81.28	82.95	81.23	80.13	68.96	77.06	86.94	87.70	67.10	71.54
39	80.99	82.67	80.84	79.81	68.85	76.68	86.59	87.30	67.00	71.22
40	80.72	82.33	80.52	79.51	68.58	76.43	86.33	86.94	66.79	70.89
41	80.39	81.99	80.16	79.22	68.38	76.43	86.04	86.56	66.61	70.53
42	80.07	81.65	79.85	78.88	68.15	76.31	85.72	86.20	66.44	70.22
43	79.73	81.29	79.51	78.55	67.90	76.12	85.41	85.74	66.21	69.87
44	79.37	80.90	79.15	78.18	67.64	75.92	85.05	85.33	66.02	69.53
45	78.98	80.52	78.80	77.79	67.33	75.68	84.68	85.09	65.76	69.16
46	78.78	80.32	78.56	77.55	67.08	75.41	84.47	84.86	65.49	69.07
47	78.59	80.10	78.37	77.36	66.94	75.29	84.27	84.67	65.37	68.95
48	78.38	79.89	78.19	77.16	66.83	75.19	84.06	84.47	65.26	68.84
49	78.17	79.69	77.99	76.97	66.73	75.10	83.86	84.25	65.16	68.75
50	77.98	79.45	77.77	76.73	66.63	74.99	83.65	84.02	65.03	68.63
51	77.77	79.24	77.53	76.50	66.54	74.85	83.43	83.81	64.91	68.55
52	77.55	79.03	77.32	76.30	66.41	74.76	83.22	83.59	64.79	68.44
53	77.32	78.83	77.08	76.09	66.32	74.63	82.99	83.34	64.68	68.33
54	77.12	78.62	76.86	75.89	66.20	74.52	82.79	83.14	64.56	68.21
55	76.91	78.41	76.65	75.70	66.07	74.42	82.57	82.93	64.45	68.08
56	76.68	78.22	76.45	75.50	65.94	74.33	82.36	82.70	64.34	67.97
57	76.48	78.01	76.22	75.29	65.83	74.21	82.13	82.53	64.24	67.85
59	76.17	77.72	75.94	75.29	65.70	74.11	81.85	82.21	64.12	67.72
60	75.96	77.51	75.50	75.20	65.49	73.90	81.62	82.00	63.93	67.51
61	75.68	77.20	75.12	74.88	65.37	73.78	81.32	81.67	63.83	67.43
62	75.39	76.87	74.90	74.57	65.14	73.56	80.99	81.33	63.58	67.22
63	75.17	76.68	74.69	74.49	64.92	73.34	80.77	81.14	63.34	66.98
64	74.93	76.49	74.51	74.38	64.83	73.23	80.55	80.93	63.24	66.86
65	74.72	76.29	74.30	74.30	64.70	73.10	80.36	80.74	63.15	66.79
66	74.52	76.08	74.09	74.19	64.60	72.99	80.14	80.54	63.04	66.67
67	74.32	75.88	73.88	74.09	64.50	72.89	79.93	80.35	62.93	66.57
68	74.12	75.70	73.68	73.99	64.40	72.78	79.72	80.13	62.84	66.46
69	73.90	75.48	73.47	73.87	64.28	72.66	79.53	79.91	62.73	66.34
70	73.67	75.27	73.27	73.79	64.16	72.54	79.33	79.69	62.62	66.23
71	73.47	75.06	73.08	73.68	64.05	72.42	79.12	79.46	62.51	66.12
72	73.23	74.82	72.84	73.56	63.96	72.32	78.90	79.23	62.42	66.02
73	73.02	74.64	72.63	73.44	63.81	72.18	78.72	79.02	62.29	65.90
74	72.83	74.44	72.42	73.32	63.71	72.08	78.51	78.81	62.19	65.78
75	72.63	74.24	72.24	73.21	63.61	71.98	78.32	78.61	62.08	65.69
76	72.41	74.03	72.04	73.11	63.51	71.88	78.11	78.39	61.98	65.60
77	72.21	73.79	71.84	73.01	63.41	71.76	77.91	78.18	61.87	65.48
78	72.03	73.58	71.62	72.89	63.32	71.65	77.71	77.96	61.75	65.37
79	71.81	73.37	71.43	72.79	63.20	71.56	77.51	77.73	61.65	65.25
80	71.56	73.14	71.21	72.68	63.10	71.47	77.31	77.49	61.56	65.13
81	71.34	72.95	71.02	72.57	63.00	71.36	77.06	77.29	61.44	65.03
82	71.14	72.75	70.81	72.43	62.90	71.26	76.85	77.08	61.31	64.90
83	70.91	72.53	70.60	72.32	62.79	71.17	76.65	76.88	61.18	64.79
84	70.71	72.32	70.39	72.18	62.68	71.04	76.41	76.67	61.07	64.69
85	70.52	72.12	70.21	72.03	62.57	70.93	76.21	76.49	60.96	64.58
86	70.32	71.91	70.00	71.93	62.48	70.82	76.02	76.30	60.86	64.46
87	70.11	71.68	69.76	71.82	62.38	70.71	75.83	76.10	60.74	64.35
88	69.90	71.49	69.54	71.70	62.29	70.59	75.62	75.89	60.64	64.23
89	69.70	71.31	69.34	71.59	62.18	70.50	75.42	75.69	60.54	64.14
90	69.50	71.13	69.13	71.44	62.06	70.35	75.21	75.47	60.40	64.00
91	69.29	70.93	68.92	71.33	61.96	70.26	74.99	75.28	60.30	63.89
92	69.08	70.72	68.71	71.22	61.86	70.15	74.78	75.05	60.20	63.79
93	68.84	70.51	68.48	71.13	61.74	70.03	74.56	74.85	60.08	63.67
94	68.62	70.32	68.28	71.01	61.61	69.90	74.36	74.65	59.96	63.55
95	68.42	70.11	68.09	70.89	61.51	69.80	74.18	74.44	59.86	63.45
96	68.17	69.88	67.88	70.77	61.42	69.71	73.96	74.23	59.74	63.34
97	67.95	69.67	67.67	70.65	61.32	69.60	73.71	74.00	59.64	63.24
98	67.73	69.45	67.46	70.52	61.22	69.46	73.51	73.81	59.52	63.12
99	67.73	69.16	67.16	70.42	61.14	69.36	73.22	73.52	59.45	63.01
100	67.62	68.97	66.95	70.22	60.93	69.12	72.99	73.33	59.29	62.81
101	67.51	68.77	66.77	70.11	60.84	69.04	72.78	73.14	59.21	62.73
102	67.38	68.57	66.55	70.00	60.71	68.95	72.59	72.93	59.08	62.58
103	67.26	68.36	66.33	69.89	60.61	68.84	72.39	72.72	59.00	62.47
104	67.18	68.15	66.12	69.78	60.50	68.74	72.18	72.51	58.89	62.37
105	67.09	67.93	65.93	69.70	60.41	68.63	71.95	72.30	58.78	62.26
106	66.98	67.71	65.70	69.55	60.29	68.52	71.72	72.08	58.67	62.14
107	66.86	67.52	65.49	69.44	60.16	68.42	71.52	71.86	58.57	62.04
108	66.78	67.52	65.24	69.33	60.06	68.34	71.52	71.61	58.46	61.93
109	66.61	67.41	65.03	69.17	59.89	68.16	71.42	71.42	58.28	61.77
110	66.49	67.30	64.83	69.05	59.78	68.06	71.34	71.22	58.16	61.69
111	66.39	67.20	64.61	68.94	59.68	67.95	71.26	71.03	58.07	61.60
112	66.28	67.11	64.42	68.81	59.58	67.84	71.16	70.82	57.94	61.48
113	66.17	67.00	64.23	68.72	59.47	67.75	71.04	70.62	57.84	61.38
114	66.06	66.91	64.02	68.62	59.36	67.66	70.94	70.43	57.75	61.28
115	65.95	66.79	63.83	68.53	59.26	67.55	70.83	70.24	57.64	61.18
116	65.86	66.68	63.63	68.45	59.17	67.45	70.73	70.05	57.55	61.08
117	65.74	66.59	63.42	68.33	59.07	67.32	70.63	69.84	57.44	60.98
118	65.64	66.46	63.21	68.21	58.96	67.21	70.52	69.66	57.34	60.87
