81.32
81.11
80.89
80.70
80.43
80.21
79.99
79.80
79.59
79.28
78.97
78.65
78.42
78.12
77.82
77.49
77.18
76.88
76.57
76.26
75.93
75.75
75.40
75.05
74.71
74.34
73.98
73.63
73.43
73.14
72.95
72.66
72.45
72.23
72.01
71.82
71.44
71.19
70.97
70.65
70.34
70.01
69.70
69.34
69.03
68.75
68.43
68.11
67.82
67.52
67.20
66.92
66.70
66.52
66.32
66.10
65.90
65.48
65.07
64.87
64.39
64.19
63.88
63.58
63.37
63.19
62.99
62.76
62.55
62.32
62.11
61.91
61.69
61.48
61.28
61.09
60.89
60.66
60.43
60.23
60.04
59.82
59.62
59.42
59.20
58.98
58.76
58.52
58.30
58.09
57.89
57.68
57.47
57.27
57.06
56.86
56.66
56.46
56.27
56.07
55.87
55.66
55.44
55.25
55.06
54.87
54.65
54.42
54.20
53.97
53.73
53.46
53.46
53.37
53.18
53.06
52.83
52.62
52.40
52.30
52.12
52.02
51.91
51.79
51.68
51.58
51.46
51.27
51.17
51.07
50.97
50.80
50.71
50.60
50.51
50.41
50.33
50.23
50.13
50.02
49.93
49.84
49.76
49.64
49.56
49.47
49.37
49.26
49.15
49.05
48.93
48.82
48.72
48.61
