91.04
90.81
90.57
90.38
90.10
89.90
89.67
89.45
89.22
88.88
88.59
88.26
88.04
87.80
87.51
87.17
86.87
86.57
86.26
85.95
85.64
85.43
85.12
84.85
84.48
84.20
83.88
83.58
83.37
83.07
82.84
82.52
82.33
82.14
81.94
81.59
81.33
81.02
80.64
80.26
79.87
79.44
79.07
78.66
78.30
78.09
77.77
77.43
77.13
76.81
76.50
76.23
76.03
75.80
75.60
75.38
75.16
74.83
74.53
74.22
73.96
73.63
73.32
73.01
72.79
72.57
72.36
72.18
71.97
71.77
71.56
71.36
71.16
70.97
70.77
70.56
70.35
70.15
69.90
69.71
69.50
69.28
69.10
68.90
68.70
68.49
68.30
68.10
67.82
67.60
67.40
67.20
67.01
66.77
66.57
66.37
66.17
65.97
65.74
65.55
65.34
65.13
64.90
64.70
64.49
64.27
64.08
63.87
63.65
63.43
63.43
63.32
63.15
62.97
62.79
62.67
62.43
62.21
61.97
61.88
61.70
61.57
61.47
61.38
61.26
61.14
61.00
60.81
60.68
60.58
60.50
60.31
60.19
60.07
59.97
59.88
59.78
59.68
59.58
59.47
59.37
59.28
59.16
59.03
58.92
58.83
58.72
58.61
58.49
58.40
58.26
58.16
58.02
57.89
