93.37
93.13
92.93
92.70
92.44
92.20
91.99
91.79
91.56
91.23
90.94
90.64
90.42
90.16
89.87
89.56
89.26
88.97
88.67
88.34
88.00
87.80
87.58
87.30
86.96
86.64
86.37
86.07
85.76
85.47
85.28
84.98
84.74
84.53
84.32
84.11
83.76
83.50
83.30
83.01
82.69
82.40
82.05
81.71
81.40
81.07
80.74
80.44
80.15
79.86
79.52
79.24
79.01
78.81
78.62
78.41
78.18
77.88
77.51
77.19
76.90
76.62
76.32
75.99
75.81
75.62
75.42
75.19
74.99
74.80
74.57
74.38
74.16
73.95
73.74
73.52
73.29
73.08
72.83
72.63
72.45
72.22
72.01
71.80
71.57
71.35
71.13
70.94
70.73
70.53
70.34
70.15
69.94
69.74
69.55
69.34
69.13
68.95
68.76
68.54
68.33
68.14
67.93
67.74
67.55
67.36
67.16
66.94
66.72
66.49
66.23
66.23
66.13
65.97
65.78
65.67
65.44
65.20
64.96
64.85
64.68
64.59
64.49
64.40
64.30
64.19
64.08
63.90
63.77
63.65
63.56
63.40
63.30
63.20
63.09
62.97
62.88
62.77
62.68
62.58
62.48
62.40
62.27
62.13
62.03
61.92
61.80
61.66
61.56
61.44
61.30
61.20
61.06
