86.88
86.68
86.45
86.25
85.95
85.70
85.47
85.28
85.07
84.75
84.48
84.13
83.93
83.69
83.42
83.12
82.80
82.50
82.19
81.87
81.56
81.34
81.08
80.77
80.55
80.21
79.91
79.56
79.26
78.94
78.62
78.39
78.18
77.97
77.76
77.58
77.26
77.01
76.81
76.51
76.17
75.87
75.38
75.18
74.73
74.51
74.18
73.89
73.57
73.29
72.98
72.71
72.48
72.28
72.10
71.89
71.70
71.40
71.02
70.69
70.37
70.05
69.76
69.42
69.23
69.01
68.81
68.57
68.37
68.17
67.97
67.73
67.52
67.32
67.13
66.93
66.71
66.53
66.33
66.12
65.93
65.72
65.53
65.32
65.11
64.90
64.68
64.48
64.23
64.00
63.79
63.57
63.35
63.14
62.93
62.71
62.51
62.32
62.09
61.89
61.70
61.49
61.30
61.09
60.89
60.71
60.50
60.28
60.06
59.84
59.58
59.32
59.03
58.73
58.34
57.96
57.61
57.39
57.19
56.91
56.66
56.45
56.27
56.05
55.87
55.66
55.40
55.18
54.97
54.77
54.77
54.68
54.55
54.47
54.37
54.26
54.17
54.06
53.95
53.86
53.75
53.63
53.54
53.46
53.39
53.29
53.19
53.07
52.97
52.84
52.71
52.59
52.49
52.36
