82.28
82.08
81.90
81.71
81.42
81.22
80.98
80.79
80.55
80.24
79.93
79.59
79.41
78.97
78.65
78.34
77.99
77.62
77.28
76.90
76.69
76.48
76.27
75.99
75.68
75.38
75.09
74.78
74.48
74.16
73.94
73.64
73.40
73.18
72.99
72.78
72.41
72.13
71.93
71.63
71.37
71.06
70.72
70.42
70.10
69.77
69.42
69.10
68.82
68.52
68.16
67.88
67.64
67.43
67.23
67.01
66.82
66.51
66.20
65.89
65.60
65.31
65.00
64.67
64.48
64.26
64.03
63.81
63.61
63.41
63.20
62.97
62.75
62.55
62.34
62.15
61.92
61.70
61.44
61.25
61.07
60.85
60.65
60.44
60.24
60.02
59.79
59.56
59.31
59.10
58.88
58.70
58.51
58.29
58.07
57.87
57.68
57.46
57.26
57.06
56.84
56.63
56.40
56.21
56.01
55.82
55.62
55.40
55.21
55.00
54.74
54.47
54.23
54.23
54.13
53.80
53.48
53.18
53.08
52.97
52.82
52.71
52.60
52.51
52.39
52.27
52.15
51.97
51.85
51.77
51.67
51.51
51.41
51.29
51.17
51.06
50.97
50.89
50.76
50.66
50.55
50.46
50.33
50.25
50.14
50.05
49.95
49.87
49.74
49.64
49.53
49.41
49.28
49.19
