75.34
75.13
74.95
74.75
74.46
74.27
74.04
73.84
73.64
73.29
73.02
72.70
72.48
72.17
71.86
71.51
71.16
70.85
70.54
70.24
69.93
69.73
69.48
69.19
68.85
68.54
68.27
67.96
67.65
67.35
67.13
66.80
66.61
66.39
66.20
65.97
65.68
65.40
65.19
64.90
64.59
64.27
63.91
63.57
63.27
62.96
62.65
62.32
62.04
61.72
61.36
61.36
61.27
61.16
61.04
60.95
60.85
60.76
60.53
60.30
60.09
59.86
59.61
59.42
59.16
59.04
58.96
58.86
58.71
58.61
58.52
58.39
58.29
58.17
58.04
57.92
57.82
57.70
57.59
57.45
57.34
57.22
57.14
57.04
56.93
56.81
56.71
56.60
56.47
56.31
56.18
56.07
55.97
55.89
55.78
55.67
55.57
55.45
55.36
55.23
55.12
55.03
54.92
54.80
54.72
54.64
54.55
54.44
54.32
54.21
54.09
53.93
53.77
53.60
53.39
53.30
53.13
52.93
52.69
52.58
52.42
52.29
52.18
52.07
51.96
51.86
51.75
51.57
51.46
51.36
51.25
51.11
51.02
50.88
50.76
50.65
50.55
50.43
50.34
50.23
50.12
50.02
49.94
49.85
49.75
49.67
49.58
49.47
49.37
49.27
49.17
49.08
48.94
48.85
