78.63
78.43
78.21
78.01
77.71
77.48
77.26
77.03
76.81
76.47
76.15
75.84
75.63
75.36
74.92
74.54
74.37
74.07
73.76
73.45
73.08
72.90
72.69
72.40
72.09
71.77
71.49
71.18
70.90
70.62
70.38
70.03
69.79
69.59
69.37
69.15
68.79
68.53
68.31
68.31
68.16
67.93
67.70
67.44
67.19
66.98
66.77
66.57
66.34
66.15
65.94
65.72
65.56
65.45
65.35
65.26
65.14
65.02
64.82
64.56
64.35
64.18
63.96
63.75
63.51
63.40
63.29
63.15
63.01
62.91
62.82
62.69
62.59
62.47
62.37
62.24
62.15
62.04
61.93
61.75
61.66
61.57
61.48
61.36
61.26
61.16
61.05
60.94
60.82
60.73
60.62
60.52
60.42
60.31
60.20
60.10
59.99
59.88
59.77
59.63
59.53
59.42
59.32
59.22
59.12
59.04
58.94
58.85
58.74
58.64
58.53
58.33
58.12
57.97
57.77
57.65
57.41
57.18
56.97
56.86
56.68
56.57
56.49
56.37
56.28
56.17
56.06
55.89
55.77
55.66
55.56
55.36
55.28
55.17
55.09
54.99
54.91
54.81
54.71
54.61
54.52
54.42
54.31
54.21
54.11
54.01
53.92
53.80
53.69
53.58
53.46
53.35
53.25
53.15
