75.20
75.00
74.82
74.62
74.35
74.11
73.87
73.67
73.46
73.10
72.80
72.47
72.23
71.93
71.63
71.30
70.97
70.66
70.35
70.05
69.73
69.53
69.32
69.04
68.70
68.39
68.12
67.78
67.48
67.16
66.94
66.60
66.37
66.16
65.98
65.60
65.38
65.38
65.30
64.98
64.64
64.29
63.98
63.66
63.32
63.01
62.90
62.63
62.45
62.28
62.04
61.82
61.63
61.50
61.41
61.30
61.19
61.07
60.88
60.64
60.42
60.22
59.96
59.77
59.51
59.39
59.28
59.18
59.06
58.96
58.84
58.72
58.58
58.46
58.35
58.24
58.14
58.02
57.92
57.80
57.70
57.58
57.50
57.40
57.27
57.16
57.05
56.94
56.83
56.71
56.60
56.49
56.38
56.28
56.16
56.06
55.95
55.86
55.77
55.68
55.60
55.49
55.40
55.30
55.22
55.09
54.99
54.90
54.82
54.72
54.59
54.43
54.24
54.05
53.87
53.78
53.58
53.36
53.14
53.04
52.88
52.78
52.66
52.55
52.45
52.35
52.22
52.01
51.90
51.80
51.69
51.52
51.42
51.29
51.19
51.08
51.00
50.91
50.78
50.68
50.57
50.45
50.37
50.26
50.15
50.04
49.93
49.83
49.73
49.61
49.51
49.42
49.30
49.20
