64.80
64.60
64.41
64.20
64.20
64.11
63.96
63.85
63.74
63.42
63.09
62.79
62.70
62.58
62.45
62.24
62.01
61.79
61.62
61.41
61.20
60.96
60.88
60.76
60.53
60.31
60.09
59.92
59.69
59.47
59.28
59.20
58.98
58.86
58.75
58.65
58.55
58.36
58.22
58.14
57.94
57.69
57.44
57.18
56.93
56.73
56.51
56.32
56.06
55.90
55.68
55.43
55.24
55.13
55.03
54.91
54.83
54.72
54.51
54.28
54.09
53.91
53.72
53.50
53.28
53.17
53.09
52.99
52.87
52.77
52.66
52.53
52.44
52.35
52.21
52.10
52.01
51.91
51.83
51.69
51.59
51.51
51.39
51.28
51.18
51.07
50.97
50.85
50.72
50.62
50.50
50.39
50.29
50.15
50.02
49.91
49.82
49.71
49.58
49.44
49.34
49.25
49.16
49.06
48.95
48.85
48.75
48.66
48.55
48.43
48.31
48.18
48.04
47.83
47.66
47.57
47.33
47.13
46.94
46.85
46.67
46.55
46.45
46.35
46.26
46.17
46.06
45.89
45.79
45.69
45.59
45.44
45.33
45.21
45.09
44.97
44.88
44.76
44.65
44.55
44.46
44.36
44.27
44.15
44.03
43.95
43.84
43.74
43.61
43.51
43.40
43.30
43.18
43.07
