75.32
75.12
74.94
74.75
74.50
74.30
74.08
73.84
73.47
73.09
72.70
72.37
71.94
71.73
71.39
71.07
70.73
70.53
70.53
70.44
70.33
70.16
69.87
69.64
69.44
69.25
69.03
68.92
68.71
68.49
68.29
68.09
67.84
67.61
67.49
67.36
67.19
67.10
67.00
66.79
66.61
66.44
66.21
66.02
65.76
65.49
65.37
65.26
65.16
65.03
64.91
64.79
64.68
64.56
64.45
64.34
64.24
64.12
63.93
63.83
63.58
63.34
63.24
63.15
63.04
62.93
62.84
62.73
62.62
62.51
62.42
62.29
62.19
62.08
61.98
61.87
61.75
61.65
61.56
61.44
61.31
61.18
61.07
60.96
60.86
60.74
60.64
60.54
60.40
60.30
60.20
60.08
59.96
59.86
59.74
59.64
59.52
59.45
59.29
59.21
59.08
59.00
58.89
58.78
58.67
58.57
58.46
58.28
58.16
58.07
57.94
57.84
57.75
57.64
57.55
57.44
57.34
57.21
57.04
56.96
56.86
56.71
56.62
56.52
56.41
56.31
56.17
56.01
55.93
55.84
55.74
55.61
55.49
55.40
55.30
