98.28
98.08
97.86
97.66
97.45
97.25
97.02
96.81
96.47
96.16
95.81
95.53
95.15
94.95
94.61
94.27
93.92
93.70
93.42
93.22
92.86
92.51
92.20
91.89
91.58
91.29
91.08
90.76
90.41
90.03
89.71
89.37
89.03
88.81
88.60
88.32
88.12
87.70
87.30
86.94
86.56
86.20
85.74
85.33
85.09
84.86
84.67
84.47
84.25
84.02
83.81
83.59
83.34
83.14
82.93
82.70
82.53
82.21
82.00
81.67
81.33
81.14
80.93
80.74
80.54
80.35
80.13
79.91
79.69
79.46
79.23
79.02
78.81
78.61
78.39
78.18
77.96
77.73
77.49
77.29
77.08
76.88
76.67
76.49
76.30
76.10
75.89
75.69
75.47
75.28
75.05
74.85
74.65
74.44
74.23
74.00
73.81
73.52
73.33
73.14
72.93
72.72
72.51
72.30
72.08
71.86
71.61
71.42
71.22
71.03
70.82
70.62
70.43
70.24
70.05
69.84
69.66
69.66
69.53
69.44
69.34
69.21
69.11
69.00
68.90
68.80
68.67
68.58
68.48
68.38
68.29
68.17
68.06
67.96
67.85
