76.83
76.63
76.39
76.21
76.01
75.78
75.59
75.35
75.14
74.84
74.53
74.08
74.08
73.78
73.43
73.13
72.79
72.67
72.54
72.37
72.26
72.05
71.85
71.63
71.40
71.20
71.01
70.91
70.68
70.45
70.20
69.96
69.72
69.47
69.38
69.23
69.06
68.96
68.85
68.58
68.38
68.15
67.90
67.64
67.33
67.08
66.94
66.83
66.73
66.63
66.54
66.41
66.32
66.20
66.07
65.94
65.83
65.70
65.49
65.37
65.14
64.92
64.83
64.70
64.60
64.50
64.40
64.28
64.16
64.05
63.96
63.81
63.71
63.61
63.51
63.41
63.32
63.20
63.10
63.00
62.90
62.79
62.68
62.57
62.48
62.38
62.29
62.18
62.06
61.96
61.86
61.74
61.61
61.51
61.42
61.32
61.22
61.14
60.93
60.84
60.71
60.61
60.50
60.41
60.29
60.16
60.06
59.89
59.78
59.68
59.58
59.47
59.36
59.26
59.17
59.07
58.96
58.88
58.72
58.61
58.48
58.39
58.31
58.22
58.12
57.99
57.89
57.75
57.63
57.54
57.44
57.32
57.22
57.11
57.01
