1	1	1	1	1	1	1	1	1	1	1
2	2	2	2	2	2	2	2	2	2	2
3	3	3	3	3	3	3	3	3	3	3
4	4	4	4	4	4	4	4	4	4	4
5	5	5	5	5	5	5	5	5	5	5
6	6	6	6	6	6	6	6	6	6	6
7	7	7	7	7	7	7	7	7	7	7
8	8	8	8	8	8	8	8	8	8	8
9	9	9	9	9	9	9	9	8	9	9
10	10	10	10	10	10	10	10	8	10	10
11	11	11	11	11	11	11	11	8	11	11
12	12	12	12	11	12	12	12	8	12	12
13	13	13	13	12	12	13	13	8	13	13
14	14	14	14	13	12	14	14	9	14	14
15	15	15	15	14	12	15	15	10	15	15
16	16	16	16	15	12	16	16	11	16	16
17	17	17	17	16	12	17	17	12	17	17
18	18	18	18	17	12	18	18	13	18	18
19	19	19	19	18	12	19	19	14	18	19
20	20	20	20	18	12	20	20	15	18	20
21	21	21	21	18	12	21	21	16	18	21
22	22	22	22	18	12	22	22	17	18	22
23	23	23	23	18	12	23	23	18	18	23
24	24	24	24	18	12	24	24	19	18	24
25	25	25	25	18	12	25	25	20	18	25
26	26	26	26	19	12	26	26	21	18	26
27	27	27	26	20	12	27	27	22	18	27
28	28	28	26	21	12	28	28	23	18	28
29	29	29	26	22	12	29	29	24	18	29
30	30	30	26	23	12	30	30	25	18	30
31	31	31	26	24	12	31	31	26	18	31
32	32	32	26	25	12	32	32	27	18	32
33	33	33	27	26	12	33	33	28	18	33
34	34	34	28	27	12	34	34	29	18	34
35	35	35	29	28	12	35	35	30	18	35
36	36	36	30	29	12	36	36	31	18	35
37	37	37	31	30	12	37	37	32	18	35
38	38	38	32	31	12	38	38	33	18	35
39	39	39	33	32	12	39	39	34	18	35
40	40	40	34	33	12	40	40	35	18	35
41	41	41	35	34	12	40	41	36	18	35
42	42	42	36	35	12	40	42	37	18	35
43	43	43	37	36	12	40	43	38	18	35
44	44	44	38	37	12	40	44	39	18	35
45	45	45	39	38	12	40	45	40	18	35
46	46	46	40	39	12	40	46	41	18	35
47	47	47	41	40	12	40	47	42	18	35
48	48	48	42	41	12	40	48	43	18	35
49	49	49	43	42	12	40	49	44	18	35
50	50	50	44	43	12	40	50	45	18	35
51	51	51	45	44	12	40	51	46	18	35
52	52	52	46	45	12	40	52	47	18	35
53	53	53	47	46	12	40	53	48	18	35
54	54	54	48	47	12	40	54	49	18	35
55	55	55	49	48	12	40	55	50	18	35
56	56	56	50	49	12	40	56	51	18	35
57	57	57	51	50	12	40	57	52	18	35
59	58	58	52	50	12	40	58	53	18	35
60	59	59	53	50	12	40	59	54	18	35
61	60	60	54	50	12	40	60	55	18	35
62	61	61	55	50	12	40	61	56	18	35
63	62	62	56	50	12	40	62	57	18	35
64	63	63	57	50	12	40	63	58	18	35
65	64	64	58	50	12	40	64	59	18	35
66	65	65	59	50	12	40	65	60	18	35
67	66	66	60	50	12	40	66	61	18	35
68	67	67	61	50	12	40	67	62	18	35
69	68	68	62	50	12	40	68	63	18	35
70	69	69	63	50	12	40	69	64	18	35
71	70	70	64	50	12	40	70	65	18	35
72	71	71	65	50	12	40	71	66	18	35
73	72	72	66	50	12	40	72	67	18	35
74	73	73	67	50	12	40	73	68	18	35
75	74	74	68	50	12	40	74	69	18	35
76	75	75	69	50	12	40	75	70	18	35
77	76	76	70	50	12	40	76	71	18	35
78	77	77	71	50	12	40	77	72	18	35
79	78	78	72	50	12	40	78	73	18	35
80	79	79	73	50	12	40	79	74	18	35
81	80	80	74	50	12	40	80	75	18	35
82	81	81	75	50	12	40	81	76	18	35
83	82	82	76	50	12	40	82	77	18	35
84	83	83	77	50	12	40	83	78	18	35
85	84	84	78	50	12	40	84	79	18	35
86	85	85	79	50	12	40	85	80	18	35
87	86	86	80	50	12	40	86	81	18	35
88	87	87	81	50	12	40	87	82	18	35
89	88	88	82	50	12	40	88	83	18	35
90	89	89	83	50	12	40	89	84	18	35
91	90	90	84	50	12	40	90	85	18	35
92	91	91	85	50	12	40	91	86	18	35
93	92	92	86	50	12	40	92	87	18	35
94	93	93	87	50	12	40	93	88	18	35
95	94	94	88	50	12	40	94	89	18	35
96	95	95	89	50	12	40	95	90	18	35
97	96	96	90	50	12	40	96	91	18	35
98	97	97	91	50	12	40	97	92	18	35
99	97	98	92	50	12	40	98	93	18	35
100	97	99	93	50	12	40	99	94	18	35
101	97	100	94	50	12	40	100	95	18	35
102	97	101	95	50	12	40	101	96	18	35
103	97	102	96	50	12	40	102	97	18	35
104	97	103	97	50	12	40	103	98	18	35
105	97	104	98	50	12	40	104	99	18	35
106	97	105	99	50	12	40	105	100	18	35
107	97	106	100	50	12	40	106	101	18	35
108	97	106	101	50	12	40	106	102	18	35
109	97	106	102	50	12	40	106	103	18	35
110	97	106	103	50	12	40	106	104	18	35
111	97	106	104	50	12	40	106	105	18	35
112	97	106	105	50	12	40	106	106	18	35
113	97	106	106	50	12	40	106	107	18	35
114	97	106	107	50	12	40	106	108	18	35
115	97	106	108	50	12	40	106	109	18	35
116	97	106	109	50	12	40	106	110	18	35
117	97	106	110	50	12	40	106	111	18	35
118	97	106	111	50	12	40	106	112	18	35
119	97	106	111	50	12	40	106	112	18	35
120	97	106	111	50	12	40	106	112	18	35
121	97	106	111	50	12	40	106	112	18	35
122	97	106	111	50	12	40	106	112	18	35
123	97	106	111	50	12	40	106	112	18	35
124	97	106	111	50	12	40	106	112	18	35
125	97	106	111	50	12	40	106	112	18	35
126	97	106	111	50	12	40	106	112	18	35
127	97	106	111	50	12	40	106	112	18	35
128	97	106	111	50	12	40	106	112	18	35
129	97	106	111	50	12	40	106	112	18	35
130	97	106	111	50	12	40	106	112	18	35
131	97	106	111	50	12	40	106	112	18	35
132	97	106	111	50	12	40	106	112	18	35
133	97	106	111	50	12	40	106	112	18	35
134	97	106	111	50	12	40	106	112	18	35
135	97	106	111	50	12	40	106	112	18	35
