97.39
97.20
96.99
96.79
96.59
96.40
96.21
95.98
95.78
95.58
95.40
95.18
94.97
94.73
94.51
94.32
94.12
93.91
93.69
93.49
93.30
93.09
92.89
92.70
92.47
92.28
92.06
91.83
91.62
91.41
91.19
90.97
90.75
90.56
90.38
90.17
89.95
89.75
89.54
89.34
89.13
88.91
88.69
88.48
88.19
87.99
87.77
87.57
87.38
87.16
86.97
86.77
86.57
86.36
86.15
85.93
85.72
85.51
85.30
85.10
84.89
84.67
84.46
84.27
84.05
83.85
83.63
83.42
83.20
83.00
82.78
82.57
82.22
81.86
81.49
81.13
80.94
80.72
80.52
80.31
80.11
79.91
79.71
79.51
79.32
79.09
78.87
78.64
78.42
78.22
78.01
77.81
77.62
77.41
77.20
76.93
76.73
76.51
76.31
76.09
75.78
75.53
75.34
75.02
74.81
74.59
74.40
74.20
73.99
73.80
73.58
73.37
73.18
72.96
72.76
72.55
72.35
72.14
71.92
71.72
71.51
71.30
71.11
70.92
70.69
70.48
70.30
69.99
69.75
69.55
69.36
69.15
68.94
68.74
68.51
68.30
68.07
68.07
67.96
67.86
67.78
67.67
67.58
67.46
67.36
67.24
67.14
67.05
66.97
66.84
66.73
66.64
66.54
