94.19
93.95
93.75
93.56
93.35
93.15
92.95
92.75
92.54
92.35
92.16
91.96
91.75
91.50
91.31
91.10
90.90
90.67
90.46
90.26
90.05
89.85
89.65
89.45
89.21
89.02
88.80
88.58
88.34
88.13
87.92
87.68
87.50
87.30
87.08
86.86
86.60
86.41
86.20
85.97
85.75
85.55
85.32
85.11
84.88
84.64
84.40
84.22
84.01
83.81
83.59
83.37
83.15
82.95
82.75
82.54
82.34
82.11
81.89
81.70
81.49
81.27
81.06
80.86
80.68
80.46
80.25
80.03
79.82
79.61
79.41
79.20
78.85
78.54
78.20
77.84
77.63
77.43
77.20
77.00
76.80
76.59
76.40
76.21
76.03
75.83
75.62
75.36
75.14
74.91
74.72
74.53
74.33
74.12
73.92
73.67
73.46
73.25
73.05
72.84
72.60
72.38
72.16
71.86
71.67
71.45
71.21
70.99
70.77
70.58
70.37
70.17
69.97
69.77
69.57
69.35
69.15
68.95
68.74
68.53
68.33
68.12
67.92
67.72
67.51
67.29
67.10
66.78
66.53
66.33
66.09
65.91
65.71
65.47
65.24
65.04
64.83
64.83
64.72
64.59
64.48
64.39
64.29
64.19
64.07
63.94
63.84
63.71
63.58
63.49
63.39
63.28
63.16
