87.35
87.13
86.93
86.73
86.53
86.32
86.12
85.92
85.71
85.51
85.34
85.12
84.91
84.69
84.42
84.22
84.00
83.78
83.57
83.35
83.16
82.96
82.75
82.55
82.32
82.07
81.87
81.66
81.47
81.27
81.06
80.83
80.61
80.39
80.18
79.96
79.74
79.52
79.33
79.12
78.88
78.69
78.47
78.27
78.06
77.80
77.58
77.38
77.18
76.98
76.74
76.54
76.36
76.14
75.93
75.70
75.48
75.29
75.08
74.85
74.67
74.44
74.24
74.04
73.82
73.59
73.36
73.13
72.91
72.69
72.50
72.12
71.72
71.32
70.93
70.73
70.52
70.32
70.10
69.88
69.66
69.47
69.30
69.09
68.89
68.69
68.49
68.24
68.01
67.81
67.60
67.40
67.19
66.98
66.75
66.51
66.31
66.13
65.92
65.69
65.69
65.62
65.46
65.37
65.17
65.08
64.97
64.87
64.78
64.66
64.54
64.45
64.34
64.23
64.11
64.00
63.86
63.76
63.63
63.52
63.40
63.28
63.15
63.04
62.92
62.81
62.70
62.53
62.39
62.26
62.16
62.08
61.97
61.86
61.76
61.63
61.51
61.41
61.15
61.03
60.91
60.80
60.70
60.59
60.50
60.39
60.28
60.17
60.07
59.94
59.82
59.74
59.65
