109.25
109.04
108.84
108.61
108.38
108.07
107.84
107.53
107.22
106.93
106.37
105.98
105.59
105.33
105.02
104.70
104.36
104.00
103.71
103.37
103.06
102.80
102.80
102.65
102.44
102.31
102.09
101.82
101.61
101.39
101.19
101.06
100.79
100.60
100.40
100.12
99.91
99.70
99.47
99.26
99.02
98.77
98.53
98.39
98.26
98.05
97.89
97.76
97.51
97.22
97.12
96.95
96.72
96.54
96.42
96.31
96.22
96.11
95.94
95.78
95.63
95.52
95.36
95.24
95.07
94.96
94.85
94.70
94.58
94.49
94.33
94.23
94.09
93.96
93.88
93.76
93.65
93.52
93.44
93.29
93.15
93.05
92.94
92.82
92.68
92.48
92.39
92.27
92.17
92.07
91.94
91.83
91.70
91.57
91.46
91.30
91.21
91.08
90.88
90.75
90.53
90.38
90.15
89.90
89.81
89.66
89.44
89.27
89.11
88.88
88.71
88.62
88.48
88.39
88.29
88.15
88.04
87.96
87.84
87.66
87.50
87.31
87.14
86.93
86.73
86.58
86.47
86.35
86.25
86.12
85.97
85.87
85.77
85.64
85.54
85.41
85.31
85.20
85.08
84.95
84.79
84.68
84.57
84.44
84.34
84.21
84.07
83.95
83.78
83.62
83.52
83.35
83.22
83.05
82.88
82.64
82.52
82.39
82.27
82.17
82.06
81.97
81.85
81.75
81.64
81.54
81.41
81.26
81.15
81.06
80.96
80.86
80.75
80.62
80.52
80.42
80.29
80.16
80.05
79.92
79.80
79.69
79.46
79.31
79.19
79.08
78.93
78.84
78.70
78.55
78.41
78.32
78.21
78.12
78.01
77.83
77.72
77.58
77.49
77.34
77.23
77.05
76.93
76.72
76.55
76.44
76.31
76.16
76.06
75.94
75.81
75.69
75.59
75.48
75.37
75.25
75.14
75.03
