110.88
110.64
110.43
110.14
109.93
109.60
109.41
109.07
108.73
108.39
108.03
107.75
107.38
107.02
106.64
106.25
105.92
105.52
105.04
104.85
104.53
104.28
103.96
103.65
103.40
103.12
102.75
102.43
102.05
101.71
101.45
101.09
100.79
100.46
100.16
99.84
99.53
99.13
98.83
98.48
98.12
97.90
97.66
97.48
97.15
96.95
96.74
96.40
96.06
95.86
95.52
95.24
94.94
94.74
94.54
94.32
94.09
93.82
93.59
93.41
93.20
92.94
92.74
92.51
92.31
92.12
91.87
91.62
91.42
91.21
90.96
90.74
90.51
90.29
90.07
89.86
89.65
89.45
89.21
89.02
88.81
88.57
88.34
88.06
87.71
87.50
87.27
87.06
86.85
86.62
86.42
86.19
85.99
85.76
85.52
85.31
85.09
84.79
84.58
84.22
84.02
83.67
83.35
83.13
82.88
82.55
82.24
81.96
81.65
81.35
81.13
80.91
80.70
80.50
80.24
79.99
79.77
79.56
79.29
79.01
78.71
78.71
78.56
78.32
78.13
77.99
77.87
77.75
77.60
77.44
77.31
77.20
77.09
76.94
76.83
76.65
76.55
76.41
76.27
76.12
75.96
75.86
75.76
75.64
75.54
75.40
75.29
75.18
75.07
74.92
74.79
74.59
74.48
74.29
74.16
73.99
73.89
73.76
73.63
73.49
73.37
73.27
73.19
73.10
73.01
72.92
72.80
72.65
72.54
72.43
72.31
72.19
72.08
71.92
71.81
71.72
71.57
71.48
71.38
71.27
71.15
71.02
70.91
70.76
70.67
70.58
70.46
70.35
70.22
70.05
69.92
69.83
69.72
69.59
69.47
69.34
69.23
69.07
68.94
68.82
68.71
68.53
68.39
68.22
68.06
67.97
67.83
67.70
67.62
67.47
67.32
67.23
67.09
66.98
66.88
66.78
66.68
66.55
