110.55
110.32
110.11
109.85
109.62
109.30
109.06
108.75
108.45
108.18
107.77
107.45
107.12
106.81
106.48
106.14
105.84
105.52
105.12
104.77
104.41
104.18
103.87
103.56
103.32
103.01
102.62
102.35
101.99
101.73
101.40
101.10
100.81
100.49
100.15
99.82
99.52
99.20
98.89
98.53
98.18
97.83
97.62
97.41
97.17
96.94
96.74
96.39
96.08
95.87
95.53
95.23
94.91
94.73
94.52
94.30
94.07
93.81
93.53
93.28
93.07
92.82
92.59
92.35
92.11
91.92
91.73
91.48
91.27
91.05
90.81
90.59
90.37
90.12
89.89
89.70
89.47
89.27
89.06
88.82
88.60
88.38
88.15
87.92
87.58
87.35
87.15
86.92
86.68
86.47
86.28
86.02
85.78
85.58
85.34
85.11
84.86
84.86
84.72
84.34
84.24
83.89
83.60
83.48
83.36
83.09
82.81
82.44
82.10
82.00
81.85
81.75
81.61
81.48
81.36
81.23
81.11
81.00
80.90
80.74
80.48
80.25
80.04
79.77
79.56
79.42
79.31
79.17
79.02
78.89
78.77
78.65
78.55
78.39
78.29
78.14
78.00
77.87
77.75
77.58
77.45
77.34
77.21
77.10
77.00
76.88
76.79
76.68
76.54
76.35
76.25
76.09
75.97
75.81
75.68
75.60
75.47
75.29
75.15
75.05
74.89
74.77
74.62
74.49
74.34
74.25
74.14
74.03
73.91
73.76
73.67
73.55
73.43
73.28
73.18
73.06
72.92
72.82
72.69
72.55
72.44
72.34
72.19
72.03
71.91
71.78
71.67
71.57
71.40
71.26
71.16
71.05
70.92
70.83
70.71
70.58
70.45
70.33
70.22
70.08
69.96
69.74
69.62
69.41
69.26
69.14
69.02
68.89
68.81
68.71
68.60
68.46
68.32
68.21
68.12
68.00
67.88
67.74
