110.46
110.24
110.00
109.74
109.53
109.23
109.02
108.68
108.28
108.00
107.53
107.22
106.84
106.58
106.27
105.97
105.67
105.36
105.06
104.73
104.29
104.04
103.75
103.46
103.23
102.92
102.54
102.23
101.89
101.58
101.33
100.96
100.67
100.29
99.95
99.62
99.28
98.98
98.65
98.30
98.00
97.70
97.45
97.22
96.96
96.76
96.57
96.22
95.87
95.52
95.14
94.92
94.59
94.37
94.15
93.94
93.62
93.36
93.14
92.89
92.64
92.42
92.21
91.97
91.74
91.54
91.32
91.07
90.86
90.65
90.41
90.19
89.95
89.72
89.53
89.32
89.08
88.85
88.64
88.44
88.23
88.01
87.78
87.49
87.25
87.02
86.74
86.53
86.33
86.10
85.88
85.67
85.46
85.25
84.96
84.77
84.52
84.22
84.02
83.70
83.48
83.17
82.84
82.61
82.36
82.03
81.66
81.40
81.07
80.83
80.63
80.41
80.22
80.00
79.80
79.61
79.41
79.19
78.77
78.42
78.05
77.66
77.28
77.06
76.84
76.65
76.45
76.21
75.98
75.72
75.51
75.29
75.00
74.77
74.53
74.31
74.09
73.80
73.52
73.52
73.40
73.29
73.18
73.07
72.96
72.85
72.76
72.62
72.48
72.30
72.16
72.04
71.93
71.81
71.66
71.51
71.41
71.29
71.15
71.06
70.93
70.83
70.74
70.61
70.45
70.33
70.17
70.05
69.98
69.87
69.78
69.67
69.55
69.44
69.34
69.24
69.14
68.98
68.88
68.74
68.59
68.48
68.38
68.18
68.00
67.87
67.79
67.69
67.55
67.37
67.26
67.17
67.09
66.97
66.85
66.72
66.56
66.43
66.30
66.18
66.08
65.91
65.77
65.59
65.40
65.27
65.12
65.00
64.88
64.77
64.67
64.56
64.44
64.31
64.22
64.09
63.99
63.86
