110.31
110.10
109.89
109.68
109.41
109.09
108.85
108.53
108.23
107.94
107.55
107.24
106.87
106.52
106.21
105.86
105.58
105.26
104.87
104.57
104.30
104.07
103.78
103.48
103.24
102.98
102.60
102.25
101.89
101.59
101.28
100.97
100.69
100.36
99.98
99.63
99.32
99.01
98.68
98.32
98.00
97.71
97.50
97.29
96.91
96.69
96.48
96.15
95.78
95.58
95.27
94.92
94.57
94.34
94.13
93.90
93.59
93.30
93.10
92.85
92.63
92.42
92.22
91.97
91.75
91.58
91.32
91.06
90.84
90.64
90.40
90.16
89.92
89.69
89.43
89.22
89.01
88.77
88.55
88.33
88.12
87.93
87.74
87.53
87.18
86.89
86.66
86.46
86.28
86.07
85.87
85.67
85.42
85.21
84.95
84.75
84.55
84.30
84.09
83.74
83.50
83.21
82.91
82.70
82.49
82.12
81.76
81.48
81.17
80.85
80.66
80.43
80.23
80.02
79.80
79.59
79.38
79.16
78.90
78.90
78.74
78.54
78.32
78.12
77.93
77.76
77.67
77.54
77.43
77.30
77.12
77.01
76.91
76.71
76.61
76.50
76.39
76.27
76.14
75.99
75.81
75.67
75.56
75.39
75.28
75.13
75.01
74.92
74.77
74.61
74.45
74.35
74.23
74.06
73.92
73.73
73.63
73.50
73.39
73.29
73.18
73.07
72.94
72.80
72.63
72.53
72.41
72.23
72.13
71.99
71.88
71.77
71.66
71.50
71.40
71.30
71.18
71.03
70.88
70.73
70.58
70.47
70.34
70.17
70.03
69.94
69.80
69.70
69.58
69.43
69.30
69.17
69.07
68.98
68.88
68.74
68.60
68.43
68.32
68.16
68.06
67.88
67.73
67.54
67.33
67.22
67.11
66.97
66.86
66.75
66.64
66.52
66.43
66.34
66.24
66.15
66.04
65.90
