110.14
109.89
109.65
109.41
109.08
108.89
108.57
108.28
107.91
107.53
107.16
106.81
106.45
106.22
105.94
105.59
105.23
104.88
104.51
104.20
103.86
103.61
103.32
103.05
102.81
102.46
102.11
101.78
101.41
101.13
100.87
100.51
100.14
99.79
99.46
99.10
98.73
98.29
97.96
97.62
97.23
96.99
96.78
96.58
96.32
96.11
95.87
95.53
95.20
94.99
94.71
94.38
94.01
93.82
93.58
93.37
93.15
92.89
92.63
92.33
92.11
91.94
91.75
91.52
91.31
91.09
90.89
90.62
90.41
90.20
89.96
89.73
89.55
89.37
89.16
88.95
88.70
88.51
88.31
88.10
87.89
87.65
87.44
87.22
86.92
86.69
86.49
86.28
86.05
85.86
85.68
85.48
85.26
85.05
84.69
84.48
84.20
83.88
83.68
83.29
83.10
82.74
82.40
82.20
82.00
81.69
81.44
81.07
80.70
80.39
80.18
79.95
79.73
79.53
79.31
79.10
78.87
78.67
78.40
78.11
77.79
77.50
77.20
76.89
76.68
76.48
76.25
76.01
75.80
75.56
75.34
75.11
75.11
74.95
74.84
74.70
74.57
74.43
74.26
74.12
73.94
73.83
73.73
73.60
73.50
73.38
73.28
73.16
73.02
72.86
72.75
72.61
72.49
72.38
72.25
72.15
72.03
71.88
71.73
71.60
71.51
71.39
71.28
71.10
70.99
70.90
70.73
70.62
70.53
70.39
70.29
70.17
70.04
69.91
69.81
69.69
69.55
69.44
69.32
69.16
69.03
68.95
68.83
68.68
68.59
68.49
68.35
68.23
68.10
67.97
67.85
67.75
67.64
67.55
67.42
67.27
67.14
66.98
66.90
66.78
66.66
66.47
66.31
66.12
65.97
65.87
65.73
65.62
65.51
65.43
65.34
65.23
65.11
64.98
64.87
64.74
64.65
64.54
