110.06
109.88
109.65
109.42
109.21
108.92
108.68
108.35
107.99
107.62
107.25
106.90
106.52
106.17
105.84
105.52
105.19
104.86
104.53
104.27
103.89
103.62
103.28
102.94
102.61
102.30
101.90
101.58
101.25
101.02
100.63
100.43
100.04
99.66
99.31
98.99
98.56
98.36
98.05
97.67
97.31
97.04
96.79
96.59
96.29
96.06
95.82
95.50
95.13
94.95
94.46
93.98
93.77
93.56
93.35
93.12
92.79
92.47
92.18
91.91
91.71
91.52
91.30
91.10
90.88
90.67
90.46
90.20
90.02
89.79
89.60
89.34
89.08
88.84
88.62
88.41
88.15
87.96
87.73
87.51
87.31
87.07
86.81
86.40
86.16
85.94
85.70
85.44
85.26
85.03
84.83
84.63
84.41
84.22
83.92
83.72
83.46
83.23
83.03
82.66
82.43
82.11
81.82
81.62
81.43
81.12
80.83
80.52
80.20
79.89
79.67
79.37
79.15
78.94
78.70
78.52
78.31
78.09
77.83
77.53
77.19
77.19
77.10
76.84
76.66
76.55
76.45
76.33
76.21
76.06
75.93
75.84
75.74
75.59
75.48
75.34
75.20
75.07
74.99
74.85
74.67
74.54
74.44
74.33
74.22
74.07
73.97
73.86
73.71
73.51
73.34
73.16
73.04
72.89
72.74
72.63
72.53
72.39
72.25
72.12
72.01
71.91
71.78
71.63
71.48
71.34
71.23
71.09
71.00
70.91
70.80
70.66
70.55
70.37
70.25
70.13
69.95
69.86
69.76
69.63
69.49
69.38
69.22
69.07
68.94
68.83
68.70
68.61
68.44
68.29
68.16
68.06
67.96
67.86
67.77
67.64
67.53
67.40
67.28
67.15
67.03
66.84
66.69
66.46
66.26
66.16
66.00
65.88
65.78
65.68
65.57
65.48
65.38
65.27
65.19
65.09
65.00
64.88
