110.17
109.94
109.72
109.48
109.22
108.91
108.72
108.40
108.09
107.78
107.40
107.08
106.71
106.35
106.04
105.71
105.40
105.08
104.73
104.40
104.04
103.79
103.49
103.17
102.91
102.59
102.21
101.95
101.63
101.27
100.99
100.66
100.33
99.97
99.67
99.35
99.06
98.72
98.38
98.04
97.69
97.44
97.19
96.97
96.65
96.44
96.23
95.91
95.60
95.38
95.04
94.68
94.34
94.10
93.89
93.68
93.47
93.19
92.96
92.72
92.50
92.26
92.06
91.80
91.60
91.41
91.21
90.94
90.74
90.50
90.29
90.06
89.83
89.60
89.32
89.12
88.88
88.69
88.45
88.23
88.01
87.78
87.56
87.36
87.06
86.83
86.61
86.42
86.22
86.00
85.78
85.56
85.35
85.10
84.84
84.64
84.40
84.13
83.93
83.65
83.42
83.10
82.74
82.54
82.28
81.98
81.67
81.38
81.06
80.81
80.61
80.40
80.17
79.95
79.72
79.54
79.34
79.10
78.85
78.54
78.54
78.38
78.19
77.98
77.79
77.61
77.50
77.39
77.23
77.11
76.99
76.89
76.78
76.64
76.53
76.42
76.31
76.18
76.10
75.94
75.75
75.65
75.52
75.38
75.29
75.16
75.07
74.92
74.79
74.62
74.52
74.42
74.29
74.14
73.99
73.89
73.78
73.63
73.48
73.40
73.28
73.21
73.05
72.94
72.83
72.70
72.57
72.46
72.32
72.22
72.12
72.01
71.89
71.72
71.61
71.51
71.36
71.24
71.16
71.05
70.89
70.78
70.65
70.51
70.39
70.29
70.15
70.02
69.82
69.65
69.55
69.43
69.32
69.23
69.10
68.98
68.88
68.74
68.64
68.48
68.39
68.21
68.06
67.86
67.71
67.60
67.46
67.34
67.23
67.10
66.97
66.87
66.74
66.64
66.52
66.39
66.30
66.18
