109.11
108.89
108.68
108.50
108.32
108.01
107.78
107.47
107.10
106.78
106.38
106.04
105.68
105.37
105.37
105.21
104.97
104.59
104.43
104.23
103.76
103.60
103.26
102.90
102.79
102.65
102.47
102.20
102.01
101.74
101.49
101.29
101.13
100.94
100.67
100.46
100.22
100.00
99.81
99.53
99.31
99.09
98.90
98.81
98.69
98.55
98.41
98.32
98.10
97.82
97.71
97.50
97.29
97.09
96.96
96.86
96.75
96.53
96.32
96.16
95.96
95.86
95.75
95.62
95.50
95.38
95.27
95.12
94.94
94.83
94.68
94.54
94.39
94.22
94.08
93.93
93.83
93.64
93.54
93.43
93.31
93.22
93.06
92.94
92.82
92.57
92.41
92.25
92.14
92.03
91.92
91.83
91.69
91.56
91.46
91.32
91.21
90.94
90.78
90.66
90.45
90.34
90.07
89.85
89.76
89.64
89.40
89.24
89.04
88.82
88.63
88.53
88.38
88.26
88.15
88.00
87.89
87.81
87.69
87.51
87.32
87.14
86.98
86.79
86.56
86.38
86.25
86.17
86.06
85.96
85.84
85.74
85.62
85.49
85.39
85.27
85.13
85.04
84.89
84.72
84.57
84.48
84.35
84.23
84.13
84.02
83.89
83.76
83.61
83.47
83.36
83.22
83.10
82.96
82.80
82.65
82.56
82.44
82.27
82.16
82.04
81.95
81.86
81.75
81.65
81.53
81.43
81.31
81.18
81.01
80.89
80.79
80.66
80.51
80.39
80.29
80.10
80.00
79.88
79.77
79.59
79.48
79.32
79.07
78.91
78.84
78.68
78.56
78.40
78.26
78.15
78.05
77.92
77.81
77.72
77.56
77.39
77.26
77.13
77.00
76.90
76.71
76.54
76.42
76.31
76.18
76.06
75.96
75.85
75.73
75.57
75.46
75.35
75.27
75.18
75.08
74.95
74.82
