111.01
110.82
110.61
110.40
110.14
109.77
109.52
109.19
108.83
108.53
108.13
107.80
107.46
107.09
106.77
106.41
105.94
105.73
105.38
105.04
104.69
104.44
104.14
103.82
103.56
103.27
102.86
102.59
102.26
101.91
101.66
101.36
101.06
100.63
100.20
99.81
99.37
98.96
98.54
98.13
97.92
97.66
97.48
97.26
96.97
96.71
96.51
96.16
95.83
95.64
95.38
95.05
94.71
94.47
94.29
94.08
93.80
93.56
93.31
93.04
92.80
92.61
92.39
92.18
91.94
91.75
91.48
91.24
91.04
90.85
90.64
90.42
90.21
89.98
89.78
89.59
89.36
89.18
88.96
88.76
88.55
88.34
88.11
87.87
87.56
87.32
87.01
86.77
86.56
86.33
86.14
85.88
85.67
85.45
85.11
84.90
84.67
84.36
84.16
83.77
83.55
83.02
82.78
82.58
82.34
81.84
81.58
81.32
80.89
80.65
80.44
80.12
79.92
79.72
79.52
79.34
79.10
78.87
78.60
78.33
78.00
77.69
77.69
77.54
77.32
77.14
77.01
76.87
76.73
76.62
76.49
76.40
76.27
76.12
76.00
75.85
75.76
75.64
75.52
75.44
75.27
75.19
75.09
74.94
74.83
74.71
74.63
74.55
74.44
74.29
74.18
74.03
73.92
73.81
73.67
73.56
73.48
73.35
73.26
73.15
73.02
72.94
72.86
72.76
72.66
72.51
72.33
72.21
72.12
72.01
71.92
71.81
71.69
71.55
71.41
71.28
71.09
71.00
70.88
70.72
70.51
70.39
70.20
70.07
69.93
69.79
69.65
69.53
69.35
69.18
69.01
68.90
68.76
68.65
68.52
68.39
68.29
68.15
68.03
67.85
67.74
67.64
67.46
67.31
67.18
67.04
66.93
66.84
66.75
66.64
66.51
66.38
66.28
66.18
66.10
65.99
65.88
65.77
