110.52
110.31
110.08
109.89
109.66
109.38
109.06
108.71
108.43
108.13
107.72
107.43
107.07
106.84
106.50
106.16
105.90
105.55
105.21
104.85
104.55
104.30
104.00
103.67
103.46
103.10
102.69
102.36
102.03
101.64
101.34
101.08
100.76
100.43
100.09
99.76
99.42
99.10
98.79
98.43
98.11
97.83
97.61
97.41
97.05
96.80
96.60
96.20
95.87
95.69
95.38
95.10
94.83
94.60
94.39
94.17
93.86
93.60
93.35
93.10
92.88
92.63
92.42
92.17
91.96
91.77
91.54
91.29
91.09
90.89
90.67
90.42
90.22
90.02
89.80
89.61
89.33
89.13
88.91
88.65
88.46
88.22
87.98
87.75
87.42
87.22
86.94
86.73
86.50
86.29
86.09
85.87
85.69
85.50
85.50
85.36
85.25
85.09
84.91
84.78
84.57
84.45
84.21
83.97
83.88
83.71
83.52
83.32
83.13
82.88
82.64
82.54
82.39
82.28
82.18
82.07
81.94
81.84
81.74
81.58
81.27
81.10
80.92
80.65
80.45
80.24
80.11
79.99
79.87
79.73
79.60
79.51
79.42
79.26
79.16
79.04
78.93
78.80
78.65
78.52
78.38
78.23
78.12
78.01
77.91
77.80
77.68
77.54
77.42
77.25
77.08
76.94
76.81
76.70
76.56
76.43
76.35
76.24
76.08
75.98
75.89
75.80
75.70
75.60
75.48
75.36
75.26
75.09
75.00
74.87
74.77
74.68
74.59
74.45
74.35
74.22
74.07
73.96
73.83
73.70
73.56
73.47
73.29
73.13
72.97
72.87
72.74
72.61
72.47
72.34
72.21
72.12
72.02
71.92
71.80
71.64
71.54
71.41
71.30
71.17
71.05
70.90
70.77
70.60
70.44
70.32
70.19
70.06
69.97
69.84
69.72
69.60
69.51
69.41
69.30
69.22
69.14
69.00
