1	110.06	110.14	110.17	110.31	110.46	110.52	110.55	110.83	110.88	111.01	108.76	111.03	108.90	109.11	109.25	109.44	109.37	109.60	109.67	109.86
2	109.88	109.89	109.94	110.10	110.24	110.31	110.32	110.64	110.64	110.82	108.54	110.82	108.66	108.89	109.04	109.23	109.19	109.37	109.42	109.63
3	109.65	109.65	109.72	109.89	110.00	110.08	110.11	110.43	110.43	110.61	108.31	110.60	108.46	108.68	108.84	109.03	108.96	109.15	109.19	109.41
4	109.42	109.41	109.48	109.68	109.74	109.89	109.85	110.22	110.14	110.40	108.11	110.33	108.27	108.50	108.61	108.73	108.77	108.91	108.96	109.13
5	109.21	109.08	109.22	109.41	109.53	109.66	109.62	109.98	109.93	110.14	107.75	110.07	108.06	108.32	108.38	108.53	108.53	108.70	108.73	108.89
6	108.92	108.89	108.91	109.09	109.23	109.38	109.30	109.69	109.60	109.77	107.54	109.73	107.73	108.01	108.07	108.21	108.22	108.40	108.43	108.59
7	108.68	108.57	108.72	108.85	109.02	109.06	109.06	109.46	109.41	109.52	107.15	109.48	107.35	107.78	107.84	107.98	107.85	108.15	108.18	108.26
8	108.35	108.28	108.40	108.53	108.68	108.71	108.75	109.11	109.07	109.19	106.80	109.17	107.00	107.47	107.53	107.68	107.52	107.85	107.90	107.96
9	107.99	107.91	108.09	108.23	108.28	108.43	108.45	108.77	108.73	108.83	106.45	108.81	106.62	107.10	107.22	107.38	107.11	107.56	107.56	107.66
10	107.62	107.53	107.78	107.94	108.00	108.13	108.18	108.45	108.39	108.53	106.05	108.42	106.19	106.78	106.93	107.08	106.74	107.22	107.23	107.36
11	107.25	107.16	107.40	107.55	107.53	107.72	107.77	108.07	108.03	108.13	105.64	108.04	106.19	106.38	106.37	106.78	106.29	106.85	106.84	106.93
12	106.90	106.81	107.08	107.24	107.22	107.43	107.45	107.71	107.75	107.80	105.24	107.71	105.85	106.04	105.98	106.41	105.90	106.53	106.47	106.52
13	106.52	106.45	106.71	106.87	106.84	107.07	107.12	107.37	107.38	107.46	104.88	107.37	105.55	105.68	105.59	106.07	105.63	106.17	106.09	106.10
14	106.17	106.22	106.35	106.52	106.58	106.84	106.81	107.02	107.02	107.09	104.88	107.12	105.25	105.37	105.33	105.70	105.29	105.82	105.75	105.70
16	105.84	105.94	106.04	106.21	106.27	106.50	106.48	106.69	106.64	106.77	104.78	106.82	104.88	105.37	105.02	105.37	105.00	105.49	105.42	105.50
17	105.52	105.59	105.71	105.86	105.97	106.16	106.14	106.38	106.25	106.41	104.57	106.51	104.61	105.21	104.70	105.02	104.63	105.14	105.11	105.20
18	105.19	105.23	105.40	105.58	105.67	105.90	105.84	106.06	105.92	105.94	104.33	106.19	104.27	104.97	104.36	104.74	104.31	104.85	104.84	104.72
19	104.86	104.88	105.08	105.26	105.36	105.55	105.52	105.68	105.52	105.73	104.10	105.82	103.95	104.59	104.00	104.37	103.94	104.50	104.49	104.51
20	104.53	104.51	104.73	104.87	105.06	105.21	105.12	105.38	105.04	105.38	103.88	105.45	103.61	104.43	103.71	104.07	103.63	104.18	104.20	104.18
21	104.27	104.20	104.40	104.57	104.73	104.85	104.77	105.07	104.85	105.04	103.57	105.13	103.16	104.23	103.37	103.69	103.31	103.85	103.70	103.83
22	103.89	103.86	104.04	104.30	104.29	104.55	104.41	104.76	104.53	104.69	103.33	104.77	103.04	103.76	103.06	103.35	102.97	103.48	103.46	103.51
23	103.62	103.61	103.79	104.07	104.04	104.30	104.18	104.52	104.28	104.44	103.10	104.54	102.81	103.60	102.80	103.09	102.74	103.23	103.03	103.26
24	103.28	103.32	103.49	103.78	103.75	104.00	103.87	104.22	103.96	104.14	102.93	104.22	102.65	103.26	102.80	102.75	102.43	102.89	102.64	102.97
25	102.94	103.05	103.17	103.48	103.46	103.67	103.56	103.94	103.65	103.82	102.72	103.87	102.43	102.90	102.65	102.44	102.12	102.57	102.43	102.62
26	102.61	102.81	102.91	103.24	103.23	103.46	103.32	103.69	103.40	103.56	102.53	103.62	102.20	102.79	102.44	102.00	101.91	102.35	102.22	102.39
27	102.30	102.46	102.59	102.98	102.92	103.10	103.01	103.42	103.12	103.27	102.42	103.30	102.08	102.65	102.31	101.63	101.61	102.08	101.93	102.10
28	101.90	102.11	102.21	102.60	102.54	102.69	102.62	103.02	102.75	102.86	102.27	102.88	101.90	102.47	102.09	101.18	101.21	101.68	101.53	101.75
29	101.58	101.78	101.95	102.25	102.23	102.36	102.35	102.74	102.43	102.59	101.98	102.56	101.61	102.20	101.82	100.82	100.94	101.43	101.24	101.47
30	101.25	101.41	101.63	101.89	101.89	102.03	101.99	102.38	102.05	102.26	101.82	102.20	101.37	102.01	101.61	100.43	100.59	101.07	100.92	101.15
31	101.02	101.13	101.27	101.59	101.58	101.64	101.73	101.98	101.71	101.91	101.56	101.82	101.07	101.74	101.39	100.03	100.21	100.76	100.56	100.79
32	100.63	100.87	100.99	101.28	101.33	101.34	101.40	101.63	101.45	101.66	101.35	101.53	100.82	101.49	101.19	99.65	99.94	100.47	100.29	100.50
33	100.43	100.51	100.66	100.97	100.96	101.08	101.10	101.27	101.09	101.36	101.12	101.17	100.64	101.29	101.06	99.32	99.61	100.47	99.92	100.20
34	100.04	100.14	100.33	100.69	100.67	100.76	100.81	100.94	100.79	101.06	100.86	100.85	100.35	101.13	100.79	98.96	99.31	100.31	99.64	99.91
35	99.66	99.79	99.97	100.36	100.29	100.43	100.49	100.62	100.46	100.63	100.66	100.57	100.20	100.94	100.60	98.52	98.91	100.10	99.18	99.57
36	99.31	99.46	99.67	99.98	99.95	100.09	100.15	100.29	100.16	100.20	100.42	100.22	99.96	100.67	100.40	98.12	98.61	99.68	98.83	99.20
37	98.99	99.10	99.35	99.63	99.62	99.76	99.82	99.97	99.84	99.81	100.23	99.88	99.71	100.46	100.12	97.92	98.30	99.31	98.53	98.89
38	98.56	98.73	99.06	99.32	99.28	99.42	99.52	99.70	99.53	99.37	100.03	99.62	99.44	100.22	99.91	97.54	97.99	99.01	98.22	98.57
39	98.36	98.29	98.72	99.01	98.98	99.10	99.20	99.46	99.13	98.96	99.81	99.25	99.21	100.00	99.70	97.25	97.63	98.60	97.91	98.26
40	98.05	97.96	98.38	98.68	98.65	98.79	98.89	99.14	98.83	98.54	99.57	98.91	98.95	99.81	99.47	96.87	97.30	98.32	97.63	97.93
41	97.67	97.62	98.04	98.32	98.30	98.43	98.53	98.81	98.48	98.13	99.38	98.53	98.73	99.53	99.26	96.50	97.30	97.95	97.30	97.57
42	97.31	97.23	97.69	98.00	98.00	98.11	98.18	98.46	98.12	97.92	99.13	98.24	98.42	99.31	99.02	96.16	97.09	97.63	96.95	97.23
43	97.04	96.99	97.44	97.71	97.70	97.83	97.83	98.20	97.90	97.66	98.90	97.97	98.21	99.09	98.77	95.84	96.88	97.50	96.62	96.92
44	96.79	96.78	97.19	97.50	97.45	97.61	97.62	97.99	97.66	97.48	98.71	97.70	98.06	98.90	98.53	95.60	96.70	97.31	96.39	96.71
45	96.59	96.58	96.97	97.29	97.22	97.41	97.41	97.79	97.48	97.26	98.58	97.48	97.93	98.81	98.39	95.35	96.59	97.21	96.17	96.50
46	96.29	96.32	96.65	96.91	96.96	97.05	97.17	97.53	97.15	96.97	98.45	97.24	97.82	98.69	98.26	95.35	96.47	97.10	95.90	96.21
47	96.06	96.11	96.44	96.69	96.76	96.80	96.94	97.27	96.95	96.71	98.28	97.04	97.58	98.55	98.05	95.25	96.30	96.96	95.67	96.02
48	95.82	95.87	96.23	96.48	96.57	96.60	96.74	97.06	96.74	96.51	98.15	96.84	97.46	98.41	97.89	95.11	96.16	96.83	95.47	95.63
49	95.50	95.53	95.91	96.15	96.22	96.20	96.39	96.74	96.40	96.16	98.04	96.47	97.33	98.32	97.76	94.97	96.05	96.51	95.13	95.25
50	95.13	95.20	95.60	95.78	95.87	95.87	96.08	96.38	96.06	95.83	97.73	96.15	97.09	98.10	97.51	94.73	95.81	96.16	94.73	95.01
51	94.95	94.99	95.38	95.58	95.52	95.69	95.87	96.08	95.86	95.64	97.48	95.94	96.79	97.82	97.22	94.51	95.59	95.99	94.53	94.80
52	94.46	94.71	95.04	95.27	95.14	95.38	95.53	95.82	95.52	95.38	97.38	95.61	96.69	97.71	97.12	94.39	95.48	95.91	94.29	94.49
53	93.98	94.38	94.68	94.92	94.92	95.10	95.23	95.57	95.24	95.05	97.17	95.32	96.48	97.50	96.95	93.98	95.28	95.71	93.96	94.21
54	93.77	94.01	94.34	94.57	94.59	94.83	94.91	95.19	94.94	94.71	97.01	94.99	96.26	97.29	96.72	93.68	95.07	95.46	93.65	93.88
55	93.56	93.82	94.10	94.34	94.37	94.60	94.73	95.00	94.74	94.47	96.74	94.79	96.06	97.09	96.54	93.57	94.78	95.18	93.45	93.66
56	93.35	93.58	93.89	94.13	94.15	94.39	94.52	94.78	94.54	94.29	96.62	94.56	95.93	96.96	96.42	93.44	94.67	95.08	93.24	93.45
57	93.12	93.37	93.68	93.90	93.94	94.17	94.30	94.58	94.32	94.08	96.50	94.37	95.81	96.86	96.31	93.34	94.57	94.97	93.04	93.22
58	92.79	93.15	93.47	93.59	93.62	93.86	94.07	94.38	94.09	93.80	96.39	94.16	95.71	96.75	96.22	93.24	94.47	94.87	92.82	92.92
59	92.47	92.89	93.19	93.30	93.36	93.60	93.81	94.09	93.82	93.56	96.20	93.87	95.60	96.53	96.11	93.09	94.35	94.75	92.51	92.60
60	92.18	92.63	92.96	93.10	93.14	93.35	93.53	93.83	93.59	93.31	96.05	93.59	95.42	96.32	95.94	92.93	94.14	94.56	92.27	92.37
61	91.91	92.33	92.72	92.85	92.89	93.10	93.28	93.55	93.41	93.04	95.92	93.33	95.28	96.16	95.78	92.74	93.99	94.45	92.04	92.13
62	91.71	92.11	92.50	92.63	92.64	92.88	93.07	93.31	93.20	92.80	95.75	93.10	95.15	95.96	95.63	92.56	93.81	94.31	91.81	91.94
63	91.52	91.94	92.26	92.42	92.42	92.63	92.82	93.12	92.94	92.61	95.63	92.92	94.99	95.86	95.52	92.45	93.68	94.18	91.60	91.70
64	91.30	91.75	92.06	92.22	92.21	92.42	92.59	92.84	92.74	92.39	95.53	92.73	94.85	95.75	95.36	92.36	93.54	94.10	91.38	91.51
65	91.10	91.52	91.80	91.97	91.97	92.17	92.35	92.59	92.51	92.18	95.40	92.48	94.75	95.62	95.24	92.23	93.41	93.97	91.13	91.30
66	90.88	91.31	91.60	91.75	91.74	91.96	92.11	92.40	92.31	91.94	95.26	92.27	94.66	95.50	95.07	92.13	93.29	93.83	90.92	91.11
67	90.67	91.09	91.41	91.58	91.54	91.77	91.92	92.20	92.12	91.75	95.13	92.07	94.55	95.38	94.96	92.00	93.19	93.68	90.73	90.90
68	90.46	90.89	91.21	91.32	91.32	91.54	91.73	91.96	91.87	91.48	95.02	91.82	94.44	95.27	94.85	91.92	93.06	93.60	90.50	90.68
69	90.20	90.62	90.94	91.06	91.07	91.29	91.48	91.71	91.62	91.24	94.79	91.63	94.31	95.12	94.70	91.80	92.94	93.50	90.27	90.47
70	90.02	90.41	90.74	90.84	90.86	91.09	91.27	91.50	91.42	91.04	94.64	91.42	94.18	94.94	94.58	91.67	92.79	93.36	90.05	90.26
71	89.79	90.20	90.50	90.64	90.65	90.89	91.05	91.26	91.21	90.85	94.55	91.23	94.08	94.83	94.49	91.58	92.68	93.27	89.83	90.04
72	89.60	89.96	90.29	90.40	90.41	90.67	90.81	91.05	90.96	90.64	94.43	91.03	93.98	94.68	94.33	91.48	92.60	93.12	89.58	89.80
73	89.34	89.73	90.06	90.16	90.19	90.42	90.59	90.81	90.74	90.42	94.30	90.79	93.88	94.54	94.23	91.38	92.49	93.00	89.34	89.57
74	89.08	89.55	89.83	89.92	89.95	90.22	90.37	90.58	90.51	90.21	94.14	90.55	93.80	94.39	94.09	91.24	92.36	92.89	89.12	89.36
75	88.84	89.37	89.60	89.69	89.72	90.02	90.12	90.36	90.29	89.98	94.05	90.34	93.65	94.22	93.96	91.06	92.24	92.75	88.91	89.14
76	88.62	89.16	89.32	89.43	89.53	89.80	89.89	90.14	90.07	89.78	93.93	90.13	93.53	94.08	93.88	90.92	92.15	92.61	88.72	88.93
77	88.41	88.95	89.12	89.22	89.32	89.61	89.70	89.92	89.86	89.59	93.80	89.91	93.41	93.93	93.76	90.77	91.97	92.50	88.48	88.72
78	88.15	88.70	88.88	89.01	89.08	89.33	89.47	89.68	89.65	89.36	93.70	89.67	93.31	93.83	93.65	90.65	91.88	92.41	88.24	88.53
79	87.96	88.51	88.69	88.77	88.85	89.13	89.27	89.47	89.45	89.18	93.51	89.49	93.18	93.64	93.52	90.52	91.74	92.25	88.04	88.31
80	87.73	88.31	88.45	88.55	88.64	88.91	89.06	89.26	89.21	88.96	93.41	89.29	93.06	93.54	93.44	90.42	91.63	92.15	87.81	88.06
81	87.51	88.10	88.23	88.33	88.44	88.65	88.82	89.01	89.02	88.76	93.32	89.07	92.93	93.43	93.29	90.31	91.53	92.03	87.56	87.77
82	87.31	87.89	88.01	88.12	88.23	88.46	88.60	88.79	88.81	88.55	93.18	88.87	92.80	93.31	93.15	90.22	91.43	91.91	87.35	87.57
83	87.07	87.65	87.78	87.93	88.01	88.22	88.38	88.60	88.57	88.34	93.08	88.67	92.71	93.22	93.05	90.11	91.33	91.80	87.16	87.37
84	86.81	87.44	87.56	87.74	87.78	87.98	88.15	88.38	88.34	88.11	92.98	88.45	92.59	93.06	92.94	89.98	91.22	91.69	86.92	87.15
85	86.40	87.22	87.36	87.53	87.49	87.75	87.92	88.14	88.06	87.87	92.85	88.24	92.45	92.94	92.82	89.87	91.09	91.57	86.68	86.94
86	86.16	86.92	87.06	87.18	87.25	87.42	87.58	87.85	87.71	87.56	92.72	87.94	92.29	92.82	92.68	89.78	90.98	91.45	86.37	86.65
87	85.94	86.69	86.83	86.89	87.02	87.22	87.35	87.62	87.50	87.32	92.51	87.67	92.07	92.57	92.48	89.60	90.78	91.24	86.14	86.41
88	85.70	86.49	86.61	86.66	86.74	86.94	87.15	87.40	87.27	87.01	92.36	87.36	91.93	92.41	92.39	89.49	90.67	91.12	85.88	86.18
89	85.44	86.28	86.42	86.46	86.53	86.73	86.92	87.18	87.06	86.77	92.22	87.16	91.78	92.25	92.27	89.24	90.51	90.88	85.68	85.91
90	85.26	86.05	86.22	86.28	86.33	86.50	86.68	86.99	86.85	86.56	92.12	86.94	91.64	92.14	92.17	89.12	90.40	90.77	85.47	85.69
91	85.03	85.86	86.00	86.07	86.10	86.29	86.47	86.74	86.62	86.33	92.01	86.70	91.52	92.03	92.07	89.00	90.27	90.69	85.23	85.47
92	84.83	85.68	85.78	85.87	85.88	86.09	86.28	86.53	86.42	86.14	91.85	86.51	91.38	91.92	91.94	88.89	90.13	90.57	84.97	85.28
93	84.63	85.48	85.56	85.67	85.67	85.87	86.02	86.32	86.19	85.88	91.78	86.31	91.30	91.83	91.83	88.80	90.02	90.43	84.67	85.02
94	84.41	85.26	85.35	85.42	85.46	85.69	85.78	86.12	85.99	85.67	91.69	86.10	91.19	91.69	91.70	88.71	89.91	90.33	84.44	84.79
95	84.22	85.05	85.10	85.21	85.25	85.50	85.58	85.91	85.76	85.45	91.60	85.87	91.08	91.56	91.57	88.60	89.77	90.21	84.24	84.58
96	83.92	84.69	84.84	84.95	84.96	85.50	85.34	85.64	85.52	85.11	91.48	85.63	90.97	91.46	91.46	88.48	89.65	90.08	83.93	84.24
97	83.72	84.48	84.64	84.75	84.77	85.36	85.11	85.43	85.31	84.90	91.31	85.42	90.81	91.32	91.30	88.33	89.52	89.92	83.73	84.05
98	83.46	84.20	84.40	84.55	84.52	85.25	84.86	85.20	85.09	84.67	91.22	85.18	90.71	91.21	91.21	88.19	89.42	89.82	83.50	83.80
99	83.23	83.88	84.13	84.30	84.22	85.09	84.86	84.95	84.79	84.36	91.10	84.91	90.46	90.94	91.08	87.99	89.27	89.66	83.25	83.48
100	83.03	83.68	83.93	84.09	84.02	84.91	84.72	84.74	84.58	84.16	90.93	84.54	90.31	90.78	90.88	87.86	89.10	89.46	83.06	83.27
101	82.66	83.29	83.65	83.74	83.70	84.78	84.34	84.44	84.22	83.77	90.83	84.28	90.19	90.66	90.75	87.73	89.01	89.34	82.70	82.92
102	82.43	83.10	83.42	83.50	83.48	84.57	84.24	84.21	84.02	83.55	90.63	83.91	89.98	90.45	90.53	87.53	88.77	89.10	82.47	82.71
103	82.11	82.74	83.10	83.21	83.17	84.45	83.89	83.81	83.67	83.02	90.53	83.56	89.88	90.34	90.38	87.39	88.65	88.99	82.16	82.37
104	81.82	82.40	82.74	82.91	82.84	84.21	83.60	83.56	83.35	82.78	90.28	83.31	89.68	90.07	90.15	87.18	88.43	88.74	81.87	82.05
105	81.62	82.20	82.54	82.70	82.61	83.97	83.48	83.37	83.13	82.58	90.02	83.08	89.43	89.85	89.90	86.95	88.18	88.54	81.66	81.84
106	81.43	82.00	82.28	82.49	82.36	83.88	83.36	83.17	82.88	82.34	89.92	82.71	89.32	89.76	89.81	86.83	88.08	88.44	81.45	81.58
107	81.12	81.69	81.98	82.12	82.03	83.71	83.09	82.77	82.55	81.84	89.78	82.40	89.23	89.64	89.66	86.72	87.94	88.33	81.14	81.28
108	80.83	81.44	81.67	81.76	81.66	83.52	82.81	82.53	82.24	81.58	89.53	82.00	89.04	89.40	89.44	86.51	87.70	88.16	80.87	80.98
109	80.52	81.07	81.38	81.48	81.40	83.32	82.44	82.21	81.96	81.32	89.36	81.66	88.82	89.24	89.27	86.28	87.50	87.97	80.60	80.70
110	80.20	80.70	81.06	81.17	81.07	83.13	82.10	82.21	81.65	80.89	89.19	81.43	88.64	89.04	89.11	86.10	87.32	87.80	80.60	80.40
111	79.89	80.39	80.81	80.85	80.83	82.88	82.00	81.88	81.35	80.65	88.96	81.16	88.43	88.82	88.88	85.88	87.11	87.58	80.45	80.16
112	79.67	80.18	80.61	80.66	80.63	82.64	81.85	81.77	81.13	80.44	88.73	80.95	88.24	88.63	88.71	85.70	86.94	87.37	80.30	79.94
113	79.37	79.95	80.40	80.43	80.41	82.54	81.75	81.66	80.91	80.12	88.64	80.95	88.13	88.53	88.62	85.59	86.84	87.28	80.21	79.70
114	79.15	79.73	80.17	80.23	80.22	82.39	81.61	81.51	80.70	79.92	88.45	80.87	87.96	88.38	88.48	85.38	86.66	87.11	80.01	79.51
115	78.94	79.53	79.95	80.02	80.00	82.28	81.48	81.42	80.50	79.72	88.34	80.74	87.84	88.26	88.39	85.27	86.55	86.98	79.92	79.31
116	78.70	79.31	79.72	79.80	79.80	82.18	81.36	81.32	80.24	79.52	88.23	80.64	87.74	88.15	88.29	85.16	86.45	86.87	79.82	79.09
117	78.52	79.10	79.54	79.59	79.61	82.07	81.23	81.21	79.99	79.34	88.16	80.52	87.65	88.00	88.15	84.96	86.29	86.75	79.69	78.85
118	78.31	78.87	79.34	79.38	79.41	81.94	81.11	81.12	79.77	79.10	88.08	80.43	87.54	87.89	88.04	84.83	86.17	86.64	79.57	78.63
119	78.09	78.67	79.10	79.16	79.19	81.84	81.00	81.03	79.56	78.87	87.99	80.31	87.42	87.81	87.96	84.72	86.05	86.57	79.46	78.43
120	77.83	78.40	78.85	78.90	78.77	81.74	80.90	80.88	79.29	78.60	87.85	80.20	87.28	87.69	87.84	84.63	85.93	86.44	79.34	78.43
121	77.53	78.11	78.54	78.90	78.42	81.58	80.74	80.69	79.01	78.33	87.67	80.06	87.12	87.51	87.66	84.47	85.78	86.26	78.95	78.31
122	77.19	77.79	78.54	78.74	78.05	81.27	80.48	80.46	78.71	78.00	87.47	79.87	86.96	87.32	87.50	84.28	85.61	86.11	78.61	78.14
123	77.19	77.50	78.38	78.54	77.66	81.10	80.25	80.26	78.71	77.69	87.24	79.64	86.77	87.14	87.31	84.06	85.38	85.87	78.31	77.95
124	77.10	77.20	78.19	78.32	77.28	80.92	80.04	80.11	78.56	77.69	87.07	79.50	86.62	86.98	87.14	83.82	85.20	85.68	78.01	77.75
125	76.84	76.89	77.98	78.12	77.06	80.65	79.77	79.92	78.32	77.54	86.80	79.28	86.44	86.79	86.93	83.62	85.05	85.49	77.70	77.57
126	76.66	76.68	77.79	77.93	76.84	80.45	79.56	79.71	78.13	77.32	86.63	79.11	86.22	86.56	86.73	83.40	84.86	85.26	77.57	77.39
127	76.55	76.48	77.61	77.76	76.65	80.24	79.42	79.55	77.99	77.14	86.48	78.95	86.07	86.38	86.58	83.28	84.72	85.10	77.44	77.24
128	76.45	76.25	77.50	77.67	76.45	80.11	79.31	79.44	77.87	77.01	86.35	78.86	85.95	86.25	86.47	83.16	84.60	84.99	77.32	77.12
129	76.33	76.01	77.39	77.54	76.21	79.99	79.17	79.33	77.75	76.87	86.21	78.73	85.83	86.17	86.35	83.02	84.46	84.86	77.20	77.00
130	76.21	75.80	77.23	77.43	75.98	79.87	79.02	79.19	77.60	76.73	86.07	78.60	85.68	86.06	86.25	82.79	84.37	84.77	77.08	76.87
131	76.06	75.56	77.11	77.30	75.72	79.73	78.89	79.07	77.44	76.62	85.96	78.48	85.49	85.96	86.12	82.64	84.25	84.68	76.97	76.77
132	75.93	75.34	76.99	77.12	75.51	79.60	78.77	78.94	77.31	76.49	85.85	78.30	85.34	85.84	85.97	82.49	84.15	84.55	76.87	76.64
133	75.84	75.11	76.89	77.01	75.29	79.51	78.65	78.84	77.20	76.40	85.73	78.19	85.24	85.74	85.87	82.41	84.02	84.45	76.78	76.54
134	75.74	75.11	76.78	76.91	75.00	79.42	78.55	78.73	77.09	76.27	85.64	78.10	85.13	85.62	85.77	82.29	83.89	84.34	76.68	76.44
135	75.59	74.95	76.64	76.71	74.77	79.26	78.39	78.57	76.94	76.12	85.40	77.97	85.00	85.49	85.64	82.13	83.75	84.18	76.52	76.28
136	75.48	74.84	76.53	76.61	74.53	79.16	78.29	78.47	76.83	76.00	85.28	77.85	84.86	85.39	85.54	82.01	83.64	84.08	76.41	76.20
137	75.34	74.70	76.42	76.50	74.31	79.04	78.14	78.38	76.65	75.85	85.19	77.74	84.75	85.27	85.41	81.85	83.50	83.92	76.29	76.09
138	75.20	74.57	76.31	76.39	74.09	78.93	78.00	78.27	76.55	75.76	85.10	77.63	84.63	85.13	85.31	81.71	83.41	83.81	76.16	76.00
139	75.07	74.43	76.18	76.27	73.80	78.80	77.87	78.17	76.41	75.64	84.97	77.55	84.51	85.04	85.20	81.60	83.27	83.70	76.05	75.88
140	74.99	74.26	76.10	76.14	73.52	78.65	77.75	78.03	76.27	75.52	84.81	77.43	84.41	84.89	85.08	81.50	83.16	83.60	75.89	75.78
141	74.85	74.12	75.94	75.99	73.52	78.52	77.58	77.81	76.12	75.44	84.61	77.24	84.30	84.72	84.95	81.34	83.02	83.48	75.75	75.61
142	74.67	73.94	75.75	75.81	73.40	78.38	77.45	77.65	75.96	75.27	84.43	77.05	84.16	84.57	84.79	81.17	82.89	83.29	75.58	75.43
143	74.54	73.83	75.65	75.67	73.29	78.23	77.34	77.53	75.86	75.19	84.33	76.96	84.05	84.48	84.68	81.06	82.74	83.16	75.47	75.33
144	74.44	73.73	75.52	75.56	73.18	78.12	77.21	77.42	75.76	75.09	84.20	76.81	83.95	84.35	84.57	80.96	82.62	83.06	75.38	75.22
145	74.33	73.60	75.38	75.39	73.07	78.01	77.10	77.30	75.64	74.94	84.10	76.67	83.83	84.23	84.44	80.82	82.49	82.93	75.28	75.11
146	74.22	73.50	75.29	75.28	72.96	77.91	77.00	77.15	75.54	74.83	84.00	76.57	83.74	84.13	84.34	80.72	82.36	82.83	75.15	75.00
147	74.07	73.38	75.16	75.13	72.85	77.80	76.88	76.99	75.40	74.71	83.87	76.46	83.62	84.02	84.21	80.62	82.23	82.70	75.03	74.91
148	73.97	73.28	75.07	75.01	72.76	77.68	76.79	76.87	75.29	74.63	83.76	76.33	83.51	83.89	84.07	80.51	82.14	82.61	74.94	74.77
149	73.86	73.16	74.92	74.92	72.62	77.54	76.68	76.77	75.18	74.55	83.60	76.23	83.40	83.76	83.95	80.36	82.02	82.48	74.85	74.63
150	73.71	73.02	74.79	74.77	72.48	77.42	76.54	76.62	75.07	74.44	83.40	76.07	83.27	83.61	83.78	80.24	81.93	82.38	74.73	74.50
151	73.51	72.86	74.62	74.61	72.30	77.25	76.35	76.43	74.92	74.29	83.24	75.91	83.15	83.47	83.62	80.03	81.75	82.20	74.56	74.36
152	73.34	72.75	74.52	74.45	72.16	77.08	76.25	76.32	74.79	74.18	83.14	75.75	83.03	83.36	83.52	79.93	81.61	82.08	74.46	74.24
153	73.16	72.61	74.42	74.35	72.04	76.94	76.09	76.17	74.59	74.03	83.04	75.64	82.92	83.22	83.35	79.83	81.46	81.98	74.30	74.13
154	73.04	72.49	74.29	74.23	71.93	76.81	75.97	76.03	74.48	73.92	82.95	75.53	82.81	83.10	83.22	79.73	81.32	81.86	74.20	74.01
155	72.89	72.38	74.14	74.06	71.81	76.70	75.81	75.88	74.29	73.81	82.76	75.43	82.66	82.96	83.05	79.60	81.21	81.74	74.04	73.90
156	72.74	72.25	73.99	73.92	71.66	76.56	75.68	75.80	74.16	73.67	82.61	75.28	82.54	82.80	82.88	79.47	81.05	81.58	73.87	73.76
157	72.63	72.15	73.89	73.73	71.51	76.43	75.60	75.66	73.99	73.56	82.48	75.13	82.45	82.65	82.64	79.31	80.85	81.47	73.73	73.57
158	72.53	72.03	73.78	73.63	71.41	76.35	75.47	75.53	73.89	73.48	82.37	75.01	82.31	82.56	82.52	79.21	80.76	81.34	73.61	73.47
159	72.39	71.88	73.63	73.50	71.29	76.24	75.29	75.37	73.76	73.35	82.23	74.88	82.19	82.44	82.39	79.07	80.64	81.20	73.45	73.30
160	72.25	71.73	73.48	73.39	71.15	76.08	75.15	75.26	73.63	73.26	82.12	74.73	82.05	82.27	82.27	78.95	80.50	81.06	73.31	73.19
161	72.12	71.60	73.40	73.29	71.06	75.98	75.05	75.13	73.49	73.15	82.02	74.62	81.92	82.16	82.17	78.84	80.40	80.94	73.19	73.06
162	72.01	71.51	73.28	73.18	70.93	75.89	74.89	75.03	73.37	73.02	81.92	74.48	81.78	82.04	82.06	78.68	80.29	80.79	73.06	72.93
163	71.91	71.39	73.21	73.07	70.83	75.80	74.77	74.93	73.27	72.94	81.84	74.40	81.63	81.95	81.97	78.59	80.21	80.71	72.96	72.84
164	71.78	71.28	73.05	72.94	70.74	75.70	74.62	74.79	73.19	72.86	81.73	74.31	81.51	81.86	81.85	78.51	80.10	80.61	72.84	72.72
165	71.63	71.10	72.94	72.80	70.61	75.60	74.49	74.64	73.10	72.76	81.62	74.19	81.38	81.75	81.75	78.37	80.01	80.52	72.70	72.58
166	71.48	70.99	72.83	72.63	70.45	75.48	74.34	74.49	73.01	72.66	81.54	74.06	81.27	81.65	81.64	78.26	79.92	80.43	72.54	72.45
167	71.34	70.90	72.70	72.53	70.33	75.36	74.25	74.39	72.92	72.51	81.42	73.94	81.15	81.53	81.54	78.16	79.83	80.30	72.43	72.30
168	71.23	70.73	72.57	72.41	70.17	75.26	74.14	74.29	72.80	72.33	81.28	73.82	81.05	81.43	81.41	78.01	79.73	80.16	72.30	72.19
169	71.09	70.62	72.46	72.23	70.05	75.09	74.03	74.17	72.65	72.21	81.14	73.72	80.94	81.31	81.26	77.90	79.61	80.04	72.14	72.09
170	71.00	70.53	72.32	72.13	69.98	75.00	73.91	74.07	72.54	72.12	81.05	73.61	80.85	81.18	81.15	77.79	79.44	79.90	72.05	71.99
171	70.91	70.39	72.22	71.99	69.87	74.87	73.76	73.96	72.43	72.01	80.87	73.49	80.70	81.01	81.06	77.64	79.31	79.77	71.88	71.86
172	70.80	70.29	72.12	71.88	69.78	74.77	73.67	73.87	72.31	71.92	80.76	73.39	80.58	80.89	80.96	77.52	79.20	79.64	71.76	71.76
173	70.66	70.17	72.01	71.77	69.67	74.68	73.55	73.77	72.19	71.81	80.66	73.31	80.50	80.79	80.86	77.42	79.09	79.52	71.68	71.65
174	70.55	70.04	71.89	71.66	69.55	74.59	73.43	73.65	72.08	71.69	80.57	73.19	80.37	80.66	80.75	77.30	79.00	79.40	71.57	71.54
175	70.37	69.91	71.72	71.50	69.44	74.45	73.28	73.50	71.92	71.55	80.46	73.04	80.27	80.51	80.62	77.17	78.82	79.26	71.43	71.38
176	70.25	69.81	71.61	71.40	69.34	74.35	73.18	73.38	71.81	71.41	80.36	72.92	80.19	80.39	80.52	77.07	78.71	79.13	71.31	71.20
177	70.13	69.69	71.51	71.30	69.24	74.22	73.06	73.26	71.72	71.28	80.24	72.79	80.06	80.29	80.42	76.99	78.61	79.01	71.18	71.08
178	69.95	69.55	71.36	71.18	69.14	74.07	72.92	73.09	71.57	71.09	80.11	72.63	79.93	80.10	80.29	76.80	78.46	78.83	71.00	70.95
179	69.86	69.44	71.24	71.03	68.98	73.96	72.82	73.00	71.48	71.00	80.02	72.51	79.80	80.00	80.16	76.68	78.34	78.69	70.89	70.82
180	69.76	69.32	71.16	70.88	68.88	73.83	72.69	72.91	71.38	70.88	79.89	72.41	79.68	79.88	80.05	76.56	78.22	78.55	70.78	70.70
181	69.63	69.16	71.05	70.73	68.74	73.70	72.55	72.78	71.27	70.72	79.78	72.26	79.52	79.77	79.92	76.43	78.10	78.43	70.66	70.56
182	69.49	69.03	70.89	70.58	68.59	73.56	72.44	72.61	71.15	70.51	79.62	72.09	79.36	79.59	79.80	76.27	78.01	78.30	70.49	70.37
183	69.38	68.95	70.78	70.47	68.48	73.47	72.34	72.49	71.02	70.39	79.50	71.99	79.24	79.48	79.69	76.18	77.91	78.19	70.39	70.25
184	69.22	68.83	70.65	70.34	68.38	73.29	72.19	72.39	70.91	70.20	79.40	71.83	79.11	79.32	79.46	76.06	77.76	78.09	70.30	70.10
185	69.07	68.68	70.51	70.17	68.18	73.13	72.03	72.18	70.76	70.07	79.25	71.69	78.95	79.07	79.31	75.91	77.65	77.94	70.11	69.95
186	68.94	68.59	70.39	70.03	68.00	72.97	71.91	72.03	70.67	69.93	79.12	71.60	78.83	78.91	79.19	75.82	77.49	77.85	70.00	69.86
187	68.83	68.49	70.29	69.94	67.87	72.87	71.78	71.90	70.58	69.79	79.02	71.50	78.71	78.84	79.08	75.71	77.37	77.73	69.90	69.74
188	68.70	68.35	70.15	69.80	67.79	72.74	71.67	71.79	70.46	69.65	78.89	71.43	78.56	78.68	78.93	75.60	77.25	77.60	69.80	69.59
189	68.61	68.23	70.02	69.70	67.69	72.61	71.57	71.67	70.35	69.53	78.79	71.32	78.47	78.56	78.84	75.50	77.14	77.51	69.68	69.47
190	68.44	68.10	69.82	69.58	67.55	72.47	71.40	71.52	70.22	69.35	78.69	71.18	78.34	78.40	78.70	75.34	77.01	77.33	69.58	69.35
191	68.29	67.97	69.65	69.43	67.37	72.34	71.26	71.38	70.05	69.18	78.55	71.07	78.23	78.26	78.55	75.16	76.86	77.17	69.41	69.21
192	68.16	67.85	69.55	69.30	67.26	72.21	71.16	71.25	69.92	69.01	78.44	70.96	78.13	78.15	78.41	75.00	76.74	77.03	69.29	69.10
193	68.06	67.75	69.43	69.17	67.17	72.12	71.05	71.15	69.83	68.90	78.35	70.88	78.02	78.05	78.32	74.88	76.64	76.94	69.18	69.01
194	67.96	67.64	69.32	69.07	67.09	72.02	70.92	71.05	69.72	68.76	78.26	70.72	77.94	77.92	78.21	74.79	76.53	76.85	69.06	68.90
195	67.86	67.55	69.23	68.98	66.97	71.92	70.83	70.96	69.59	68.65	78.14	70.60	77.81	77.81	78.12	74.66	76.42	76.73	68.94	68.81
196	67.77	67.42	69.10	68.88	66.85	71.80	70.71	70.84	69.47	68.52	78.04	70.50	77.70	77.72	78.01	74.56	76.33	76.64	68.84	68.69
197	67.64	67.27	68.98	68.74	66.72	71.64	70.58	70.71	69.34	68.39	77.90	70.35	77.60	77.56	77.83	74.43	76.23	76.52	68.72	68.57
198	67.53	67.14	68.88	68.60	66.56	71.54	70.45	70.61	69.23	68.29	77.76	70.24	77.50	77.39	77.72	74.34	76.10	76.42	68.55	68.43
199	67.40	66.98	68.74	68.43	66.43	71.41	70.33	70.46	69.07	68.15	77.59	70.07	77.35	77.26	77.58	74.22	75.97	76.25	68.41	68.28
200	67.28	66.90	68.64	68.32	66.30	71.30	70.22	70.34	68.94	68.03	77.48	69.95	77.23	77.13	77.49	74.12	75.86	76.14	68.29	68.20
201	67.15	66.78	68.48	68.16	66.18	71.17	70.08	70.20	68.82	67.85	77.37	69.77	77.11	77.00	77.34	73.98	75.73	75.96	68.16	68.07
202	67.03	66.66	68.39	68.06	66.08	71.05	69.96	70.09	68.71	67.74	77.26	69.67	77.00	76.90	77.23	73.87	75.63	75.85	68.07	67.98
203	66.84	66.47	68.21	67.88	65.91	70.90	69.74	69.92	68.53	67.64	77.10	69.49	76.85	76.71	77.05	73.67	75.40	75.69	67.89	67.80
204	66.69	66.31	68.06	67.73	65.77	70.77	69.62	69.77	68.39	67.46	77.00	69.31	76.71	76.54	76.93	73.50	75.26	75.53	67.76	67.62
205	66.46	66.12	67.86	67.54	65.59	70.60	69.41	69.59	68.22	67.31	76.85	69.17	76.57	76.42	76.72	73.31	75.11	75.37	67.59	67.47
206	66.26	65.97	67.71	67.33	65.40	70.44	69.26	69.44	68.06	67.18	76.71	68.99	76.38	76.31	76.55	73.15	74.97	75.25	67.44	67.29
207	66.16	65.87	67.60	67.22	65.27	70.32	69.14	69.33	67.97	67.04	76.62	68.86	76.24	76.18	76.44	73.02	74.88	75.16	67.33	67.15
208	66.00	65.73	67.46	67.11	65.12	70.19	69.02	69.16	67.83	66.93	76.44	68.67	76.10	76.06	76.31	72.90	74.75	75.03	67.21	67.00
209	65.88	65.62	67.34	66.97	65.00	70.06	68.89	69.05	67.70	66.84	76.29	68.54	75.97	75.96	76.16	72.79	74.63	74.92	67.11	66.90
210	65.78	65.51	67.23	66.86	64.88	69.97	68.81	68.97	67.62	66.75	76.19	68.43	75.85	75.85	76.06	72.66	74.51	74.79	66.99	66.79
211	65.68	65.43	67.10	66.75	64.77	69.84	68.71	68.88	67.47	66.64	76.09	68.31	75.72	75.73	75.94	72.55	74.38	74.68	66.88	66.69
212	65.57	65.34	66.97	66.64	64.67	69.72	68.60	68.78	67.32	66.51	75.93	68.18	75.57	75.57	75.81	72.43	74.25	74.56	66.72	66.58
213	65.48	65.23	66.87	66.52	64.56	69.60	68.46	68.68	67.23	66.38	75.83	68.08	75.46	75.46	75.69	72.35	74.14	74.45	66.59	66.47
214	65.38	65.11	66.74	66.43	64.44	69.51	68.32	68.54	67.09	66.28	75.73	67.96	75.34	75.35	75.59	72.24	74.02	74.34	66.47	66.35
215	65.27	64.98	66.64	66.34	64.31	69.41	68.21	68.44	66.98	66.18	75.62	67.85	75.20	75.27	75.48	72.12	73.92	74.24	66.34	66.26
216	65.19	64.87	66.52	66.24	64.22	69.30	68.12	68.36	66.88	66.10	75.51	67.73	75.10	75.18	75.37	72.03	73.78	74.13	66.24	66.14
217	65.09	64.74	66.39	66.15	64.09	69.22	68.00	68.23	66.78	65.99	75.38	67.62	74.97	75.08	75.25	71.89	73.68	74.02	66.11	66.06
218	65.00	64.65	66.30	66.04	63.99	69.14	67.88	68.10	66.68	65.88	75.26	67.49	74.86	74.95	75.14	71.77	73.55	73.91	66.01	65.94
	64.88	64.54	66.18	65.90	63.86	69.00	67.74	67.96	66.55	65.77	75.15	67.38	74.74	74.82	75.03	71.63	73.45	73.78	65.87	65.82
