88.70
88.48
88.25
88.04
87.76
87.56
87.36
87.04
86.73
86.42
86.11
85.71
85.32
85.01
84.71
84.51
84.19
83.84
83.67
83.46
83.14
82.83
82.51
82.20
81.87
81.55
81.26
80.92
80.60
80.24
79.97
79.61
79.25
78.98
78.68
78.41
78.08
77.75
77.44
77.13
76.78
76.45
76.24
76.05
75.85
75.61
75.40
75.19
75.00
74.81
74.60
74.38
74.18
73.92
73.59
73.27
72.95
72.74
72.54
72.13
71.92
71.61
71.38
71.10
70.91
70.69
70.48
70.23
70.03
69.83
69.53
69.27
68.91
68.63
68.27
68.09
67.91
67.70
67.37
67.15
66.97
66.71
66.51
66.30
66.09
65.87
65.65
65.40
65.13
64.88
64.70
64.49
64.30
64.08
63.86
63.67
63.33
63.03
62.71
62.41
62.11
61.78
61.45
61.13
60.93
60.71
60.42
60.14
60.14
60.04
59.92
59.82
59.69
59.57
59.45
59.38
59.26
59.14
58.98
58.87
58.68
58.57
58.47
58.34
58.17
58.06
57.95
57.86
57.74
57.61
57.49
57.36
57.26
57.16
57.03
56.92
56.81
56.66
56.53
56.42
56.33
56.18
56.06
55.92
55.82
55.70
55.60
55.50
55.38
55.27
55.16
55.06
54.94
54.81
54.71
54.62
54.55
54.45
54.34
54.22
54.12
54.04
53.93
53.81
53.70
53.60
53.49
53.39
53.29
53.15
53.06
52.94
52.81
52.70
52.58
52.44
52.34
52.22
52.12
52.03
51.92
51.79
51.67
