85.78
85.56
85.35
85.15
84.87
84.68
84.46
84.16
83.88
83.57
83.28
82.87
82.58
82.27
81.96
81.69
81.34
81.04
80.85
80.63
80.30
79.96
79.66
79.38
79.10
78.79
78.48
78.12
77.81
77.46
77.22
76.93
76.59
76.29
76.02
75.72
75.36
75.01
74.69
74.41
74.10
73.77
73.56
73.32
73.14
72.92
72.69
72.49
72.30
72.09
71.87
71.66
71.45
71.20
70.98
70.69
70.37
70.09
69.90
69.59
69.28
68.97
68.74
68.54
68.31
68.09
67.90
67.66
67.45
67.24
66.93
66.67
66.38
66.10
65.78
65.56
65.35
65.11
64.82
64.61
64.40
64.17
63.97
63.75
63.52
63.29
63.04
62.81
62.57
62.32
62.12
61.91
61.69
61.49
61.25
61.07
60.75
60.39
60.04
59.74
59.39
59.06
58.75
58.44
58.25
58.04
57.78
57.47
57.47
57.37
57.25
57.12
57.02
56.91
56.77
56.67
56.55
56.41
56.26
56.15
55.98
55.84
55.73
55.61
55.47
55.38
55.27
55.13
55.00
54.80
54.67
54.55
54.44
54.33
54.19
54.08
53.98
53.84
53.74
53.62
53.51
53.27
53.13
53.05
52.94
52.84
52.71
52.61
52.47
52.34
52.23
52.14
52.02
51.89
51.79
51.70
51.56
51.47
51.37
51.26
51.13
51.01
50.92
50.84
50.73
50.60
50.47
50.37
50.27
50.15
50.03
49.92
49.78
49.67
49.55
49.40
49.32
49.21
49.07
48.98
48.85
48.70
48.56
