86.60
86.38
86.18
85.98
85.70
85.51
85.28
84.92
84.64
84.36
84.04
83.66
83.31
82.99
82.72
82.43
82.10
81.79
81.57
81.38
81.04
80.75
80.42
80.13
79.81
79.52
79.18
78.82
78.50
78.20
77.89
77.43
77.08
76.71
76.35
76.01
75.80
75.46
75.10
74.83
74.53
74.20
74.01
73.79
73.61
73.40
73.20
72.98
72.76
72.54
72.29
72.08
71.85
71.64
71.25
70.87
70.57
70.40
70.19
69.73
69.55
69.24
69.02
68.79
68.60
68.41
68.20
67.96
67.73
67.53
67.21
66.93
66.58
66.31
65.99
65.76
65.55
65.32
65.01
64.79
64.59
64.33
64.14
63.92
63.70
63.49
63.27
63.06
62.80
62.56
62.32
62.10
61.89
61.68
61.42
61.23
60.90
60.62
60.27
59.98
59.69
59.39
59.07
58.74
58.53
58.32
58.07
57.82
57.53
57.33
57.13
56.90
56.67
56.46
56.23
56.02
55.76
55.50
55.32
55.32
55.23
55.10
55.00
54.89
54.74
54.65
54.53
54.42
54.28
54.10
54.00
53.88
53.79
53.69
53.54
53.43
53.32
53.19
53.09
52.97
52.87
52.75
52.62
52.50
52.40
52.27
52.15
52.04
51.91
51.78
51.65
51.55
51.44
51.33
51.20
51.09
50.96
50.85
50.76
50.67
50.53
50.44
50.32
50.21
50.11
49.99
49.84
49.73
49.63
49.47
49.38
49.26
49.15
49.01
48.90
48.80
48.71
48.58
48.47
48.37
48.24
48.11
47.98
