87.07
86.83
86.65
86.43
86.18
85.97
85.74
85.41
85.08
84.81
84.48
84.08
83.79
83.51
83.19
82.88
82.54
82.23
82.04
81.83
81.53
81.17
80.88
80.60
80.31
79.99
79.66
79.35
79.03
78.65
78.29
77.92
77.60
77.30
76.96
76.67
76.33
76.04
75.70
75.41
75.10
74.77
74.56
74.36
74.13
73.92
73.68
73.47
73.25
73.03
72.79
72.58
72.33
72.11
71.91
71.62
71.29
71.03
70.83
70.47
70.18
69.84
69.61
69.36
69.14
68.93
68.71
68.44
68.22
68.00
67.71
67.44
67.12
66.80
66.51
66.29
66.09
65.89
65.54
65.33
65.13
64.84
64.63
64.40
64.18
63.97
63.75
63.56
63.34
63.06
62.85
62.61
62.39
62.18
61.94
61.76
61.42
61.15
60.82
60.59
60.30
59.98
59.63
59.30
59.09
58.88
58.64
58.36
58.10
57.87
57.67
57.46
57.27
57.05
56.82
56.59
56.35
56.35
56.23
56.14
55.97
55.85
55.76
55.66
55.47
55.37
55.25
55.13
55.00
54.84
54.70
54.59
54.47
54.36
54.22
54.08
53.97
53.84
53.74
53.60
53.48
53.26
53.11
53.03
52.94
52.82
52.69
52.58
52.46
52.36
52.24
52.14
52.03
51.93
51.82
51.71
51.58
51.49
51.38
51.26
51.13
51.02
50.94
50.83
50.70
50.57
50.44
50.32
50.22
50.11
50.01
49.92
49.80
49.68
49.56
49.43
49.33
49.23
49.12
49.02
48.91
48.79
48.66
