86.41
86.18
85.99
85.76
85.45
85.24
85.04
84.75
84.50
84.18
83.83
83.50
83.20
82.89
82.60
82.31
82.01
81.68
81.46
81.23
80.91
80.61
80.29
79.95
79.65
79.32
79.00
78.70
78.38
78.06
77.78
77.46
77.15
76.88
76.54
76.22
75.88
75.54
75.17
74.86
74.52
74.18
73.97
73.75
73.55
73.36
73.15
72.91
72.70
72.48
72.22
72.02
71.81
71.61
71.43
71.13
70.80
70.49
70.27
69.94
69.63
69.30
69.10
68.90
68.67
68.47
68.26
68.02
67.81
67.57
67.27
66.98
66.61
66.29
65.97
65.79
65.60
65.38
65.05
64.85
64.62
64.31
64.11
63.92
63.71
63.50
63.29
63.04
62.81
62.81
62.70
62.62
62.50
62.38
62.29
62.16
61.86
61.52
61.17
60.85
60.52
60.20
59.84
59.50
59.36
59.24
59.09
58.90
58.73
58.56
58.44
58.32
58.23
58.07
58.00
57.89
57.76
57.58
57.42
57.32
57.13
57.01
56.92
56.79
56.66
56.55
56.44
56.32
56.19
56.04
55.95
55.81
55.69
55.55
55.43
55.29
55.19
55.06
54.97
54.85
54.73
54.52
54.39
54.29
54.20
54.08
53.97
53.85
53.74
53.63
53.50
53.39
53.29
53.14
53.05
52.94
52.81
52.69
52.58
52.47
52.37
52.27
52.14
52.02
51.90
51.78
51.70
51.58
51.48
51.34
51.20
51.12
50.98
50.89
50.75
50.64
50.55
50.47
50.35
50.27
50.15
50.01
49.91
