87.16
86.93
86.70
86.46
86.15
85.95
85.73
85.41
84.99
84.66
84.35
83.91
83.55
83.18
82.98
82.64
82.29
81.97
81.75
81.55
81.26
80.78
80.39
80.02
79.62
79.26
78.87
78.51
78.16
77.96
77.47
77.28
76.89
76.59
76.29
76.00
75.61
75.29
74.96
74.74
74.44
74.13
73.94
73.70
73.48
73.26
73.08
72.85
72.64
72.45
72.20
72.00
71.79
71.53
71.31
70.99
70.69
70.36
70.12
69.84
69.53
69.21
69.00
68.76
68.58
68.38
68.15
67.90
67.67
67.47
67.10
66.78
66.47
66.15
65.80
65.55
65.32
65.09
64.81
64.59
64.40
64.18
63.95
63.74
63.51
63.31
63.13
62.89
62.64
62.40
62.18
61.97
61.74
61.54
61.32
61.12
60.82
60.48
60.16
59.87
59.58
59.24
58.89
58.56
58.33
58.12
57.85
57.85
57.75
57.57
57.47
57.36
57.24
57.13
56.97
56.86
56.73
56.62
56.44
56.33
56.13
56.02
55.87
55.77
55.63
55.55
55.42
55.31
55.22
55.07
54.98
54.87
54.76
54.63
54.51
54.36
54.24
54.09
53.97
53.88
53.77
53.66
53.52
53.40
53.31
53.17
53.06
52.93
52.82
52.71
52.59
52.47
52.36
52.27
52.18
52.08
51.96
51.85
51.75
51.65
51.53
51.43
51.30
51.19
51.06
50.94
50.83
50.69
50.59
50.45
50.33
50.21
50.11
49.99
49.88
49.75
49.65
49.49
49.39
49.27
49.16
49.00
48.87
