89.17
88.95
88.77
88.57
88.28
88.08
87.85
87.53
87.20
86.91
86.56
86.19
85.88
85.49
85.27
84.92
84.69
84.39
84.14
83.94
83.64
83.34
83.02
82.68
82.33
81.91
81.59
81.26
81.08
80.68
80.34
79.98
79.62
79.34
79.02
78.75
78.41
78.07
77.81
77.51
77.21
76.89
76.67
76.45
76.21
75.99
75.75
75.51
75.30
75.10
74.87
74.67
74.42
74.20
73.99
73.70
73.39
73.14
72.77
72.40
72.01
71.78
71.55
71.32
71.11
70.90
70.70
70.45
70.21
70.04
69.72
69.40
69.09
68.79
68.46
68.22
68.00
67.80
67.46
67.24
67.03
66.80
66.60
66.36
66.15
65.90
65.70
65.47
65.20
64.96
64.76
64.57
64.33
64.13
63.88
63.68
63.38
63.10
62.78
62.55
62.22
61.91
61.56
61.22
61.00
60.75
60.47
60.19
59.93
59.72
59.50
59.29
59.08
58.88
58.65
58.42
58.17
57.92
57.70
57.44
57.20
57.01
56.80
56.53
56.33
56.11
55.90
55.70
55.70
55.57
55.47
55.35
55.25
55.14
55.01
54.92
54.79
54.65
54.50
54.38
54.26
54.06
53.92
53.81
53.71
53.60
53.50
53.40
53.27
53.17
53.06
52.96
52.84
52.73
52.62
52.52
52.42
52.32
52.22
52.12
52.00
51.90
51.77
51.64
51.53
51.43
51.29
51.16
51.07
50.94
50.82
50.73
50.57
50.47
50.35
50.22
50.14
50.03
49.93
49.81
49.70
49.56
49.44
