89.36
89.13
88.92
88.73
88.42
88.21
87.98
87.68
87.34
87.04
86.72
86.38
86.11
85.78
85.42
85.14
84.83
84.62
84.36
84.01
83.62
83.27
82.97
82.62
82.30
82.01
81.68
81.37
81.07
80.67
80.37
79.99
79.65
79.38
79.08
78.76
78.44
78.07
77.80
77.44
77.25
76.92
76.69
76.47
76.26
76.05
75.84
75.64
75.46
75.23
75.01
74.80
74.62
74.37
74.13
73.80
73.50
73.17
72.97
72.66
72.35
72.01
71.76
71.55
71.33
71.09
70.87
70.63
70.40
70.20
69.89
69.60
69.28
68.96
68.62
68.39
68.19
67.96
67.67
67.47
67.27
66.97
66.78
66.56
66.34
66.09
65.87
65.65
65.65
65.55
65.37
65.25
65.14
65.05
64.93
64.81
64.70
64.50
64.30
64.06
63.85
63.66
63.44
63.23
63.01
62.87
62.77
62.58
62.44
62.28
62.16
62.04
61.93
61.80
61.70
61.52
61.43
61.30
61.14
61.04
60.91
60.81
60.69
60.59
60.41
60.31
60.18
60.07
59.97
59.84
59.74
59.63
59.51
59.42
59.29
59.15
59.05
58.92
58.83
58.72
58.60
58.37
58.27
58.16
58.06
57.94
57.81
57.71
57.58
57.44
57.34
57.25
57.15
57.05
56.95
56.84
56.70
56.58
56.50
56.42
56.31
56.21
56.10
55.98
55.85
55.76
55.63
55.49
55.38
55.27
55.17
55.08
54.95
54.86
54.76
54.66
54.57
54.43
54.32
54.21
54.07
53.92
53.80
