1	1	1	1	1	1	1	1	1	1	1	1	1	1	1	1	1	1	1	1	1
2	2	2	2	2	2	2	2	2	2	2	2	2	2	2	2	2	2	2	2	2
3	3	3	3	3	3	3	3	3	3	3	3	3	3	3	3	3	3	3	3	3
4	4	4	4	4	4	4	4	4	4	4	4	4	4	4	4	4	4	4	4	4
5	5	5	5	5	5	5	5	5	5	5	5	5	5	5	5	5	5	4	5	5
6	6	6	6	6	6	6	6	6	6	6	6	6	6	6	6	6	6	4	6	6
7	7	7	7	7	7	7	7	7	7	7	7	7	7	7	7	6	7	4	7	7
8	8	8	8	8	8	8	8	8	8	8	8	8	8	8	8	6	8	4	8	8
9	9	8	9	9	9	9	9	9	9	9	9	9	9	9	9	6	9	4	9	9
10	10	8	10	10	10	10	10	10	10	10	10	10	10	10	10	6	10	4	10	10
11	11	8	11	11	11	11	11	11	11	11	11	11	11	11	11	7	11	4	11	11
12	12	9	12	12	12	12	12	12	12	12	12	12	12	12	11	8	12	4	12	12
13	13	10	13	13	13	13	13	12	13	13	13	13	13	13	11	8	13	4	13	13
14	14	11	13	14	14	14	14	12	14	14	14	14	14	14	11	9	14	4	14	14
15	15	12	14	14	15	15	15	12	15	15	15	15	15	15	11	10	15	4	15	15
16	16	13	14	14	16	16	16	13	16	16	16	16	16	16	11	11	16	4	16	16
17	17	14	15	14	17	17	17	14	17	17	17	17	17	17	11	12	17	4	17	17
18	18	15	16	15	18	18	18	15	18	18	18	18	18	18	11	13	18	4	18	18
19	19	16	17	16	19	19	19	16	19	19	19	19	19	19	11	14	19	4	19	19
20	20	17	18	17	20	20	20	17	20	20	20	20	20	20	11	14	20	4	20	20
21	21	18	19	18	21	21	21	18	21	21	21	21	21	21	11	14	21	4	21	21
22	22	19	20	18	21	22	22	19	22	22	22	22	22	22	11	14	22	4	22	22
23	23	20	21	18	21	23	23	20	23	23	23	23	23	23	11	14	23	4	23	23
24	24	21	22	18	21	24	24	21	24	24	24	24	24	24	11	14	24	4	24	24
25	25	22	23	18	21	25	25	22	24	25	25	25	25	25	11	14	25	4	25	25
26	26	23	23	18	21	26	26	23	24	26	26	26	26	26	11	14	26	4	26	26
27	27	24	23	18	21	27	27	24	24	27	27	27	27	27	11	14	27	4	27	27
28	28	25	23	18	21	28	28	25	25	28	28	28	28	28	11	14	28	4	28	28
29	29	26	24	18	21	29	29	26	26	29	29	29	29	29	11	14	29	4	29	29
30	30	27	25	19	21	30	30	27	27	30	30	30	30	30	11	14	30	4	30	30
31	31	28	26	19	21	31	31	28	28	31	31	31	31	31	11	14	31	4	31	31
32	31	29	27	20	21	32	32	29	29	32	32	32	32	32	11	14	32	4	32	32
33	31	29	28	21	21	33	33	30	30	33	33	33	33	33	11	14	33	4	33	33
34	31	29	29	21	21	34	34	31	31	34	34	34	34	34	11	15	34	4	33	34
35	31	29	30	21	22	35	35	32	32	35	35	35	35	35	11	15	35	4	33	35
36	31	29	31	21	22	36	36	33	33	36	36	36	36	36	11	15	36	4	33	36
37	32	30	32	21	22	37	37	34	34	37	37	37	37	37	11	15	37	4	33	37
38	33	30	33	22	22	38	37	35	35	38	38	38	38	38	11	15	38	4	33	38
39	34	31	34	22	22	39	37	36	36	39	39	39	39	39	11	16	39	4	33	39
40	35	32	35	23	23	40	37	37	37	40	40	40	40	40	11	16	40	4	33	40
41	36	33	36	24	23	41	37	38	38	41	41	41	41	41	11	17	41	4	33	41
42	37	34	37	25	24	42	37	39	39	42	42	42	42	42	11	18	42	4	33	42
43	38	35	38	26	25	43	37	40	40	43	43	43	43	43	11	19	43	4	33	43
44	39	36	39	27	26	44	37	41	41	44	44	44	44	44	11	20	44	4	33	44
45	40	37	40	28	27	45	37	42	42	45	45	45	45	45	11	21	45	4	33	45
46	41	38	41	29	28	46	37	43	43	46	46	46	46	46	11	22	46	4	33	46
47	42	39	42	30	29	47	37	44	44	47	47	47	47	47	11	23	47	4	33	47
48	43	40	43	31	30	48	37	45	45	48	48	48	48	48	11	24	48	4	33	48
49	44	41	44	32	31	49	37	46	46	49	49	49	49	49	11	25	49	4	33	49
50	45	42	45	33	32	50	37	47	47	50	50	50	50	50	11	26	50	4	33	50
51	46	43	46	34	33	51	37	48	48	51	51	51	51	51	11	27	51	4	33	51
52	47	44	47	35	34	52	37	49	49	52	52	52	52	52	11	28	52	4	33	52
53	48	45	48	36	35	53	37	50	50	53	53	53	53	53	11	29	53	4	33	53
54	49	46	49	37	36	54	37	51	51	54	54	54	54	54	11	30	54	4	33	54
55	50	47	50	38	37	55	37	51	52	55	55	55	55	55	11	31	55	4	33	55
56	51	48	51	39	38	56	37	51	53	56	56	55	56	56	11	32	56	4	33	56
57	52	49	52	40	39	57	37	51	54	57	57	55	57	57	11	33	57	4	33	57
58	53	50	53	41	40	58	37	52	55	58	58	55	58	58	11	34	58	4	33	58
59	54	51	54	42	41	59	37	53	56	59	59	55	59	59	11	35	59	4	33	59
60	55	52	55	43	42	60	37	53	57	60	60	55	60	60	11	36	60	4	33	60
61	56	53	56	44	43	61	37	54	58	61	61	55	61	61	11	37	61	4	33	61
62	57	54	57	45	44	62	37	55	59	62	62	55	62	62	11	38	62	4	33	62
63	58	55	58	46	45	63	37	56	60	63	63	55	63	63	11	39	63	4	33	63
64	59	56	59	47	46	64	37	57	61	64	64	55	64	64	11	40	64	4	33	64
65	60	57	60	48	47	65	37	58	62	65	65	55	65	65	11	41	65	4	33	65
66	61	58	61	49	48	66	37	59	63	66	66	55	66	66	11	42	66	4	33	66
67	62	59	62	50	49	67	37	60	64	67	67	55	67	67	11	43	67	4	33	67
68	63	60	63	51	50	68	37	61	65	68	67	55	68	68	11	44	68	4	33	68
69	64	61	64	52	51	69	37	62	66	69	67	55	69	69	11	45	69	4	33	69
70	65	62	65	53	52	70	37	63	67	70	67	55	70	69	11	46	70	4	33	70
71	66	63	66	54	53	71	37	64	68	71	67	55	71	69	11	47	71	4	33	71
72	67	64	67	55	54	72	37	65	69	72	67	55	72	69	11	48	72	4	33	72
73	68	65	68	56	55	73	37	66	70	73	67	55	73	69	11	49	73	4	33	73
74	69	66	69	57	56	74	37	67	71	74	67	55	74	69	11	50	74	4	33	74
75	70	67	70	58	57	75	37	68	72	75	67	55	75	70	11	51	75	4	33	75
76	71	68	71	59	58	76	37	69	73	76	67	55	76	71	11	52	76	4	33	76
77	72	69	72	60	59	77	37	70	74	77	67	55	77	72	11	53	77	4	33	77
78	73	70	73	61	60	78	37	71	75	78	67	55	78	72	11	54	78	4	33	78
79	74	71	74	62	61	79	37	72	76	79	67	55	79	73	11	55	79	4	33	79
80	75	72	75	63	62	80	37	73	77	80	67	55	80	74	11	56	80	4	33	80
81	76	73	76	64	63	81	37	74	78	81	67	55	81	75	11	57	81	4	33	81
83	77	74	77	65	64	82	37	75	79	82	67	55	82	75	11	58	82	4	33	82
84	78	75	78	66	65	83	37	76	80	83	67	55	83	75	11	59	83	4	33	83
85	79	76	79	67	66	84	37	77	81	84	67	55	84	75	11	60	84	4	33	84
86	80	77	80	68	67	85	37	78	82	85	67	55	85	75	11	61	85	4	33	85
87	81	78	81	69	68	86	37	79	83	86	67	55	86	75	11	62	86	4	33	86
88	82	79	82	70	69	87	37	80	84	87	67	55	87	75	11	63	87	4	33	87
89	83	80	83	71	70	88	37	81	85	88	67	55	88	75	11	64	88	4	33	88
90	84	81	84	71	71	89	37	82	86	89	67	55	89	75	11	65	89	4	33	89
91	85	82	85	71	72	90	37	83	87	90	67	55	90	75	11	66	89	4	33	90
92	86	83	86	71	73	91	37	84	88	91	67	55	91	75	11	67	89	4	33	91
93	87	84	87	71	74	92	37	85	89	92	67	55	92	75	11	68	89	4	33	92
94	88	85	88	71	75	93	37	86	90	93	67	55	93	75	11	69	89	4	33	93
95	89	86	89	71	76	94	37	87	91	94	67	55	94	75	11	70	89	4	33	94
96	90	87	90	71	77	95	37	88	92	95	67	55	95	75	11	71	89	4	33	95
97	91	88	91	71	78	96	37	89	93	96	67	55	96	75	11	72	89	4	33	96
98	92	89	92	71	79	97	37	90	94	97	67	55	97	75	11	72	89	4	33	97
99	93	90	93	71	80	98	37	91	95	98	67	55	98	75	11	72	89	4	33	98
100	94	91	94	71	81	99	37	92	96	99	67	55	99	75	11	72	89	4	33	99
101	95	92	95	71	82	100	37	93	97	100	67	55	100	75	11	72	89	4	33	100
102	96	93	96	71	83	101	37	94	98	101	67	55	100	75	11	72	89	4	33	101
103	97	94	97	71	84	102	37	95	99	102	67	55	100	75	11	72	89	4	33	102
104	98	95	98	71	85	103	37	96	100	103	67	55	100	75	11	72	89	4	33	103
105	99	96	99	71	86	104	37	97	101	104	67	55	100	75	11	72	89	4	33	104
106	100	97	100	71	87	105	37	98	102	105	67	55	100	75	11	72	89	4	33	105
107	101	98	101	71	88	106	37	99	103	106	67	55	100	75	11	72	89	4	33	106
108	102	99	102	71	88	107	37	100	104	107	67	55	100	75	11	72	89	4	33	107
109	103	99	103	71	88	108	37	101	105	108	67	55	100	75	11	72	89	4	33	108
110	103	99	104	71	88	109	37	101	106	109	67	55	100	75	11	72	89	4	33	108
111	103	99	105	71	88	110	37	101	107	110	67	55	100	75	11	72	89	4	33	108
112	103	99	106	71	88	111	37	101	108	111	67	55	100	75	11	72	89	4	33	108
113	103	99	107	71	88	112	37	101	109	112	67	55	100	75	11	72	89	4	33	108
114	103	99	108	71	88	113	37	101	110	113	67	55	100	75	11	72	89	4	33	108
115	103	99	109	71	88	114	37	101	111	114	67	55	100	75	11	72	89	4	33	108
116	103	99	110	71	88	115	37	101	112	115	67	55	100	75	11	72	89	4	33	108
117	103	99	111	71	88	116	37	101	113	116	67	55	100	75	11	72	89	4	33	108
118	103	99	112	71	88	117	37	101	114	117	67	55	100	75	11	72	89	4	33	108
119	103	99	113	71	88	118	37	101	115	117	67	55	100	75	11	72	89	4	33	108
120	103	99	114	71	88	119	37	101	116	117	67	55	100	75	11	72	89	4	33	108
121	103	99	115	71	88	119	37	101	117	117	67	55	100	75	11	72	89	4	33	108
122	103	99	116	71	88	119	37	101	118	117	67	55	100	75	11	72	89	4	33	108
123	103	99	117	71	88	119	37	101	119	117	67	55	100	75	11	72	89	4	33	108
124	103	99	118	71	88	119	37	101	120	117	67	55	100	75	11	72	89	4	33	108
125	103	99	119	71	88	119	37	101	120	117	67	55	100	75	11	72	89	4	33	108
126	103	99	120	71	88	119	37	101	120	117	67	55	100	75	11	72	89	4	33	108
127	103	99	121	71	88	119	37	101	120	117	67	55	100	75	11	72	89	4	33	108
128	103	99	122	71	88	119	37	101	120	117	67	55	100	75	11	72	89	4	33	108
129	103	99	123	71	88	119	37	101	120	117	67	55	100	75	11	72	89	4	33	108
130	103	99	123	71	88	119	37	101	120	117	67	55	100	75	11	72	89	4	33	108
131	103	99	123	71	88	119	37	101	120	117	67	55	100	75	11	72	89	4	33	108
132	103	99	123	71	88	119	37	101	120	117	67	55	100	75	11	72	89	4	33	108
133	103	99	123	71	88	119	37	101	120	117	67	55	100	75	11	72	89	4	33	108
134	103	99	123	71	88	119	37	101	120	117	67	55	100	75	11	72	89	4	33	108
135	103	99	123	71	88	119	37	101	120	117	67	55	100	75	11	72	89	4	33	108
136	103	99	123	71	88	119	37	101	120	117	67	55	100	75	11	72	89	4	33	108
137	103	99	123	71	88	119	37	101	120	117	67	55	100	75	11	72	89	4	33	108
138	103	99	123	71	88	119	37	101	120	117	67	55	100	75	11	72	89	4	33	108
139	103	99	123	71	88	119	37	101	120	117	67	55	100	75	11	72	89	4	33	108
140	103	99	123	71	88	119	37	101	120	117	67	55	100	75	11	72	89	4	33	108
141	103	99	123	71	88	119	37	101	120	117	67	55	100	75	11	72	89	4	33	108
142	103	99	123	71	88	119	37	101	120	117	67	55	100	75	11	72	89	4	33	108
143	103	99	123	71	88	119	37	101	120	117	67	55	100	75	11	72	89	4	33	108
144	103	99	123	71	88	119	37	101	120	117	67	55	100	75	11	72	89	4	33	108
145	103	99	123	71	88	119	37	101	120	117	67	55	100	75	11	72	89	4	33	108
146	103	99	123	71	88	119	37	101	120	117	67	55	100	75	11	72	89	4	33	108
147	103	99	123	71	88	119	37	101	120	117	67	55	100	75	11	72	89	4	33	108
148	103	99	123	71	88	119	37	101	120	117	67	55	100	75	11	72	89	4	33	108
149	103	99	123	71	88	119	37	101	120	117	67	55	100	75	11	72	89	4	33	108
150	103	99	123	71	88	119	37	101	120	117	67	55	100	75	11	72	89	4	33	108
151	103	99	123	71	88	119	37	101	120	117	67	55	100	75	11	72	89	4	33	108
152	103	99	123	71	88	119	37	101	120	117	67	55	100	75	11	72	89	4	33	108
153	103	99	123	71	88	119	37	101	120	117	67	55	100	75	11	72	89	4	33	108
154	103	99	123	71	88	119	37	101	120	117	67	55	100	75	11	72	89	4	33	108
155	103	99	123	71	88	119	37	101	120	117	67	55	100	75	11	72	89	4	33	108
156	103	99	123	71	88	119	37	101	120	117	67	55	100	75	11	72	89	4	33	108
157	103	99	123	71	88	119	37	101	120	117	67	55	100	75	11	72	89	4	33	108
158	103	99	123	71	88	119	37	101	120	117	67	55	100	75	11	72	89	4	33	108
159	103	99	123	71	88	119	37	101	120	117	67	55	100	75	11	72	89	4	33	108
160	103	99	123	71	88	119	37	101	120	117	67	55	100	75	11	72	89	4	33	108
161	103	99	123	71	88	119	37	101	120	117	67	55	100	75	11	72	89	4	33	108
162	103	99	123	71	88	119	37	101	120	117	67	55	100	75	11	72	89	4	33	108
163	103	99	123	71	88	119	37	101	120	117	67	55	100	75	11	72	89	4	33	108
164	103	99	123	71	88	119	37	101	120	117	67	55	100	75	11	72	89	4	33	108
165	103	99	123	71	88	119	37	101	120	117	67	55	100	75	11	72	89	4	33	108
166	103	99	123	71	88	119	37	101	120	117	67	55	100	75	11	72	89	4	33	108
167	103	99	123	71	88	119	37	101	120	117	67	55	100	75	11	72	89	4	33	108
168	103	99	123	71	88	119	37	101	120	117	67	55	100	75	11	72	89	4	33	108
169	103	99	123	71	88	119	37	101	120	117	67	55	100	75	11	72	89	4	33	108
170	103	99	123	71	88	119	37	101	120	117	67	55	100	75	11	72	89	4	33	108
171	103	99	123	71	88	119	37	101	120	117	67	55	100	75	11	72	89	4	33	108
172	103	99	123	71	88	119	37	101	120	117	67	55	100	75	11	72	89	4	33	108
173	103	99	123	71	88	119	37	101	120	117	67	55	100	75	11	72	89	4	33	108
174	103	99	123	71	88	119	37	101	120	117	67	55	100	75	11	72	89	4	33	108
175	103	99	123	71	88	119	37	101	120	117	67	55	100	75	11	72	89	4	33	108
176	103	99	123	71	88	119	37	101	120	117	67	55	100	75	11	72	89	4	33	108
177	103	99	123	71	88	119	37	101	120	117	67	55	100	75	11	72	89	4	33	108
178	103	99	123	71	88	119	37	101	120	117	67	55	100	75	11	72	89	4	33	108
179	103	99	123	71	88	119	37	101	120	117	67	55	100	75	11	72	89	4	33	108
180	103	99	123	71	88	119	37	101	120	117	67	55	100	75	11	72	89	4	33	108
181	103	99	123	71	88	119	37	101	120	117	67	55	100	75	11	72	89	4	33	108
182	103	99	123	71	88	119	37	101	120	117	67	55	100	75	11	72	89	4	33	108
183	103	99	123	71	88	119	37	101	120	117	67	55	100	75	11	72	89	4	33	108
