86.34
86.11
85.91
85.68
85.46
85.25
85.06
84.83
84.52
84.24
83.95
83.62
83.32
83.00
82.67
82.32
81.99
81.70
81.37
81.04
80.73
80.43
80.22
79.94
79.63
79.29
78.95
78.57
78.25
77.99
77.79
77.57
77.25
77.07
76.73
76.47
76.26
76.08
75.81
75.36
74.98
74.80
74.48
74.15
73.80
73.43
73.06
72.69
72.40
72.20
71.99
71.78
71.58
71.39
71.08
70.79
70.47
70.23
69.90
69.56
69.23
68.92
68.58
68.25
67.88
67.58
67.23
66.88
66.56
66.27
65.93
65.62
65.40
65.19
64.97
64.74
64.52
64.34
64.15
63.95
63.73
63.50
63.28
63.09
62.90
62.64
62.45
62.22
62.03
61.79
61.59
61.39
61.19
61.00
60.78
60.57
60.23
59.94
59.65
59.35
59.09
58.77
58.58
58.32
58.11
57.92
57.73
57.50
57.21
57.01
56.79
56.58
56.37
56.14
55.90
55.68
55.49
55.29
55.08
54.81
54.53
54.23
53.88
53.54
53.23
53.04
52.74
52.43
52.43
52.29
52.18
52.08
52.00
51.92
51.80
51.71
51.59
51.41
51.27
51.16
51.04
50.93
50.84
50.75
50.59
50.47
50.37
50.26
50.16
50.04
49.93
49.82
49.70
49.58
49.48
49.37
49.28
49.17
49.09
49.00
48.88
48.77
48.66
48.54
48.42
48.31
48.20
48.11
47.98
47.88
47.75
47.64
