77.14
76.90
76.71
76.48
76.26
76.03
75.84
75.61
75.31
74.99
74.69
74.33
74.03
73.73
73.41
73.04
73.04
72.94
72.76
72.51
72.32
72.07
71.88
71.70
71.50
71.32
71.07
70.82
70.62
70.42
70.22
70.11
69.96
69.76
69.64
69.53
69.36
69.18
69.08
68.86
68.64
68.43
68.20
68.01
67.76
67.50
67.29
67.10
66.84
66.62
66.52
66.43
66.32
66.21
66.09
65.85
65.62
65.43
65.24
65.01
64.79
64.55
64.36
64.14
63.90
63.64
63.41
63.19
62.96
62.71
62.51
62.29
62.09
61.98
61.86
61.77
61.65
61.56
61.41
61.31
61.19
61.07
60.94
60.82
60.71
60.60
60.48
60.38
60.28
60.19
60.09
59.98
59.87
59.76
59.67
59.53
59.43
59.24
59.02
58.83
58.62
58.44
58.24
58.13
57.97
57.87
57.76
57.67
57.56
57.42
57.31
57.18
57.06
56.95
56.87
56.74
56.63
56.54
56.43
56.32
56.15
55.93
55.70
55.46
55.25
55.02
54.93
54.74
54.51
54.27
54.14
54.04
53.95
53.84
53.73
53.63
53.51
53.36
53.25
53.13
53.03
52.92
52.79
52.68
52.50
52.39
52.28
52.18
52.06
51.97
51.86
51.77
51.67
51.57
51.46
51.34
51.24
51.13
51.04
50.93
50.79
50.68
50.54
50.45
50.35
50.25
50.14
50.03
49.90
49.77
49.68
49.56
