97.49
97.28
97.10
96.88
96.66
96.43
96.22
95.93
95.60
95.30
94.99
94.77
94.41
94.09
93.75
93.39
93.08
92.82
92.55
92.28
91.94
91.64
91.33
90.98
90.63
90.23
89.88
89.55
89.25
88.95
88.75
88.53
88.24
88.02
87.81
87.54
87.23
87.02
86.76
86.39
86.11
85.79
85.49
85.13
84.77
84.46
84.15
83.82
83.51
83.31
83.09
82.90
82.70
82.52
82.20
81.86
81.57
81.27
80.93
80.60
80.27
79.91
79.56
79.22
78.88
78.58
78.23
77.90
77.58
77.27
76.94
76.61
76.39
76.18
75.97
75.76
75.53
75.31
75.10
74.88
74.67
74.45
74.27
74.05
73.80
73.57
73.35
73.15
72.93
72.68
72.49
72.28
72.09
71.89
71.67
71.46
71.12
70.83
70.54
70.26
69.96
69.64
69.43
69.17
68.97
68.78
68.58
68.37
68.37
68.28
68.17
68.05
67.97
67.84
67.74
67.61
67.52
67.41
67.33
67.22
67.07
66.83
66.60
66.38
66.14
65.94
65.83
65.58
65.35
65.16
65.03
64.91
64.81
64.69
64.59
64.47
64.37
64.23
64.14
64.02
63.90
63.79
63.66
63.57
63.38
63.28
63.17
63.09
62.98
62.88
62.76
62.63
62.53
62.44
62.32
62.20
62.09
61.98
61.89
61.78
61.70
61.57
61.48
61.34
61.23
61.14
61.00
60.90
60.81
60.71
60.58
60.49
