80.31
80.07
79.87
79.66
79.45
79.26
79.06
78.83
78.52
78.23
77.91
77.59
77.25
76.92
76.60
76.27
75.96
75.66
75.41
75.13
74.80
74.50
74.22
73.85
73.58
73.24
72.92
72.63
72.36
72.09
71.89
71.65
71.65
71.56
71.45
71.36
71.17
70.96
70.85
70.70
70.45
70.26
70.03
69.80
69.57
69.34
69.13
68.95
68.75
68.52
68.42
68.30
68.18
68.09
67.98
67.76
67.56
67.36
67.20
66.98
66.75
66.53
66.28
66.03
65.77
65.52
65.29
65.06
64.85
64.62
64.43
64.18
63.95
63.84
63.73
63.60
63.50
63.39
63.27
63.16
63.07
62.96
62.83
62.70
62.58
62.46
62.31
62.20
62.10
61.98
61.89
61.79
61.68
61.57
61.48
61.33
61.25
61.03
60.85
60.65
60.43
60.18
59.97
59.87
59.72
59.60
59.51
59.40
59.28
59.09
58.99
58.87
58.75
58.65
58.53
58.41
58.32
58.20
58.11
58.02
57.87
57.64
57.41
57.20
56.96
56.75
56.64
56.42
56.19
55.96
55.84
55.72
55.60
55.48
55.36
55.26
55.12
54.96
54.84
54.76
54.65
54.55
54.44
54.34
54.17
54.05
53.95
53.85
53.75
53.65
53.54
53.45
53.31
53.18
53.07
52.97
52.87
52.74
52.64
52.56
52.47
52.37
52.26
52.14
52.04
51.95
51.84
51.74
51.61
51.50
51.37
51.23
