95.14
94.92
94.71
94.48
94.28
94.07
93.87
93.65
93.33
93.08
92.77
92.48
92.19
91.86
91.55
91.18
90.86
90.57
90.25
89.93
89.63
89.36
88.97
88.68
88.36
88.05
87.75
87.38
87.20
86.91
86.73
86.48
86.23
86.04
85.82
85.50
85.19
84.97
84.60
84.31
83.98
83.75
83.34
83.05
82.77
82.48
82.23
82.01
81.69
81.49
81.31
81.08
80.88
80.67
80.36
80.05
79.75
79.52
79.21
78.90
78.58
78.27
77.93
77.64
77.32
77.03
76.73
76.42
76.10
75.77
75.49
75.14
74.94
74.73
74.53
74.30
74.10
73.86
73.66
73.47
73.25
73.04
72.83
72.61
72.39
72.14
71.94
71.73
71.54
71.32
71.12
70.92
70.70
70.50
70.26
70.06
69.74
69.45
69.18
68.87
68.56
68.26
68.06
67.78
67.57
67.38
67.17
66.96
66.70
66.50
66.26
66.05
65.85
65.66
65.43
65.21
65.02
64.83
64.65
64.39
64.39
64.23
64.01
63.79
63.54
63.34
63.23
63.00
62.77
62.54
62.42
62.33
62.22
62.12
62.00
61.90
61.79
61.59
61.48
61.37
61.29
61.19
61.07
60.97
60.80
60.68
60.52
60.42
60.32
60.20
60.10
59.98
59.87
59.76
59.65
59.54
59.43
59.32
59.22
59.11
59.00
58.88
58.77
58.65
58.51
58.41
58.29
58.20
58.07
57.98
57.85
57.72
