88.02
87.79
87.59
87.38
87.16
86.93
86.71
86.47
86.16
85.78
85.49
85.15
84.88
84.55
84.33
83.94
83.71
83.41
83.07
82.74
82.41
82.12
81.66
81.30
80.92
80.58
80.20
79.79
79.58
79.26
79.06
78.84
78.51
78.28
78.08
77.77
77.46
77.26
77.02
76.71
76.42
75.92
75.54
75.13
74.76
74.38
73.97
73.74
73.43
73.21
73.00
72.80
72.58
72.39
72.07
71.78
71.48
71.24
70.92
70.58
70.24
69.88
69.55
69.24
68.93
68.61
68.30
67.98
67.66
67.34
67.03
66.69
66.47
66.27
66.09
65.87
65.67
65.46
65.25
65.05
64.83
64.60
64.37
64.18
63.96
63.73
63.54
63.32
63.11
62.91
62.71
62.51
62.31
62.11
61.86
61.55
61.23
60.88
60.56
60.25
59.98
59.80
59.58
59.30
59.11
58.90
58.69
58.50
58.24
58.07
57.88
57.68
57.49
57.28
57.06
56.85
56.65
56.47
56.27
56.01
55.53
55.16
54.76
54.38
54.17
53.81
53.40
53.02
52.79
52.59
52.38
52.17
51.98
51.79
51.57
51.37
51.37
51.27
51.13
51.02
50.92
50.81
50.69
50.60
50.45
50.34
50.20
50.11
50.00
49.89
49.79
49.67
49.56
49.46
49.34
49.22
49.11
49.01
48.91
48.81
48.71
48.60
48.48
48.37
48.28
48.17
48.05
47.94
47.84
47.73
47.61
47.48
