84.71
84.51
84.31
84.08
83.88
83.65
83.44
83.23
82.88
82.55
82.25
81.91
81.55
81.21
80.90
80.54
80.22
79.92
79.58
79.30
78.92
78.64
78.38
78.09
77.74
77.43
77.19
76.87
76.60
76.31
76.12
75.94
75.65
75.45
75.22
74.89
74.56
74.35
74.04
73.74
73.43
73.13
72.82
72.49
72.14
71.80
71.50
71.12
70.77
70.57
70.37
70.16
69.95
69.75
69.40
69.11
68.82
68.53
68.18
67.86
67.55
67.24
66.91
66.59
66.23
65.94
65.58
65.28
64.94
64.63
64.28
63.97
63.74
63.54
63.31
63.11
62.88
62.68
62.50
62.27
62.04
61.82
61.62
61.41
61.19
60.96
60.76
60.56
60.36
60.14
59.93
59.73
59.52
59.33
59.11
58.73
58.32
57.95
57.58
57.20
56.85
56.63
56.45
56.18
55.97
55.78
55.59
55.37
55.15
54.96
54.76
54.57
54.37
54.16
53.93
53.74
53.55
53.36
53.16
53.16
53.07
52.66
52.33
51.98
51.62
51.51
51.17
50.86
50.49
50.39
50.26
50.16
50.03
49.93
49.80
49.70
49.59
49.44
49.34
49.25
49.12
49.01
48.87
48.75
48.58
48.45
48.32
48.22
48.12
48.00
47.87
47.76
47.65
47.51
47.41
47.32
47.22
47.10
46.99
46.91
46.78
46.66
46.55
46.44
46.34
46.24
46.11
45.99
45.86
45.76
45.63
45.50
