73.41
73.22
73.01
72.80
72.58
72.34
72.14
71.76
71.39
71.04
70.66
70.45
70.10
69.77
69.44
69.08
68.75
68.48
68.17
67.88
67.53
67.22
66.89
66.59
66.24
65.84
65.50
65.11
64.85
64.85
64.76
64.66
64.52
64.38
64.29
64.19
64.01
63.78
63.68
63.51
63.32
63.11
62.92
62.70
62.49
62.23
62.00
61.78
61.53
61.31
61.21
61.11
61.00
60.90
60.79
60.55
60.36
60.16
60.01
59.79
59.55
59.35
59.11
58.89
58.70
58.48
58.26
58.03
57.80
57.56
57.34
57.08
56.87
56.76
56.64
56.55
56.44
56.34
56.21
56.08
55.94
55.82
55.70
55.60
55.49
55.35
55.24
55.10
55.00
54.86
54.75
54.65
54.56
54.44
54.34
54.19
54.09
53.83
53.59
53.42
53.23
52.98
52.74
52.64
52.44
52.34
52.26
52.16
52.09
51.96
51.85
51.72
51.60
51.50
51.36
51.25
51.15
51.06
50.96
50.87
50.71
50.48
50.26
50.06
49.79
49.55
49.46
49.23
49.02
48.78
48.66
48.56
48.45
48.35
48.24
48.12
48.02
47.84
47.73
47.63
47.54
47.44
47.35
47.25
47.10
46.98
46.86
46.75
46.66
46.54
46.43
46.30
46.21
46.08
45.96
45.86
45.76
45.65
45.55
45.46
45.37
45.24
45.10
44.99
44.89
44.78
44.66
44.54
44.40
44.29
44.18
