90.79
90.53
90.34
90.12
89.90
89.65
89.45
89.25
88.93
88.66
88.33
87.97
87.65
87.34
86.81
86.39
86.02
85.67
85.46
85.19
84.85
84.44
84.14
83.81
83.48
83.22
82.85
82.59
82.30
82.03
81.81
81.60
81.30
81.07
80.87
80.57
80.30
80.10
79.65
79.30
78.96
78.76
78.34
78.02
77.69
77.39
76.95
76.73
76.42
76.20
75.99
75.77
75.57
75.37
75.04
74.71
74.41
74.16
73.70
73.31
72.91
72.51
72.15
71.75
71.54
71.20
70.86
70.56
70.23
69.90
69.59
69.25
69.04
68.82
68.61
68.38
68.20
68.01
67.78
67.58
67.36
67.15
66.96
66.72
66.50
66.26
66.04
65.84
65.65
65.45
65.26
65.06
64.88
64.69
64.45
64.25
63.94
63.64
63.34
63.03
62.69
62.41
62.20
61.96
61.75
61.56
61.35
61.15
60.88
60.68
60.47
60.26
60.06
59.84
59.63
59.43
59.22
59.02
58.82
58.39
58.00
57.60
57.40
57.04
56.73
56.54
56.20
55.86
55.53
55.31
55.11
54.94
54.74
54.54
54.30
54.08
53.84
53.65
53.44
53.23
53.04
52.85
52.66
52.66
52.54
52.44
52.36
52.26
52.15
52.02
51.93
51.84
51.70
51.59
51.48
51.38
51.28
51.16
51.06
50.96
50.87
50.77
50.63
50.50
50.38
50.27
50.17
50.03
49.92
49.80
49.68
49.55
