1	85.07	70.19	77.26	77.35	90.38
2	84.87	69.95	77.06	77.16	90.17
3	84.68	69.74	76.84	76.97	89.98
4	84.46	69.52	76.63	76.75	89.78
5	84.27	69.30	76.43	76.55	89.58
6	84.05	69.10	76.22	76.33	89.37
7	83.82	68.88	75.95	76.10	89.14
8	83.57	68.63	75.76	75.86	88.89
9	83.34	68.41	75.52	75.65	88.69
10	83.12	68.18	75.31	75.45	88.46
11	82.92	67.97	75.10	75.22	88.24
12	82.69	67.76	74.89	75.03	88.04
13	82.48	67.56	74.69	74.81	87.85
14	82.29	67.36	74.47	74.61	87.65
15	82.08	67.16	74.28	74.43	87.45
16	81.89	66.94	74.07	74.21	87.24
17	81.69	66.74	73.84	74.01	87.04
18	81.48	66.50	73.64	73.81	86.82
19	81.28	66.28	73.43	73.58	86.61
20	81.10	66.05	73.24	73.37	86.41
21	80.92	65.84	73.03	73.17	86.22
22	80.72	65.65	72.82	72.94	86.03
23	80.51	65.44	72.61	72.74	85.81
24	80.27	65.23	72.38	72.47	85.61
25	80.00	65.00	72.17	72.26	85.33
26	79.82	64.78	71.97	72.04	85.12
27	79.61	64.59	71.73	71.82	84.90
28	79.40	64.38	71.52	71.61	84.70
29	79.21	64.19	71.33	71.40	84.52
30	79.00	64.00	71.13	71.20	84.31
31	78.81	63.79	70.92	71.00	84.12
32	78.62	63.60	70.72	70.81	83.91
33	78.40	63.39	70.50	70.60	83.71
34	78.18	63.20	70.30	70.39	83.51
35	77.97	63.00	70.07	70.17	83.30
36	77.76	62.80	69.87	69.97	83.09
37	77.55	62.58	69.67	69.74	82.89
38	77.34	62.37	69.46	69.55	82.70
39	77.10	62.17	69.24	69.33	82.50
40	76.90	61.97	69.02	69.09	82.28
41	76.66	61.75	68.80	68.88	82.06
42	76.45	61.55	68.61	68.67	81.85
43	76.23	61.35	68.42	68.48	81.65
44	76.01	61.14	68.20	68.26	81.44
45	75.83	60.96	67.99	68.07	81.22
46	75.62	60.76	67.78	67.87	81.01
47	75.43	60.58	67.56	67.64	80.81
48	75.22	60.36	67.32	67.41	80.58
49	74.98	60.14	67.12	67.21	80.38
50	74.80	59.93	66.90	67.02	80.18
51	74.60	59.75	66.71	66.82	79.99
52	74.40	59.56	66.51	66.61	79.79
53	74.16	59.35	66.30	66.41	79.57
54	73.97	59.14	66.09	66.21	79.35
55	73.76	58.93	65.89	65.98	79.13
56	73.54	58.70	65.69	65.76	78.90
57	73.31	58.48	65.46	65.54	78.71
58	73.09	58.27	65.26	65.31	78.46
59	72.89	58.05	65.02	65.08	78.24
60	72.67	57.85	64.78	64.87	78.04
61	72.45	57.65	64.58	64.66	77.81
62	72.23	57.43	64.35	64.43	77.63
63	72.01	57.23	64.15	64.22	77.42
64	71.80	57.03	63.91	64.01	77.21
65	71.62	56.78	63.71	63.82	77.00
66	71.39	56.59	63.47	63.58	76.79
67	71.20	56.40	63.27	63.39	76.61
68	71.01	56.20	63.09	63.18	76.39
69	70.83	56.00	62.88	62.98	76.17
70	70.57	55.75	62.67	62.76	75.95
71	70.36	55.51	62.47	62.54	75.72
72	70.15	55.32	62.27	62.32	75.51
73	69.93	55.10	62.06	62.09	75.32
74	69.72	54.90	61.85	61.88	75.09
75	69.51	54.69	61.62	61.67	74.90
76	69.31	54.48	61.44	61.48	74.72
77	69.09	54.28	61.25	61.30	74.52
78	68.87	54.07	61.07	61.11	74.33
79	68.67	53.89	60.87	60.92	74.14
80	68.48	53.68	60.67	60.70	73.94
81	68.26	53.47	60.44	60.49	73.71
82	68.06	53.27	60.19	60.25	73.54
83	67.84	53.06	59.99	60.07	73.29
84	67.62	52.86	59.78	59.85	73.06
85	67.41	52.62	59.55	59.63	72.87
86	67.21	52.38	59.36	59.44	72.67
87	66.96	52.16	59.12	59.21	72.43
88	66.75	51.94	58.87	58.97	72.21
89	66.57	51.74	58.68	58.75	71.99
90	66.33	51.54	58.46	58.54	71.77
91	66.11	51.32	58.27	58.35	71.54
92	65.92	51.11	58.05	58.14	71.33
93	65.70	50.93	57.86	57.94	71.14
94	65.48	50.74	57.67	57.73	70.92
95	65.29	50.55	57.47	57.53	70.72
96	65.06	50.35	57.28	57.35	70.53
97	64.86	50.13	56.99	57.13	70.32
98	64.63	49.91	56.80	56.90	70.09
99	64.39	49.68	56.57	56.69	69.87
100	64.19	49.46	56.34	56.47	69.64
101	63.89	49.46	56.06	56.19	69.33
102	63.69	49.35	55.87	55.99	69.15
103	63.49	49.23	55.66	55.77	68.94
105	63.19	49.13	55.66	55.47	68.63
106	63.00	48.94	55.56	55.27	68.43
107	62.78	48.84	55.46	55.05	68.20
108	62.58	48.72	55.35	54.83	68.01
109	62.39	48.63	55.25	54.64	67.81
110	62.17	48.53	55.16	54.44	67.57
111	61.97	48.40	55.05	54.23	67.38
112	61.78	48.29	54.98	54.02	67.17
113	61.53	48.15	54.88	53.82	66.94
114	61.33	48.05	54.78	53.62	66.68
115	61.12	47.94	54.64	53.39	66.48
116	60.91	47.81	54.47	53.18	66.25
117	60.70	47.69	54.37	52.95	66.02
118	60.49	47.60	54.27	52.73	65.80
119	60.25	47.46	54.14	52.55	65.60
120	60.05	47.33	54.04	52.31	65.41
121	59.85	47.21	53.91	52.11	65.18
122	59.62	47.08	53.83	51.90	64.96
123	59.44	46.95	53.70	51.69	64.77
124	59.13	46.85	53.60	51.69	64.46
125	58.92	46.66	53.37	51.57	64.25
126	58.71	46.57	53.27	51.47	64.02
127	58.51	46.47	53.17	51.38	63.83
128	58.29	46.38	53.06	51.29	63.60
129	58.10	46.27	52.92	51.18	63.42
130	57.88	46.17	52.83	51.08	63.19
131	57.67	46.06	52.73	50.96	63.01
132	57.46	45.94	52.62	50.85	62.81
133	57.26	45.84	52.52	50.72	62.63
134	57.06	45.74	52.44	50.60	62.44
135	56.87	45.63	52.32	50.47	62.23
136	56.65	45.52	52.22	50.37	62.01
137	56.41	45.39	52.09	50.26	61.81
138	56.21	45.29	52.01	50.13	61.63
