119.42
119.23
118.94
118.70
118.29
118.08
117.59
117.05
116.62
116.19
115.76
115.26
114.87
114.87
114.77
114.59
114.42
114.16
113.88
113.63
113.41
113.21
113.11
112.91
112.73
112.51
112.30
112.08
111.87
111.62
111.43
111.31
111.08
110.89
110.73
110.47
110.23
110.02
109.81
109.56
109.38
109.21
108.97
108.85
108.67
108.56
108.40
108.26
108.07
107.84
107.66
107.56
107.38
107.19
107.10
106.98
106.88
106.68
106.43
106.27
106.00
105.89
105.74
105.62
105.46
105.31
105.17
104.95
104.83
104.72
104.59
104.48
104.33
104.20
104.07
103.91
103.76
103.63
103.46
103.35
103.22
103.05
102.89
102.77
102.61
102.39
102.26
102.09
101.96
101.80
101.69
101.58
101.40
101.24
101.08
100.93
100.80
100.64
100.48
100.35
100.20
100.06
99.89
99.73
99.54
99.36
99.07
98.84
98.60
98.40
98.18
97.90
97.70
97.45
97.24
97.05
96.82
96.63
96.35
96.08
95.82
95.69
95.49
95.32
95.23
95.04
94.92
94.74
94.58
94.41
94.29
94.16
93.99
93.87
93.74
93.61
93.47
93.32
93.11
92.95
92.76
92.61
92.47
92.27
92.14
91.94
91.78
91.64
91.53
91.37
91.14
91.02
90.85
90.71
90.58
