119.52
119.32
119.05
118.81
118.51
118.25
117.71
117.27
116.89
116.42
116.42
116.10
115.75
115.43
115.07
114.73
114.34
114.00
113.67
113.33
113.18
112.90
112.80
112.59
112.37
112.11
111.89
111.67
111.47
111.26
111.00
110.90
110.66
110.45
110.26
109.98
109.75
109.56
109.35
109.14
108.92
108.69
108.45
108.30
108.15
108.06
107.92
107.84
107.64
107.46
107.28
107.16
107.01
106.86
106.74
106.62
106.51
106.27
106.05
105.83
105.56
105.41
105.32
105.24
105.13
104.89
104.79
104.57
104.42
104.27
104.13
104.02
103.85
103.70
103.53
103.41
103.24
103.13
103.02
102.89
102.79
102.64
102.40
102.25
102.11
101.88
101.74
101.64
101.53
101.35
101.24
101.12
100.98
100.88
100.72
100.61
100.48
100.29
100.15
100.05
99.90
99.74
99.60
99.48
99.25
99.04
98.83
98.62
98.41
98.17
97.99
97.70
97.51
97.32
97.09
96.91
96.62
96.45
96.20
95.92
95.69
95.48
95.35
95.16
95.08
94.94
94.83
94.69
94.54
94.38
94.26
94.13
93.98
93.77
93.60
93.48
93.35
93.22
93.03
92.89
92.77
92.57
92.40
92.06
91.94
91.82
91.64
91.48
91.36
91.16
90.93
90.82
90.67
90.51
90.39
90.27
