121.69
121.46
121.26
121.03
120.82
120.52
120.23
119.87
119.52
119.15
118.79
118.37
117.99
117.64
117.31
116.97
116.63
116.30
115.97
115.66
115.32
115.11
114.80
114.51
114.20
113.89
113.48
113.21
112.94
112.71
112.38
112.17
111.91
111.65
111.29
110.98
110.69
110.33
109.97
109.65
109.34
108.98
108.75
108.51
108.30
108.09
107.86
107.47
107.11
106.89
106.66
106.33
106.13
105.91
105.68
105.48
105.13
104.74
104.46
104.09
103.90
103.71
103.50
103.27
103.00
102.79
102.51
102.29
102.06
101.83
101.61
101.36
101.13
100.90
100.68
100.39
100.18
99.93
99.72
99.50
99.24
98.97
98.74
98.53
98.24
97.96
97.76
97.55
97.29
97.09
96.87
96.64
96.37
96.10
95.88
95.66
95.42
95.10
94.90
94.56
94.31
94.04
93.78
93.78
93.63
93.39
93.00
92.75
92.63
92.43
92.01
91.83
91.62
91.43
91.27
91.10
90.85
90.65
90.40
90.12
89.80
89.66
89.53
89.41
89.31
89.13
89.04
88.85
88.69
88.50
88.30
88.15
87.95
87.75
87.62
87.50
87.33
87.21
87.06
86.91
86.72
86.60
86.48
86.21
86.10
85.93
85.82
85.65
85.50
85.34
85.07
85.00
84.90
84.79
84.66
84.53
