121.59
121.38
121.07
120.83
120.63
120.29
119.99
119.52
119.18
118.76
118.32
117.88
117.56
117.22
116.93
116.61
116.25
115.91
115.60
115.25
114.97
114.76
114.41
114.10
113.78
113.49
113.18
112.88
112.57
112.22
111.99
111.70
111.44
111.16
110.78
110.44
110.14
109.79
109.46
109.14
108.83
108.53
108.29
108.05
107.83
107.60
107.39
107.10
106.81
106.50
106.27
105.98
105.66
105.40
105.18
104.96
104.63
104.30
103.99
103.63
103.42
103.22
102.98
102.70
102.43
102.21
101.95
101.68
101.48
101.26
101.01
100.79
100.60
100.36
100.14
99.89
99.67
99.39
99.16
98.96
98.70
98.46
98.25
98.00
97.68
97.40
97.20
96.94
96.69
96.47
96.28
96.06
95.78
95.51
95.25
95.01
94.77
94.77
94.64
94.54
94.35
94.24
93.92
93.82
93.43
93.13
93.02
92.83
92.43
92.03
91.71
91.36
91.26
91.06
90.84
90.62
90.39
90.19
89.91
89.68
89.47
89.30
89.14
89.01
88.90
88.72
88.56
88.34
88.14
88.01
87.87
87.68
87.48
87.28
87.11
86.95
86.81
86.68
86.52
86.44
86.24
86.15
86.01
85.80
85.71
85.52
85.38
85.22
85.09
84.94
84.74
84.63
84.46
84.28
84.14
84.04
