119.80
119.60
119.37
119.12
118.92
118.62
118.30
117.94
117.57
117.09
116.45
115.93
115.55
115.28
114.96
114.67
114.32
114.04
113.73
113.38
113.10
112.88
112.88
112.70
112.31
111.93
111.63
111.32
111.20
110.84
110.66
110.55
110.34
110.16
110.00
109.72
109.50
109.31
109.06
108.83
108.62
108.42
108.21
108.07
107.93
107.78
107.64
107.51
107.33
107.13
106.94
106.82
106.68
106.52
106.40
106.22
106.12
105.87
105.64
105.44
105.16
105.05
104.92
104.82
104.72
104.53
104.44
104.15
103.98
103.83
103.69
103.51
103.36
103.23
103.13
102.99
102.86
102.72
102.57
102.44
102.33
102.17
102.01
101.91
101.79
101.59
101.37
101.26
101.13
101.00
100.89
100.77
100.61
100.47
100.29
100.13
100.02
99.80
99.57
99.45
99.24
99.14
98.96
98.84
98.66
98.40
98.20
98.00
97.76
97.55
97.33
97.08
96.88
96.69
96.51
96.35
96.16
95.92
95.68
95.46
95.13
94.99
94.81
94.66
94.58
94.44
94.30
94.14
93.95
93.80
93.66
93.50
93.38
93.18
93.05
92.93
92.79
92.67
92.48
92.36
92.21
92.08
91.89
91.61
91.49
91.25
91.11
90.98
90.87
90.70
90.50
90.38
90.21
90.07
89.95
89.82
