119.56
119.34
119.13
118.87
118.62
118.32
118.01
117.61
117.21
116.78
116.38
115.99
115.61
115.33
115.33
115.19
114.98
114.48
114.32
114.07
113.64
113.47
113.18
112.89
112.76
112.50
112.25
112.05
111.85
111.63
111.39
111.27
111.09
110.93
110.76
110.53
110.32
110.15
109.90
109.66
109.42
109.17
108.98
108.83
108.66
108.54
108.40
108.26
108.03
107.81
107.62
107.51
107.38
107.17
107.00
106.84
106.72
106.51
106.24
106.06
105.79
105.64
105.53
105.36
105.23
105.08
104.94
104.76
104.58
104.47
104.33
104.16
104.02
103.89
103.69
103.56
103.42
103.33
103.17
103.05
102.94
102.76
102.62
102.49
102.38
102.19
101.96
101.84
101.70
101.57
101.46
101.35
101.17
101.02
100.88
100.70
100.59
100.43
100.28
100.15
99.95
99.85
99.67
99.54
99.37
99.15
98.90
98.70
98.51
98.27
98.04
97.76
97.55
97.35
97.15
96.98
96.79
96.54
96.32
96.00
95.73
95.57
95.44
95.29
95.19
95.00
94.87
94.69
94.52
94.37
94.24
94.01
93.84
93.69
93.52
93.44
93.28
93.17
93.00
92.88
92.69
92.57
92.40
92.17
92.06
91.86
91.73
91.56
91.45
91.29
91.09
90.97
90.82
90.69
90.57
90.44
