121.13
120.91
120.70
120.47
120.19
119.87
119.59
119.16
118.78
118.35
117.90
117.52
117.13
116.82
116.52
116.20
115.80
115.49
115.15
114.84
114.48
114.28
113.97
113.66
113.33
112.99
112.68
112.37
112.06
111.76
111.53
111.22
110.91
110.65
110.27
109.96
109.63
109.29
108.98
108.69
108.41
108.05
107.84
107.59
107.32
107.07
106.86
106.52
106.21
105.93
105.71
105.46
105.17
104.96
104.71
104.52
104.21
103.88
103.57
103.22
103.02
102.77
102.55
102.33
102.07
101.84
101.53
101.25
101.02
100.80
100.56
100.30
100.06
99.83
99.60
99.38
99.16
98.89
98.65
98.45
98.19
97.89
97.62
97.39
97.12
96.79
96.59
96.36
96.12
95.88
95.69
95.45
95.20
94.90
94.65
94.43
94.19
93.88
93.62
93.33
93.09
92.84
92.60
92.34
91.98
91.66
91.37
91.03
90.68
90.33
90.00
89.70
89.39
89.08
88.82
88.49
88.22
87.88
87.48
87.15
87.15
87.03
86.88
86.71
86.62
86.43
86.31
86.10
85.91
85.76
85.64
85.45
85.32
85.16
84.98
84.83
84.71
84.57
84.40
84.25
84.14
83.98
83.85
83.60
83.48
83.27
83.14
82.97
82.85
82.69
82.48
82.38
82.24
82.04
81.96
81.83
