121.88
121.66
121.45
121.24
120.99
120.61
120.34
119.89
119.52
119.05
118.60
118.19
117.82
117.48
117.20
116.88
116.36
116.14
115.78
115.40
115.10
114.88
114.55
114.23
113.95
113.62
113.33
113.02
112.70
112.30
112.09
111.76
111.47
111.08
110.62
110.26
109.90
109.51
109.12
108.74
108.55
108.25
108.02
107.75
107.51
107.32
107.08
106.76
106.45
106.17
105.97
105.76
105.49
105.26
105.00
104.79
104.49
104.15
103.82
103.64
103.38
103.14
102.92
102.66
102.30
102.10
101.84
101.62
101.41
101.17
100.95
100.66
100.44
100.22
99.99
99.72
99.51
99.24
99.01
98.79
98.52
98.20
97.98
97.77
97.46
97.19
96.93
96.69
96.45
96.22
95.98
95.73
95.51
95.28
95.05
94.77
94.54
94.29
94.05
93.78
93.54
93.25
92.95
92.66
92.33
91.88
91.51
91.30
90.97
90.51
90.21
89.92
89.61
89.36
89.06
88.74
88.43
88.10
87.76
87.34
87.08
86.85
86.85
86.74
86.66
86.46
86.35
86.19
86.03
85.85
85.73
85.51
85.30
85.12
84.94
84.78
84.63
84.50
84.35
84.20
84.03
83.91
83.77
83.48
83.35
83.12
82.95
82.78
82.68
82.57
82.36
82.26
82.12
81.98
81.86
81.73
