121.29
121.09
120.88
120.63
120.40
120.00
119.63
119.21
118.89
118.51
118.08
117.71
117.34
117.00
116.61
116.40
116.07
115.78
115.41
115.07
114.75
114.56
114.28
113.94
113.62
113.29
112.98
112.67
112.34
111.99
111.77
111.44
111.15
110.87
110.52
110.21
109.87
109.52
109.19
108.86
108.49
108.12
107.89
107.64
107.41
107.16
106.94
106.65
106.34
106.06
105.85
105.64
105.39
105.19
104.96
104.78
104.45
104.13
103.82
103.47
103.25
103.02
102.80
102.60
102.37
102.14
101.83
101.63
101.44
101.20
100.96
100.68
100.45
100.23
99.99
99.74
99.51
99.23
98.99
98.75
98.48
98.24
98.02
97.80
97.52
97.17
96.94
96.71
96.47
96.29
96.08
95.82
95.59
95.33
95.08
94.87
94.63
94.63
94.51
94.39
94.20
94.09
93.89
93.76
93.58
93.38
93.21
92.97
92.72
92.47
92.29
92.00
91.77
91.56
91.31
91.16
90.90
90.71
90.46
90.22
89.89
89.70
89.55
89.37
89.23
88.98
88.86
88.68
88.50
88.33
88.14
88.03
87.87
87.67
87.54
87.39
87.23
87.09
86.89
86.77
86.62
86.48
86.30
86.06
85.97
85.76
85.58
85.42
85.30
85.13
84.94
84.83
84.70
84.54
84.39
84.25
