120.41
120.20
119.98
119.76
119.55
119.26
119.01
118.62
118.23
117.71
117.31
116.88
116.56
116.19
115.86
115.54
115.18
114.84
114.54
114.18
113.85
113.64
113.30
113.01
112.66
112.36
112.06
111.74
111.44
111.08
110.86
110.86
110.75
110.61
110.21
109.87
109.50
109.17
108.83
108.49
108.19
108.08
107.85
107.70
107.53
107.42
107.31
106.95
106.65
106.52
106.35
106.24
106.12
105.95
105.83
105.71
105.58
105.35
105.09
104.86
104.57
104.45
104.31
104.20
104.03
103.80
103.71
103.51
103.34
103.23
103.06
102.94
102.76
102.61
102.49
102.35
102.16
102.06
101.90
101.77
101.64
101.44
101.24
101.10
100.98
100.73
100.55
100.42
100.29
100.17
100.05
99.94
99.82
99.65
99.49
99.35
99.27
99.13
98.93
98.79
98.65
98.54
98.38
98.24
98.05
97.84
97.65
97.42
97.23
96.99
96.82
96.57
96.36
96.10
95.93
95.75
95.47
95.29
94.99
94.78
94.51
94.36
94.26
94.11
94.00
93.82
93.69
93.51
93.37
93.26
93.12
92.98
92.78
92.62
92.48
92.36
92.21
92.10
91.93
91.77
91.58
91.45
91.27
91.05
90.94
90.74
90.57
90.41
90.31
90.21
90.00
89.90
89.74
89.60
89.52
89.40
