70.73
70.40
70.19
69.94
69.70
69.39
69.13
69.13
69.00
68.81
68.58
68.38
68.19
68.08
67.88
67.68
67.50
67.18
66.92
66.58
66.23
66.11
65.68
65.56
65.36
65.22
65.02
64.81
64.62
64.40
64.14
63.93
63.65
63.40
63.27
62.98
62.65
62.43
62.19
62.03
61.83
61.64
61.44
61.19
61.05
60.82
60.61
60.41
60.24
60.07
59.85
59.54
59.27
59.08
58.88
58.63
58.48
58.24
57.93
57.71
57.45
57.24
57.04
56.85
56.62
56.42
56.20
55.99
55.88
55.74
55.61
55.42
55.25
55.08
54.94
54.74
54.53
54.32
54.14
53.93
53.78
53.66
53.46
53.32
53.14
52.99
52.91
52.76
52.58
52.35
52.24
52.14
52.01
51.90
51.78
51.64
51.49
51.38
51.19
51.04
50.90
50.74
50.63
50.49
50.20
49.94
49.77
49.55
49.31
49.08
48.86
48.60
48.29
47.96
47.71
47.39
47.06
46.77
46.52
46.32
46.09
45.90
45.65
45.48
45.35
45.26
45.15
45.00
44.83
44.71
44.55
44.39
44.28
44.17
44.00
43.83
43.68
43.57
43.45
43.23
43.11
43.01
42.88
42.61
42.51
42.39
42.25
42.09
41.85
41.60
41.44
41.31
41.21
41.10
40.94
