73.07
72.70
72.46
72.18
71.92
71.63
71.35
71.06
70.77
70.47
70.15
69.84
69.59
69.31
69.00
68.68
68.47
68.13
67.76
67.38
67.09
66.79
66.48
66.15
65.84
65.53
65.26
64.95
64.62
64.36
64.03
63.63
63.28
63.02
62.63
62.22
61.94
61.65
61.33
60.99
60.66
60.37
60.03
59.65
59.38
58.92
58.52
58.15
57.89
57.45
57.15
56.74
56.46
56.11
55.76
55.52
55.19
54.80
54.47
54.12
53.82
53.51
53.20
52.87
52.57
52.26
51.98
51.79
51.60
51.41
51.07
50.70
50.48
50.22
49.97
49.65
49.31
49.01
48.64
48.31
48.10
47.85
47.63
47.35
47.11
46.87
46.57
46.23
45.92
45.63
45.43
45.19
44.98
44.74
44.53
44.30
44.08
43.77
43.53
43.29
43.03
42.79
42.36
41.97
41.61
41.40
40.81
40.60
40.09
39.66
39.30
38.95
38.64
38.19
37.84
37.39
37.21
36.85
36.52
36.15
35.85
35.53
35.27
35.07
34.78
34.58
34.33
34.33
34.20
34.05
33.84
33.64
33.51
33.39
33.25
33.13
32.92
32.80
32.63
32.43
32.32
32.24
32.11
31.94
31.81
31.70
31.54
31.42
31.06
30.88
30.75
30.62
30.51
30.40
30.24
30.13
