73.10
72.79
72.54
72.29
72.02
71.76
71.36
70.96
70.63
70.25
69.87
69.62
69.23
69.00
68.70
68.39
68.17
67.83
67.52
67.16
66.88
66.53
66.21
65.88
65.58
65.25
64.88
64.59
64.27
63.93
63.65
63.29
62.97
62.73
62.36
61.92
61.58
61.27
60.86
60.58
60.27
59.92
59.68
59.43
59.07
58.77
58.41
58.13
57.73
57.35
57.12
56.69
56.29
56.08
55.73
55.48
54.98
54.77
54.41
54.09
53.76
53.46
53.17
52.82
52.38
52.10
51.81
51.60
51.32
50.97
50.69
50.36
50.13
49.75
49.40
49.01
48.79
48.45
48.06
47.80
47.55
47.29
47.07
46.84
46.62
46.42
46.19
45.90
45.63
45.41
45.17
44.92
44.69
44.45
44.23
44.00
43.79
43.49
43.25
43.00
42.76
42.50
42.18
41.95
41.48
41.10
40.75
40.38
40.08
39.68
39.31
38.98
38.59
38.23
37.83
37.39
36.99
36.80
36.34
36.14
35.67
35.44
35.15
34.94
34.69
34.44
34.18
33.91
33.68
33.44
33.18
32.94
32.69
32.44
32.21
32.21
32.07
31.94
31.83
31.64
31.51
31.40
31.27
31.02
30.89
30.79
30.63
30.52
30.18
29.91
29.77
29.65
29.50
29.34
29.18
29.07
