72.69
72.43
72.23
72.00
71.76
71.47
71.17
70.82
70.56
70.26
69.97
69.66
69.39
69.07
68.75
68.46
68.26
67.91
67.66
67.30
66.99
66.66
66.31
65.97
65.58
65.26
64.94
64.69
64.28
63.98
63.67
63.30
62.99
62.77
62.40
61.98
61.70
61.36
60.91
60.59
60.23
59.95
59.71
59.50
59.17
58.87
58.48
58.19
57.75
57.46
57.14
56.68
56.33
55.98
55.63
55.29
54.89
54.59
54.23
53.95
53.56
53.20
52.84
52.45
52.15
51.77
51.57
51.37
51.12
50.83
50.41
50.20
49.98
49.62
49.29
49.00
48.66
48.31
48.03
47.76
47.52
47.31
47.03
46.71
46.45
46.21
45.94
45.66
45.37
45.10
44.91
44.68
44.47
44.23
44.00
43.82
43.61
43.33
43.06
42.86
42.63
42.37
42.14
41.83
41.52
41.25
40.78
40.56
40.24
39.94
39.43
39.03
38.64
38.42
38.04
37.63
37.17
36.88
36.88
36.72
36.50
36.31
36.13
35.98
35.87
35.69
35.55
35.41
35.22
35.09
34.93
34.73
34.64
34.48
34.29
34.16
34.00
33.86
33.67
33.53
33.40
33.31
33.20
33.05
32.90
32.78
32.67
32.56
32.28
32.03
31.88
31.76
31.62
31.48
31.34
31.23
