71.88
71.62
71.36
71.10
70.87
70.64
70.37
70.09
69.78
69.48
69.18
68.83
68.62
68.29
67.92
67.70
67.46
67.08
66.85
66.51
66.09
65.73
65.49
65.09
64.68
64.36
64.02
63.78
63.26
63.01
62.65
62.36
62.04
61.80
61.42
60.97
60.64
60.31
59.95
59.63
59.32
59.04
58.77
58.57
58.04
57.69
57.41
57.15
56.87
56.57
56.27
55.99
55.72
55.42
55.10
54.85
54.57
54.21
53.80
53.45
53.09
52.70
52.37
52.16
51.85
51.55
51.24
50.99
50.80
50.57
50.21
49.93
49.67
49.40
49.08
48.81
48.49
48.23
47.82
47.58
47.36
47.11
46.92
46.71
46.48
46.20
45.93
45.69
45.40
45.10
44.82
44.57
44.33
44.12
43.88
43.67
43.48
43.12
42.90
42.70
42.47
42.26
41.99
41.64
41.29
41.00
40.63
40.26
40.00
39.69
39.36
38.99
38.60
38.21
37.79
37.36
37.02
36.73
36.42
36.10
35.80
35.48
35.48
35.37
35.24
35.09
34.96
34.79
34.64
34.54
34.43
34.28
34.14
34.02
33.89
33.77
33.59
33.44
33.29
33.12
33.02
32.91
32.76
32.46
32.25
32.09
31.94
31.83
31.53
31.26
31.12
31.00
30.84
30.73
30.61
30.52
