70.76
70.51
70.29
70.06
69.79
69.49
69.19
68.94
68.57
68.26
68.04
67.71
67.49
67.20
66.92
66.60
66.38
66.05
65.75
65.35
65.05
64.74
64.40
64.40
64.23
64.05
63.84
63.49
63.16
63.00
62.62
62.53
62.14
62.02
61.90
61.62
61.35
61.11
60.92
60.66
60.45
60.28
60.09
59.87
59.76
59.52
59.25
59.02
58.80
58.58
58.36
58.13
57.94
57.72
57.47
57.25
57.04
56.88
56.62
56.40
56.20
56.01
55.77
55.55
55.38
55.19
54.97
54.78
54.68
54.55
54.42
54.17
53.99
53.82
53.66
53.49
53.31
53.11
52.85
52.55
52.41
52.25
52.11
51.96
51.82
51.71
51.58
51.41
51.25
50.96
50.80
50.65
50.51
50.33
50.19
50.07
49.97
49.85
49.66
49.49
49.33
49.22
49.07
48.96
48.78
48.55
48.32
48.00
47.73
47.55
47.25
46.95
46.69
46.38
46.13
45.83
45.54
45.27
45.02
44.82
44.61
44.44
44.24
44.08
43.97
43.84
43.73
43.59
43.38
43.22
42.96
42.75
42.58
42.48
42.33
42.25
42.04
41.93
41.80
41.58
41.46
41.35
41.20
40.97
40.84
40.72
40.58
40.50
40.18
39.98
39.81
39.67
39.56
39.41
39.29
39.19
