72.91
72.62
72.41
72.17
71.90
71.61
71.30
70.96
70.63
70.26
69.95
69.62
69.38
69.10
68.59
68.39
68.17
67.68
67.24
66.83
66.44
66.09
65.69
65.31
64.91
64.55
64.31
64.00
63.70
63.34
63.01
62.68
62.35
61.94
61.54
61.20
60.91
60.40
60.22
59.88
59.56
59.32
59.01
58.78
58.48
58.03
57.77
57.38
57.06
56.79
56.26
55.91
55.70
55.28
55.03
54.66
54.31
53.80
53.43
53.20
52.86
52.51
52.23
51.94
51.66
51.29
50.97
50.77
50.54
50.34
50.03
49.70
49.40
49.14
48.81
48.51
48.18
47.90
47.52
47.28
47.03
46.80
46.60
46.32
46.06
45.83
45.56
45.33
45.04
44.76
44.58
44.34
44.12
43.90
43.68
43.45
43.23
42.92
42.66
42.40
42.18
41.92
41.67
41.33
41.03
40.73
40.35
40.00
39.69
39.36
38.99
38.63
38.29
37.93
37.55
37.10
36.73
36.35
36.08
35.77
35.77
35.61
35.42
35.27
35.14
35.00
34.86
34.72
34.46
34.30
34.17
34.00
33.90
33.77
33.60
33.49
33.31
33.18
33.05
32.83
32.67
32.55
32.43
32.29
32.17
32.00
31.88
31.77
31.43
31.19
31.02
30.86
30.70
30.57
30.40
30.28
