71.62
71.35
71.17
70.90
70.63
70.30
69.96
69.53
69.34
69.05
68.75
68.42
68.23
67.97
67.67
67.36
67.13
66.79
66.46
66.13
65.81
65.49
65.19
64.88
64.61
64.26
63.89
63.56
63.21
62.86
62.56
62.27
61.94
61.70
61.35
60.95
60.60
60.28
59.95
59.61
59.37
59.08
58.74
58.52
58.19
57.87
57.57
57.28
56.96
56.65
56.31
56.00
55.67
55.36
54.98
54.68
54.38
53.91
53.58
53.29
52.95
52.66
52.41
52.14
51.82
51.49
51.15
50.91
50.69
50.49
50.17
49.86
49.60
49.33
49.01
48.74
48.44
48.13
47.75
47.45
47.25
46.99
46.74
46.50
46.26
46.04
45.78
45.53
45.24
44.95
44.73
44.47
44.21
43.99
43.81
43.59
43.36
43.36
43.19
43.03
42.91
42.79
42.65
42.53
42.03
41.72
41.37
40.92
40.79
40.39
40.27
40.02
39.58
39.24
38.90
38.72
38.37
38.12
37.89
37.69
37.42
37.24
36.99
36.85
36.75
36.59
36.46
36.30
36.15
36.03
35.88
35.70
35.56
35.45
35.27
35.11
34.89
34.76
34.59
34.41
34.31
34.19
34.07
33.89
33.75
33.63
33.47
33.35
32.99
32.79
32.63
32.53
32.39
32.26
32.13
32.03
