71.48
71.24
71.00
70.78
70.47
70.25
69.86
69.52
69.21
68.89
68.60
68.37
68.03
67.81
67.57
67.26
67.02
66.68
66.35
66.01
65.73
65.35
64.98
64.68
64.38
64.04
63.56
63.20
62.96
62.46
62.26
61.76
61.49
61.26
60.82
60.40
60.07
59.75
59.41
59.09
58.78
58.44
58.12
57.88
57.54
57.22
56.87
56.60
56.33
56.04
55.74
55.47
55.19
54.80
54.45
54.17
53.84
53.46
53.10
52.80
52.46
52.16
51.84
51.53
51.23
50.89
50.58
50.36
50.13
49.91
49.55
49.20
48.98
48.98
48.88
48.68
48.49
48.27
48.09
47.91
47.71
47.57
47.41
47.24
47.09
46.97
46.85
46.73
46.57
46.36
46.23
46.10
46.00
45.88
45.78
45.63
45.52
45.38
45.17
45.02
44.88
44.74
44.63
44.46
44.22
44.00
43.83
43.52
43.27
43.07
42.85
42.64
42.39
42.14
41.85
41.52
41.19
40.93
40.80
40.60
40.36
40.14
39.95
39.77
39.67
39.52
39.42
39.29
39.11
39.01
38.91
38.76
38.64
38.49
38.32
38.16
38.00
37.87
37.73
37.50
37.39
37.30
37.18
36.95
36.87
36.70
36.59
36.47
36.14
35.91
35.73
35.59
35.44
35.33
35.13
35.03
