72.02
71.67
71.39
71.16
70.90
70.43
70.09
69.86
69.60
69.28
68.96
68.69
68.46
68.15
67.80
67.49
67.28
66.94
66.55
66.22
65.91
65.60
65.35
64.97
64.67
64.32
64.03
63.78
63.43
63.12
62.78
62.52
62.18
61.98
61.62
61.23
60.91
60.56
60.25
59.97
59.67
59.38
59.11
58.80
58.53
58.14
57.80
57.51
57.16
56.85
56.62
56.13
55.95
55.61
55.25
54.98
54.65
54.29
53.83
53.43
53.21
52.71
52.49
52.22
51.89
51.52
51.21
51.00
50.77
50.53
50.23
49.91
49.70
49.44
49.17
48.87
48.50
48.16
47.81
47.54
47.29
46.99
46.75
46.53
46.33
46.09
45.83
45.59
45.29
45.00
44.78
44.54
44.35
44.12
43.94
43.69
43.50
43.22
43.00
42.76
42.54
42.34
42.12
41.80
41.47
41.16
40.78
40.46
40.17
39.81
39.49
39.16
38.52
38.07
37.65
37.26
36.78
36.40
36.22
35.87
35.61
35.34
35.10
34.88
34.59
34.37
34.12
33.85
33.63
33.40
33.40
33.29
33.19
33.06
32.90
32.75
32.57
32.47
32.35
32.17
32.04
31.91
31.80
31.64
31.49
31.37
31.24
31.10
30.81
30.56
30.43
30.30
30.19
30.07
29.92
29.80
