70.89
70.61
70.42
70.17
69.91
69.57
69.28
68.88
68.69
68.38
68.10
67.72
67.50
67.17
66.85
66.58
66.32
65.88
65.51
65.19
64.85
64.49
64.18
63.97
63.53
63.23
62.91
62.67
62.22
62.00
61.69
61.34
60.99
60.79
60.44
60.05
59.72
59.45
59.09
58.75
58.44
58.14
57.76
57.54
57.22
56.88
56.60
56.29
56.02
55.74
55.43
55.10
54.78
54.41
54.05
53.78
53.46
53.02
52.69
52.40
52.40
52.24
51.98
51.80
51.56
51.34
51.06
50.85
50.74
50.61
50.49
50.23
50.08
49.94
49.76
49.50
49.30
49.10
48.88
48.57
48.40
48.29
48.15
48.00
47.83
47.70
47.54
47.36
47.20
46.89
46.69
46.62
46.48
46.35
46.24
46.09
45.99
45.87
45.70
45.57
45.44
45.28
45.17
45.02
44.80
44.57
44.34
44.09
43.85
43.65
43.32
43.12
42.88
42.58
42.32
42.05
41.79
41.50
41.32
41.16
40.93
40.77
40.54
40.37
40.27
40.10
39.97
39.82
39.57
39.40
39.21
39.06
38.89
38.75
38.63
38.44
38.30
38.21
38.10
37.96
37.84
37.72
37.59
37.28
37.10
37.00
36.86
36.74
36.53
36.25
36.08
35.98
35.85
35.70
35.57
35.47
