71.45
71.18
70.96
70.69
70.46
70.16
69.83
69.48
69.22
68.90
68.58
68.28
68.05
67.77
67.47
67.16
66.96
66.62
66.31
65.98
65.71
65.43
65.13
64.86
64.61
64.18
63.99
63.58
63.37
62.97
62.61
62.26
62.04
61.71
61.48
61.02
60.70
60.37
60.02
59.69
59.39
59.11
58.77
58.55
58.19
57.76
57.56
57.18
56.96
56.64
56.64
56.23
56.04
55.77
55.35
55.25
54.87
54.55
54.18
53.90
53.79
53.56
53.38
53.16
52.99
52.80
52.60
52.40
52.29
52.19
52.07
51.82
51.61
51.46
51.31
51.10
50.92
50.72
50.50
50.21
50.06
49.94
49.79
49.67
49.53
49.40
49.27
49.08
48.94
48.79
48.64
48.48
48.34
48.17
48.00
47.89
47.78
47.68
47.53
47.40
47.30
47.18
47.06
46.96
46.75
46.48
46.33
46.02
45.77
45.60
45.33
45.12
44.89
44.65
44.35
44.08
43.77
43.48
43.29
43.10
42.87
42.70
42.47
42.29
42.16
42.00
41.86
41.73
41.58
41.45
41.28
41.11
40.99
40.82
40.68
40.47
40.27
40.10
39.99
39.78
39.68
39.59
39.49
39.25
39.10
38.95
38.83
38.75
38.41
38.15
38.01
37.89
37.77
37.64
37.53
37.40
