72.62
72.38
72.16
71.95
71.57
71.35
71.08
70.79
70.47
70.17
69.86
69.50
69.30
69.04
68.69
68.39
68.16
67.81
67.53
67.20
66.88
66.54
66.19
65.87
65.60
65.25
64.95
64.64
64.30
64.03
63.72
63.35
63.04
62.82
62.42
62.03
61.67
61.40
61.07
60.77
60.44
60.16
59.84
59.62
59.28
58.95
58.63
58.37
58.04
57.66
57.36
57.02
56.71
56.36
56.01
55.77
55.42
54.99
54.68
54.35
54.06
53.72
53.46
53.10
52.80
52.47
52.19
51.96
51.73
51.54
51.22
50.92
50.68
50.40
50.08
49.79
49.45
49.16
48.79
48.50
48.23
47.95
47.69
47.40
47.17
46.89
46.64
46.37
46.09
46.09
45.99
45.83
45.69
45.58
45.46
45.30
45.20
45.06
44.83
44.68
44.57
44.45
44.30
43.92
43.56
43.24
42.93
42.57
42.22
41.88
41.59
41.27
40.90
40.50
40.12
39.75
39.32
38.95
38.78
38.34
38.21
37.76
37.64
37.49
37.36
37.24
37.11
36.95
36.78
36.68
36.56
36.37
36.25
36.11
35.96
35.81
35.66
35.56
35.46
35.20
35.07
34.96
34.84
34.63
34.46
34.36
34.19
34.10
33.81
33.55
33.39
33.31
33.20
33.07
32.95
32.85
