71.79
71.37
71.15
70.90
70.64
70.33
70.03
69.73
69.42
69.05
68.79
68.47
68.22
67.96
67.68
67.36
67.17
66.80
66.46
66.10
65.74
65.42
65.09
64.74
64.51
64.24
63.97
63.65
63.30
63.03
62.72
62.37
62.06
61.81
61.41
60.98
60.69
60.50
60.23
59.88
59.58
59.29
59.00
58.81
58.46
58.12
57.79
57.52
57.23
56.93
56.60
56.27
55.96
55.56
55.21
54.95
54.63
54.25
53.92
53.62
53.29
52.96
52.63
52.32
52.03
51.71
51.39
51.18
50.96
50.71
50.32
49.97
49.78
49.49
49.16
48.88
48.58
48.25
47.87
47.62
47.33
47.07
46.79
46.52
46.31
46.09
45.82
45.57
45.26
45.03
44.83
44.60
44.39
44.16
43.95
43.75
43.56
43.31
43.01
42.77
42.56
42.34
42.12
41.79
41.44
41.14
40.70
40.34
40.00
40.00
39.82
39.62
39.40
38.96
38.61
38.22
37.82
37.48
37.13
37.00
36.80
36.63
36.40
36.23
36.12
35.96
35.84
35.70
35.52
35.39
35.24
35.09
35.01
34.86
34.70
34.57
34.39
34.22
34.09
33.94
33.84
33.74
33.63
33.47
33.29
33.20
33.05
32.93
32.51
32.28
32.09
31.96
31.81
31.65
31.49
31.39
