72.42
72.09
71.86
71.60
71.35
71.06
70.76
70.40
70.11
69.76
69.47
69.15
68.92
68.66
68.34
68.09
67.88
67.50
67.20
66.86
66.54
66.20
65.85
65.54
65.19
64.86
64.53
64.23
63.89
63.60
63.26
62.91
62.61
62.38
61.99
61.59
61.25
60.96
60.69
60.35
60.02
59.77
59.53
59.31
58.92
58.61
58.30
58.00
57.62
57.30
56.99
56.64
56.34
55.98
55.63
55.31
54.98
54.60
54.25
53.90
53.55
53.17
52.82
52.51
52.30
51.86
51.63
51.33
51.12
50.88
50.43
50.24
49.98
49.72
49.37
49.03
48.66
48.32
48.06
47.80
47.59
47.35
47.11
46.85
46.58
46.31
46.06
45.80
45.45
45.15
44.93
44.69
44.47
44.18
43.96
43.75
43.50
43.22
42.95
42.70
42.50
42.28
42.05
41.71
41.36
41.05
40.64
40.31
39.99
39.64
39.28
39.01
38.61
38.61
38.40
38.16
37.92
37.61
37.41
37.17
36.93
36.75
36.53
36.39
36.26
36.11
35.99
35.82
35.66
35.55
35.42
35.28
35.16
35.02
34.88
34.76
34.60
34.47
34.35
34.13
34.02
33.93
33.80
33.65
33.51
33.40
33.22
33.11
32.77
32.49
32.30
32.15
32.04
31.92
31.78
31.66
