1	1	1	1	1	1	1	1	1	1	1	1	1	1	1	1	1	1	1	1	1
2	2	2	2	2	2	2	2	2	2	2	2	2	2	2	2	2	2	2	2	2
3	3	3	3	3	3	3	3	3	3	3	3	3	3	3	3	3	3	3	3	3
4	4	4	4	4	4	4	4	4	4	4	4	4	4	4	4	4	4	4	4	4
5	5	5	5	5	5	5	5	5	5	5	5	5	5	5	5	5	4	5	5	5
6	6	6	6	6	6	6	6	6	6	6	6	6	5	6	6	6	5	6	6	6
7	7	7	7	7	7	7	7	7	7	7	7	7	5	7	7	7	5	7	7	7
8	8	8	8	8	8	8	8	8	8	8	7	8	6	7	8	8	5	8	8	8
9	9	9	9	9	9	9	9	9	9	9	7	9	6	8	9	9	5	9	9	9
10	10	10	10	10	10	10	10	10	10	10	7	10	6	9	10	10	5	10	10	10
11	11	11	11	11	11	11	11	11	11	11	7	11	7	10	10	11	5	11	11	11
12	12	12	12	12	12	12	12	12	12	12	7	12	8	11	11	12	6	12	12	12
13	13	13	13	13	13	13	13	13	13	13	7	13	9	12	12	13	6	13	13	13
14	14	14	14	14	14	14	14	14	14	14	7	14	10	13	13	14	7	14	14	14
15	15	15	15	15	15	15	15	15	15	15	7	15	11	14	14	15	8	15	15	14
16	16	16	16	16	16	16	16	16	16	16	7	16	12	15	15	16	9	16	16	15
17	17	17	17	17	17	17	17	17	17	17	7	17	13	16	16	17	10	17	17	16
18	18	18	18	18	18	18	18	18	18	18	7	18	14	16	17	18	11	18	18	16
19	18	19	19	19	19	19	19	19	19	19	7	19	15	16	18	19	12	19	19	17
20	18	20	20	20	20	20	20	20	20	20	7	20	16	16	19	20	13	20	20	18
21	18	21	21	21	21	21	21	21	21	21	7	21	17	16	20	21	14	21	21	18
22	18	22	22	22	22	22	22	22	22	22	7	22	18	16	21	22	15	22	22	18
23	19	23	23	23	23	23	23	23	23	23	7	23	19	16	22	23	16	23	23	19
24	20	24	24	24	24	24	24	24	24	24	7	24	19	17	23	24	17	24	24	19
25	21	25	25	25	25	25	25	25	25	25	7	25	19	17	24	25	18	25	25	19
26	22	26	26	26	26	26	26	26	26	26	7	26	19	17	25	25	19	26	26	19
27	23	27	27	27	27	27	27	27	27	27	7	27	19	17	26	26	20	27	27	20
28	24	28	28	28	28	28	28	28	28	28	7	28	19	18	27	26	21	28	28	21
29	25	29	29	29	29	29	29	29	29	29	7	29	19	18	28	27	22	29	29	22
30	26	30	30	30	30	30	30	30	30	30	7	30	19	19	29	27	23	30	30	23
31	27	31	31	31	31	31	31	31	31	31	7	31	19	20	30	27	24	31	31	24
32	28	32	32	32	32	32	32	32	32	32	7	32	19	21	31	27	25	32	32	25
33	29	33	33	33	33	33	33	33	33	33	7	33	19	22	32	28	26	33	33	26
34	30	33	34	34	34	34	34	34	34	34	7	34	19	23	33	28	27	34	33	27
35	31	33	35	35	35	35	35	35	35	35	7	35	19	24	34	29	28	35	33	28
36	32	34	36	36	36	36	36	36	36	36	7	36	19	25	35	30	29	36	33	29
37	33	35	37	37	37	37	37	37	37	37	7	37	19	26	36	31	30	37	33	30
38	34	35	38	38	38	38	38	38	38	38	7	38	19	27	37	32	31	38	34	31
39	35	36	39	39	39	39	39	38	39	39	7	38	19	28	38	33	32	39	35	32
40	36	37	40	40	40	40	40	38	40	40	7	38	19	29	39	34	33	40	36	33
41	37	38	41	41	41	41	41	39	41	41	7	38	19	30	40	35	34	41	37	34
42	38	39	42	42	42	42	41	40	42	42	7	39	19	31	41	36	35	42	38	35
43	39	40	43	43	43	43	42	41	43	43	7	40	19	32	42	37	36	43	39	36
44	39	41	44	44	44	44	43	42	44	44	7	41	19	33	43	38	37	44	40	37
45	40	41	45	45	45	45	44	43	45	45	7	42	19	34	43	39	38	45	41	38
46	40	41	46	46	46	46	45	44	46	46	7	43	19	35	43	39	39	46	42	39
47	40	42	47	47	47	47	46	45	47	47	7	44	19	36	43	40	40	47	43	40
48	40	43	48	48	48	48	47	46	48	48	7	45	19	37	43	40	41	48	44	41
49	41	44	49	49	48	49	48	47	48	49	7	45	19	38	43	41	42	49	45	42
50	41	45	50	50	48	50	48	48	49	50	7	46	19	39	43	42	43	50	46	43
51	42	46	51	51	48	51	49	49	50	51	7	47	19	40	43	42	44	51	47	44
52	43	47	52	52	48	52	50	50	50	52	7	47	19	41	43	42	45	52	48	45
53	44	48	53	53	48	53	50	51	51	53	7	48	19	42	43	42	46	53	49	46
54	45	49	54	54	49	54	50	52	52	54	7	49	19	43	43	42	47	54	50	47
55	46	50	55	55	50	55	50	53	53	55	7	50	19	44	43	42	48	55	51	48
56	47	51	56	56	50	56	51	54	54	56	7	51	19	45	43	42	49	56	52	49
57	48	52	57	57	50	57	51	55	55	57	7	52	19	46	43	42	50	57	53	50
58	49	53	58	58	51	58	51	56	56	58	7	53	19	47	43	42	51	58	54	51
59	50	54	59	59	51	59	52	57	57	59	7	54	19	48	43	42	52	59	55	51
60	51	54	60	60	52	60	52	58	58	60	7	55	19	49	43	42	53	60	56	51
62	52	54	61	61	52	61	53	59	59	61	7	56	19	49	43	42	54	61	57	52
63	53	55	62	62	52	62	54	60	60	62	7	57	19	49	43	42	55	62	58	52
64	54	55	63	63	52	63	55	61	61	63	7	58	19	49	43	42	56	63	59	53
65	55	56	64	64	52	64	56	62	62	64	7	59	19	49	43	42	57	64	60	54
66	56	57	65	65	53	65	56	63	63	65	7	60	19	49	43	42	58	65	61	55
67	57	58	66	66	53	66	57	64	64	66	7	61	19	49	43	42	59	66	62	56
68	58	59	67	67	54	67	58	65	65	67	7	62	19	49	43	42	60	67	63	57
69	59	60	68	68	55	68	59	66	66	68	7	63	19	49	43	42	61	68	64	58
70	60	61	69	69	56	69	60	67	67	69	7	64	19	49	43	42	62	69	65	59
71	61	62	70	70	57	70	60	68	68	70	7	65	19	49	43	42	63	70	66	60
72	62	63	71	71	57	71	61	69	69	71	7	66	19	49	43	42	64	71	67	61
73	63	64	72	72	58	72	62	70	70	72	7	67	19	49	43	42	65	72	68	62
74	64	65	73	73	59	73	63	71	71	73	7	68	19	49	43	42	66	73	69	63
75	65	66	74	74	60	74	63	72	72	74	7	69	19	49	43	42	66	74	70	64
76	66	67	75	75	60	75	63	73	73	75	7	70	19	49	43	42	66	75	71	65
77	67	68	76	76	60	76	63	74	74	76	7	71	19	49	43	42	66	76	72	66
78	68	69	77	77	61	77	63	75	75	77	7	72	19	49	43	42	66	77	73	67
79	69	70	78	78	61	78	64	76	76	78	7	73	19	49	43	42	66	78	74	68
80	70	71	79	79	62	79	65	77	77	79	7	74	19	49	43	42	66	79	75	69
81	71	72	80	80	63	80	66	78	78	80	7	75	19	49	43	42	66	80	76	70
82	72	73	81	81	64	81	67	79	79	81	7	76	19	49	43	42	66	81	77	71
83	73	74	82	82	65	82	68	80	80	82	7	77	19	49	43	42	66	82	78	72
84	74	75	83	83	66	83	69	81	81	83	7	78	19	49	43	42	66	83	79	73
85	75	76	84	84	67	84	70	82	82	84	7	79	19	49	43	42	66	84	80	74
86	76	77	85	85	68	85	71	83	83	85	7	80	19	49	43	42	66	85	81	75
87	77	78	86	86	69	86	72	84	84	86	7	81	19	49	43	42	66	86	82	76
88	78	79	87	87	70	87	73	85	85	87	7	82	19	49	43	42	66	87	83	77
89	79	80	88	88	71	88	74	86	86	88	7	83	19	49	43	42	66	88	84	78
90	80	81	89	89	72	89	75	87	87	89	7	84	19	49	43	42	66	89	85	79
91	81	82	90	90	73	89	76	88	88	90	7	85	19	49	43	42	66	90	86	80
92	82	83	91	91	74	89	77	89	89	91	7	86	19	49	43	42	66	91	87	81
93	83	84	92	92	75	89	78	90	90	92	7	87	19	49	43	42	66	92	88	82
94	84	85	93	93	76	89	79	91	91	93	7	88	19	49	43	42	66	93	89	83
95	85	86	94	94	77	89	80	92	92	94	7	89	19	49	43	42	66	94	90	84
96	86	87	95	95	78	89	81	93	93	95	7	90	19	49	43	42	66	95	91	85
97	87	88	96	96	79	89	82	94	94	96	7	91	19	49	43	42	66	96	92	86
98	88	89	97	97	80	89	83	95	95	97	7	92	19	49	43	42	66	97	93	87
99	89	90	98	98	81	89	84	96	96	98	7	93	19	49	43	42	66	97	94	88
100	90	91	99	99	82	89	85	97	97	99	7	94	19	49	43	42	66	97	95	89
101	91	92	100	100	83	89	86	98	98	100	7	95	19	49	43	42	66	97	96	90
102	92	93	101	101	84	89	87	99	99	101	7	96	19	49	43	42	66	97	97	91
103	93	94	102	102	85	89	88	100	100	102	7	97	19	49	43	42	66	97	98	92
104	94	95	103	103	86	89	89	101	101	103	7	97	19	49	43	42	66	97	99	93
105	95	96	104	103	87	89	90	102	102	104	7	98	19	49	43	42	66	97	100	94
106	96	97	105	104	88	89	91	103	103	105	7	98	19	49	43	42	66	97	101	95
107	97	98	106	105	89	89	92	104	104	106	7	99	19	49	43	42	66	97	102	96
108	98	99	107	106	90	89	92	104	105	107	7	99	19	49	43	42	66	97	103	97
109	99	100	108	107	91	89	93	104	106	108	7	100	19	49	43	42	66	97	104	98
110	100	101	109	108	92	89	94	104	107	109	7	100	19	49	43	42	66	97	105	99
111	101	102	110	109	93	89	95	104	108	110	7	100	19	49	43	42	66	97	105	100
112	102	103	111	110	94	89	96	104	109	110	7	100	19	49	43	42	66	97	105	101
113	103	104	112	111	95	89	97	104	110	110	7	100	19	49	43	42	66	97	105	102
114	104	105	113	112	96	89	98	104	111	110	7	100	19	49	43	42	66	97	105	103
115	105	106	114	113	96	89	99	104	112	111	7	100	19	49	43	42	66	97	105	104
116	106	107	115	114	96	89	100	104	113	111	7	101	19	49	43	42	66	97	105	105
117	107	108	116	115	96	89	101	104	114	112	7	101	19	49	43	42	66	97	105	106
118	108	109	117	116	96	89	102	104	115	113	7	102	19	49	43	42	66	97	105	107
119	109	110	118	117	96	89	103	104	116	114	7	103	19	49	43	42	66	97	105	108
120	110	111	119	118	96	89	103	104	117	115	7	104	19	49	43	42	66	97	105	109
121	111	112	120	119	96	89	103	104	118	116	7	105	19	49	43	42	66	97	105	110
122	112	113	121	120	96	89	103	104	118	117	7	106	19	49	43	42	66	97	105	111
123	113	114	122	121	96	89	103	104	118	118	7	107	19	49	43	42	66	97	105	112
124	114	115	123	122	96	89	103	104	118	119	7	108	19	49	43	42	66	97	105	112
125	115	116	124	123	96	89	103	104	118	120	7	109	19	49	43	42	66	97	105	112
126	116	117	125	124	96	89	103	104	118	121	7	110	19	49	43	42	66	97	105	112
127	117	118	126	125	96	89	103	104	118	122	7	111	19	49	43	42	66	97	105	112
128	118	119	127	125	96	89	103	104	118	123	7	112	19	49	43	42	66	97	105	112
129	119	120	127	125	96	89	103	104	118	123	7	113	19	49	43	42	66	97	105	112
130	120	121	127	125	96	89	103	104	118	123	7	114	19	49	43	42	66	97	105	112
131	121	121	127	125	96	89	103	104	118	123	7	115	19	49	43	42	66	97	105	112
132	121	121	127	125	96	89	103	104	118	123	7	116	19	49	43	42	66	97	105	112
133	121	121	127	125	96	89	103	104	118	123	7	117	19	49	43	42	66	97	105	112
134	121	121	127	125	96	89	103	104	118	123	7	118	19	49	43	42	66	97	105	112
135	121	121	127	125	96	89	103	104	118	123	7	119	19	49	43	42	66	97	105	112
136	121	121	127	125	96	89	103	104	118	123	7	120	19	49	43	42	66	97	105	112
137	121	121	127	125	96	89	103	104	118	123	7	120	19	49	43	42	66	97	105	112
138	121	121	127	125	96	89	103	104	118	123	7	120	19	49	43	42	66	97	105	112
139	121	121	127	125	96	89	103	104	118	123	7	120	19	49	43	42	66	97	105	112
140	121	121	127	125	96	89	103	104	118	123	7	120	19	49	43	42	66	97	105	112
141	121	121	127	125	96	89	103	104	118	123	7	120	19	49	43	42	66	97	105	112
142	121	121	127	125	96	89	103	104	118	123	7	120	19	49	43	42	66	97	105	112
143	121	121	127	125	96	89	103	104	118	123	7	120	19	49	43	42	66	97	105	112
144	121	121	127	125	96	89	103	104	118	123	7	120	19	49	43	42	66	97	105	112
145	121	121	127	125	96	89	103	104	118	123	7	120	19	49	43	42	66	97	105	112
146	121	121	127	125	96	89	103	104	118	123	7	120	19	49	43	42	66	97	105	112
147	121	121	127	125	96	89	103	104	118	123	7	120	19	49	43	42	66	97	105	112
148	121	121	127	125	96	89	103	104	118	123	7	120	19	49	43	42	66	97	105	112
149	121	121	127	125	96	89	103	104	118	123	7	120	19	49	43	42	66	97	105	112
150	121	121	127	125	96	89	103	104	118	123	7	120	19	49	43	42	66	97	105	112
151	121	121	127	125	96	89	103	104	118	123	7	120	19	49	43	42	66	97	105	112
152	121	121	127	125	96	89	103	104	118	123	7	120	19	49	43	42	66	97	105	112
153	121	121	127	125	96	89	103	104	118	123	7	120	19	49	43	42	66	97	105	112
154	121	121	127	125	96	89	103	104	118	123	7	120	19	49	43	42	66	97	105	112
155	121	121	127	125	96	89	103	104	118	123	7	120	19	49	43	42	66	97	105	112
156	121	121	127	125	96	89	103	104	118	123	7	120	19	49	43	42	66	97	105	112
