90.09
89.84
89.66
89.42
89.20
89.00
88.70
88.39
88.12
87.94
87.61
87.22
86.94
86.58
86.33
86.06
85.74
85.46
85.14
84.79
84.49
84.16
83.84
83.52
83.25
82.95
82.61
82.33
82.02
81.69
81.41
81.08
80.70
80.40
80.09
79.80
79.47
79.12
78.85
78.51
78.16
77.82
77.54
77.20
76.87
76.59
76.27
75.94
75.62
75.31
74.99
74.68
74.34
74.06
73.83
73.61
73.39
73.15
72.94
72.74
72.44
72.14
71.89
71.66
71.44
71.21
71.01
70.77
70.54
70.32
70.10
69.82
69.50
69.14
68.84
68.66
68.31
68.12
67.91
67.70
67.47
67.25
67.07
66.83
66.50
66.28
66.08
65.88
65.68
65.48
65.29
65.00
64.79
64.55
64.55
64.45
64.35
64.23
64.12
63.99
63.81
63.68
63.59
63.35
63.25
63.00
62.80
62.56
62.30
62.11
61.90
61.68
61.57
61.45
61.30
61.22
61.05
60.96
60.79
60.62
60.44
60.26
60.07
59.84
59.74
59.59
59.49
59.33
59.15
59.02
58.91
58.82
58.67
58.55
58.41
58.30
58.22
58.09
57.94
57.81
57.66
57.53
57.40
57.31
57.22
57.08
56.97
56.86
56.78
56.66
56.54
56.42
56.30
56.17
56.05
55.93
55.82
55.71
55.62
55.50
55.40
55.27
55.17
55.04
54.91
54.79
54.67
54.54
54.37
54.28
