89.91
89.69
89.48
89.25
89.06
88.85
88.61
88.33
88.04
87.75
87.53
87.14
86.82
86.51
86.21
85.93
85.62
85.33
85.05
84.71
84.41
84.10
83.78
83.44
83.19
82.89
82.55
82.23
81.90
81.60
81.27
80.96
80.56
80.14
79.87
79.57
79.30
79.06
78.75
78.43
78.12
77.84
77.53
77.24
76.93
76.63
76.32
76.02
75.70
75.37
75.03
74.71
74.42
74.18
73.95
73.72
73.52
73.30
73.10
72.91
72.60
72.30
72.10
71.91
71.70
71.50
71.30
71.07
70.86
70.67
70.46
70.19
69.90
69.52
69.19
68.98
68.98
68.83
68.71
68.58
68.45
68.34
68.22
68.07
67.97
67.72
67.59
67.51
67.39
67.27
67.16
67.03
66.91
66.83
66.69
66.56
66.46
66.35
66.23
66.11
65.96
65.86
65.75
65.49
65.40
65.14
64.93
64.69
64.43
64.24
64.05
63.82
63.67
63.55
63.37
63.26
63.05
62.94
62.80
62.64
62.48
62.31
62.11
61.88
61.74
61.61
61.50
61.40
61.21
61.08
60.96
60.86
60.75
60.63
60.51
60.39
60.25
60.15
60.00
59.84
59.68
59.53
59.39
59.24
59.12
58.99
58.87
58.74
58.63
58.50
58.40
58.27
58.17
58.06
57.96
57.82
57.71
57.59
57.49
57.39
57.27
57.12
57.01
56.90
56.77
56.63
56.51
56.37
56.25
56.13
