90.79
90.58
90.37
90.15
89.94
89.73
89.47
89.20
88.87
88.56
88.26
87.88
87.57
87.23
86.93
86.67
86.34
86.04
85.73
85.39
85.07
84.72
84.39
84.06
83.76
83.45
83.14
82.83
82.54
82.25
81.98
81.68
81.24
80.91
80.60
80.29
79.94
79.57
79.25
78.83
78.53
78.24
78.03
77.76
77.34
77.14
76.85
76.42
76.10
75.75
75.46
75.23
74.98
74.71
74.49
74.29
74.09
73.87
73.66
73.46
73.20
72.92
72.62
72.43
72.20
71.97
71.76
71.54
71.33
71.14
70.91
70.65
70.35
69.99
69.65
69.46
69.16
68.96
68.72
68.52
68.30
68.11
67.89
67.67
67.33
67.12
66.93
66.71
66.52
66.33
66.12
66.12
66.04
65.94
65.82
65.64
65.52
65.42
65.30
65.20
65.02
64.89
64.81
64.60
64.50
64.29
64.06
63.80
63.55
63.34
63.17
62.96
62.85
62.75
62.58
62.47
62.26
62.16
62.01
61.85
61.65
61.47
61.28
61.10
60.99
60.88
60.77
60.66
60.50
60.39
60.26
60.15
60.06
59.95
59.85
59.71
59.59
59.47
59.31
59.16
59.02
58.88
58.74
58.62
58.49
58.36
58.25
58.13
58.03
57.95
57.83
57.71
57.62
57.50
57.37
57.25
57.14
57.01
56.90
56.78
56.67
56.56
56.43
56.32
56.22
56.09
55.98
55.84
55.72
55.64
