87.37
87.17
86.96
86.73
86.52
86.32
86.10
85.78
85.48
85.20
84.91
84.54
84.22
83.84
83.42
83.13
82.84
82.51
82.22
81.89
81.59
81.29
81.00
80.73
80.43
80.13
79.82
79.64
79.30
79.00
78.63
78.42
78.05
77.75
77.44
77.13
76.80
76.49
76.12
75.78
75.44
75.13
74.83
74.56
74.14
73.95
73.68
73.28
73.05
72.62
72.29
71.97
71.78
71.50
71.29
71.08
70.88
70.68
70.46
70.25
69.96
69.74
69.44
69.24
69.02
68.81
68.60
68.40
68.16
67.95
67.78
67.47
67.16
66.78
66.48
66.28
65.96
65.75
65.51
65.29
65.11
64.92
64.73
64.42
64.22
64.00
63.78
63.56
63.33
63.12
62.93
62.68
62.45
62.25
62.01
61.78
61.56
61.36
61.15
60.91
60.65
60.43
60.10
59.90
59.55
59.22
58.87
58.50
58.19
57.91
57.58
57.37
57.18
56.91
56.71
56.37
56.13
56.13
56.05
55.87
55.65
55.48
55.25
55.02
54.90
54.75
54.63
54.51
54.32
54.20
54.09
53.97
53.82
53.70
53.60
53.47
53.40
53.29
53.13
52.97
52.85
52.72
52.59
52.51
52.36
52.28
52.14
52.03
51.91
51.78
51.67
51.54
51.45
51.33
51.22
51.10
50.98
50.87
50.76
50.67
50.56
50.43
50.27
50.14
50.04
49.92
49.84
49.72
49.58
49.49
