85.38
85.13
84.89
84.68
84.45
84.23
84.00
83.70
83.39
83.08
82.79
82.43
82.10
81.74
81.43
81.15
80.88
80.61
80.31
80.00
79.73
79.41
79.11
78.78
78.50
78.18
77.86
77.54
77.27
77.01
76.70
76.38
75.99
75.66
75.33
75.03
74.69
74.33
73.99
73.68
73.34
73.01
72.66
72.36
72.04
71.58
71.20
70.80
70.41
70.05
69.84
69.50
69.17
68.91
68.68
68.48
68.30
68.08
67.86
67.65
67.41
67.11
66.82
66.59
66.39
66.18
65.97
65.76
65.56
65.36
65.15
64.87
64.54
64.20
63.91
63.72
63.40
63.20
62.98
62.74
62.55
62.36
62.14
61.94
61.63
61.42
61.21
61.02
60.80
60.61
60.38
60.16
59.95
59.73
59.49
59.27
59.02
58.79
58.59
58.33
58.09
57.89
57.54
57.33
56.99
56.69
56.30
55.93
55.93
55.79
55.57
55.35
55.21
55.10
54.93
54.82
54.60
54.46
54.29
53.93
53.62
53.30
52.98
52.89
52.77
52.62
52.51
52.42
52.26
52.15
52.03
51.94
51.82
51.70
51.58
51.45
51.30
51.17
51.04
50.91
50.81
50.69
50.59
50.44
50.33
50.22
50.12
50.01
49.90
49.75
49.62
49.47
49.35
49.26
49.15
49.03
48.92
48.80
48.71
48.57
48.46
48.32
48.19
48.08
47.96
47.84
47.73
47.59
47.43
