84.66
84.43
84.24
84.00
83.78
83.58
83.35
83.04
82.74
82.44
82.12
81.71
81.21
80.96
80.45
80.11
79.72
79.38
78.99
78.65
78.25
77.87
77.64
77.31
76.91
76.55
76.21
75.86
75.49
75.14
74.80
74.45
74.45
74.11
73.80
73.50
73.18
72.85
72.52
72.18
71.88
71.53
71.21
70.90
70.55
70.46
70.23
70.01
69.75
69.55
69.31
69.07
68.88
68.70
68.55
68.42
68.30
68.19
68.06
67.95
67.84
67.66
67.46
67.26
67.14
67.00
66.90
66.77
66.66
66.54
66.44
66.32
66.15
65.93
65.73
65.50
65.38
65.17
65.08
64.97
64.86
64.75
64.64
64.52
64.42
64.21
64.11
64.00
63.88
63.78
63.68
63.54
63.35
63.23
63.09
62.94
62.82
62.68
62.56
62.48
62.32
62.22
62.12
61.88
61.79
61.56
61.37
61.13
60.94
60.71
60.50
60.28
60.14
60.01
59.84
59.73
59.53
59.42
59.28
59.13
58.94
58.75
58.51
58.36
58.23
58.11
58.01
57.86
57.70
57.59
57.45
57.34
57.24
57.11
57.00
56.88
56.76
56.66
56.45
56.33
56.23
56.11
56.02
55.91
55.77
55.64
55.55
55.45
55.36
55.26
55.16
55.02
54.93
54.81
54.71
54.58
54.46
54.33
54.21
54.11
53.99
53.89
53.74
53.61
53.49
53.35
53.24
53.14
52.99
52.86
