85.48
85.26
85.06
84.83
84.61
84.42
84.18
83.90
83.61
83.33
83.00
82.63
82.34
82.01
81.69
81.38
81.06
80.73
80.44
80.12
79.81
79.37
79.12
78.78
78.46
78.17
77.84
77.52
77.23
76.98
76.70
76.41
76.02
75.69
75.34
75.03
74.72
74.38
73.98
73.67
73.32
73.01
72.70
72.37
72.07
71.74
71.43
71.11
70.77
70.43
70.10
69.76
69.47
69.25
69.05
68.85
68.64
68.43
68.23
68.03
67.78
67.46
67.14
66.93
66.72
66.49
66.28
66.05
65.83
65.62
65.44
65.13
64.79
64.43
64.10
63.91
63.61
63.37
63.17
62.96
62.74
62.53
62.34
62.13
61.80
61.61
61.40
61.18
60.97
60.77
60.54
60.30
60.11
59.91
59.64
59.42
59.21
58.99
58.79
58.79
58.67
58.53
58.43
58.24
58.15
57.95
57.75
57.48
57.23
57.00
56.79
56.59
56.48
56.38
56.19
56.08
55.87
55.74
55.58
55.42
55.22
55.05
54.85
54.61
54.47
54.35
54.24
54.11
53.93
53.80
53.67
53.58
53.48
53.37
53.28
53.16
53.03
52.90
52.74
52.60
52.45
52.30
52.19
52.09
51.96
51.84
51.75
51.61
51.50
51.39
51.28
51.15
51.05
50.92
50.79
50.68
50.57
50.44
50.31
50.22
50.09
50.00
49.85
49.75
49.65
49.51
49.40
49.27
49.13
49.02
