82.86
82.64
82.43
82.22
81.98
81.79
81.58
81.27
80.80
80.46
80.13
80.13
79.80
79.46
79.15
79.06
78.86
78.64
78.43
78.21
77.97
77.72
77.48
77.25
77.05
76.87
76.68
76.47
76.26
76.07
75.86
75.66
75.43
75.12
74.87
74.69
74.47
74.25
73.98
73.80
73.56
73.29
73.02
72.78
72.56
72.33
72.09
71.85
71.64
71.40
71.14
70.88
70.67
70.47
70.35
70.23
70.11
69.99
69.87
69.75
69.62
69.45
69.25
69.03
68.93
68.83
68.73
68.63
68.51
68.37
68.26
68.15
67.97
67.75
67.50
67.27
67.18
66.94
66.81
66.68
66.57
66.46
66.38
66.27
66.15
65.93
65.84
65.72
65.64
65.52
65.40
65.26
65.12
65.00
64.90
64.74
64.61
64.49
64.39
64.28
64.11
63.99
63.90
63.64
63.55
63.33
63.15
62.87
62.68
62.45
62.21
61.98
61.84
61.72
61.56
61.44
61.22
61.09
60.91
60.74
60.56
60.37
60.18
60.00
59.90
59.80
59.69
59.57
59.40
59.26
59.15
59.05
58.93
58.81
58.69
58.57
58.48
58.37
58.18
58.09
57.96
57.85
57.73
57.58
57.46
57.31
57.15
57.01
56.88
56.78
56.66
56.54
56.43
56.31
56.21
56.08
55.96
55.86
55.73
55.62
55.51
55.39
55.23
55.13
55.03
54.90
54.80
54.66
54.51
54.38
