88.45
88.22
88.00
87.78
87.52
87.31
86.92
86.54
86.23
86.03
85.77
85.39
85.11
84.78
84.47
84.08
83.80
83.58
83.18
82.93
82.61
82.34
82.01
81.82
81.56
81.25
80.93
80.62
80.29
79.99
79.68
79.35
78.96
78.62
78.30
77.99
77.67
77.37
77.08
76.73
76.37
76.01
75.70
75.35
75.02
74.70
74.36
74.03
73.73
73.42
73.09
72.78
72.46
72.23
72.02
71.80
71.55
71.34
71.15
70.95
70.68
70.37
70.07
69.89
69.68
69.47
69.25
69.02
68.80
68.60
68.40
68.13
67.82
67.44
67.10
66.90
66.57
66.36
66.14
65.97
65.77
65.57
65.33
65.13
64.80
64.59
64.41
64.19
63.99
63.77
63.54
63.29
63.07
62.85
62.61
62.42
62.20
62.00
61.79
61.51
61.27
60.94
60.72
60.40
60.09
59.77
59.36
58.97
58.63
58.27
58.06
57.82
57.60
57.32
57.13
57.13
57.03
56.92
56.75
56.59
56.42
56.21
56.00
55.79
55.67
55.51
55.42
55.28
55.09
54.98
54.87
54.78
54.65
54.51
54.39
54.27
54.19
54.07
53.91
53.79
53.68
53.54
53.42
53.30
53.21
53.09
52.94
52.84
52.73
52.60
52.52
52.38
52.29
52.17
52.06
51.96
51.84
51.71
51.58
51.50
51.39
51.28
51.14
51.04
50.91
50.78
50.69
50.58
50.46
50.33
