85.87
85.65
85.43
85.19
84.98
84.79
84.54
84.23
83.86
83.56
83.23
82.98
82.68
82.36
82.08
81.76
81.45
81.18
80.88
80.60
80.26
79.94
79.65
79.36
79.06
78.78
78.48
78.19
77.93
77.61
77.32
77.02
76.61
76.30
75.95
75.62
75.62
75.48
75.28
75.05
74.84
74.62
74.42
74.19
74.03
73.84
73.62
73.39
73.21
72.98
72.75
72.54
72.32
72.10
71.94
71.82
71.70
71.58
71.46
71.36
71.24
71.09
70.90
70.69
70.57
70.44
70.31
70.20
70.08
69.96
69.84
69.73
69.56
69.33
69.10
68.89
68.77
68.53
68.43
68.31
68.20
68.09
67.98
67.90
67.79
67.57
67.45
67.34
67.23
67.11
66.99
66.86
66.67
66.55
66.44
66.26
66.15
66.03
65.92
65.81
65.64
65.50
65.42
65.24
65.14
64.92
64.75
64.47
64.27
64.02
63.82
63.59
63.46
63.33
63.16
63.05
62.89
62.79
62.64
62.50
62.30
62.13
61.94
61.72
61.61
61.46
61.35
61.23
61.08
60.97
60.84
60.73
60.62
60.50
60.38
60.26
60.14
60.01
59.81
59.71
59.59
59.48
59.36
59.22
59.10
58.97
58.83
58.70
58.57
58.45
58.33
58.22
58.12
58.01
57.90
57.80
57.70
57.61
57.50
57.39
57.30
57.18
57.04
56.93
56.84
56.71
56.58
56.44
56.30
56.18
