103.41
103.17
102.99
102.74
102.55
102.23
101.92
101.53
101.16
100.78
100.44
100.11
99.74
99.33
98.98
98.68
98.36
98.03
97.71
97.38
97.05
96.74
96.33
95.98
95.65
95.36
95.06
94.80
94.58
94.28
94.07
93.81
93.60
93.38
93.03
92.68
92.40
92.09
91.73
91.42
91.12
90.76
90.46
90.16
89.87
89.65
89.45
89.22
88.86
88.50
88.22
87.98
87.77
87.58
87.35
87.16
86.92
86.60
86.30
85.94
85.57
85.33
85.03
84.84
84.57
84.21
83.92
83.66
83.45
83.08
82.75
82.38
82.09
81.71
81.37
81.17
80.96
80.68
80.47
80.27
80.06
79.83
79.59
79.35
79.11
78.91
78.69
78.49
78.26
78.00
77.78
77.57
77.36
77.12
76.88
76.65
76.40
76.08
75.82
75.57
75.35
75.03
74.81
74.50
74.20
73.98
73.74
73.45
73.11
72.81
72.48
72.25
72.03
71.79
71.46
71.08
70.78
70.46
70.16
69.98
69.98
69.88
69.78
69.57
69.34
69.13
68.95
68.73
68.52
68.36
68.22
68.09
68.01
67.90
67.77
67.64
67.46
67.35
67.24
67.11
66.99
66.89
66.79
66.57
66.37
66.23
66.07
65.88
65.76
65.66
65.57
65.44
65.32
65.20
65.05
64.90
64.79
64.64
64.52
64.40
64.32
64.20
64.09
64.01
63.88
63.78
63.67
63.57
63.43
63.31
63.19
63.08
62.95
62.86
62.76
62.67
62.53
62.42
62.30
62.20
62.10
61.95
61.84
61.75
61.61
61.43
61.31
61.22
61.10
61.00
60.87
60.74
60.63
60.52
60.39
60.25
60.11
60.00
59.89
59.73
59.58
59.48
