102.33
102.07
101.85
101.59
101.36
101.05
100.74
100.34
99.96
99.54
99.23
98.91
98.60
98.18
98.18
97.96
97.77
97.39
97.23
96.93
96.50
96.41
96.00
95.68
95.56
95.26
95.03
94.82
94.57
94.46
94.26
94.13
93.98
93.88
93.78
93.54
93.22
93.02
92.83
92.56
92.30
92.12
91.83
91.61
91.39
91.20
91.09
90.99
90.89
90.71
90.48
90.32
90.18
90.07
89.97
89.86
89.77
89.62
89.32
89.08
88.85
88.53
88.40
88.24
88.11
87.91
87.68
87.47
87.24
87.10
86.83
86.54
86.31
86.02
85.85
85.61
85.50
85.40
85.24
85.14
85.05
84.95
84.85
84.70
84.59
84.45
84.35
84.23
84.08
83.97
83.85
83.73
83.61
83.52
83.39
83.21
83.09
82.95
82.75
82.62
82.52
82.40
82.17
81.99
81.84
81.61
81.47
81.34
81.06
80.78
80.57
80.34
80.19
80.08
79.90
79.69
79.43
79.20
79.02
78.85
78.76
78.58
78.47
78.33
78.15
77.99
77.80
77.56
77.37
77.17
77.06
76.95
76.85
76.73
76.58
76.46
76.25
76.11
75.95
75.77
75.67
75.55
75.38
75.18
75.06
74.97
74.84
74.65
74.53
74.34
74.18
74.04
73.89
73.80
73.69
73.60
73.50
73.35
73.25
73.13
73.01
72.93
72.81
72.72
72.59
72.45
72.31
72.19
72.09
71.96
71.86
71.75
71.64
71.55
71.47
71.35
71.27
71.16
71.04
70.93
70.83
70.68
70.57
70.45
70.31
70.07
69.89
69.75
69.63
69.48
69.35
69.18
69.07
68.96
68.80
68.67
68.53
68.40
68.25
68.16
68.02
67.88
