103.61
103.38
103.17
102.96
102.75
102.42
102.10
101.71
101.31
100.95
100.62
100.24
99.90
99.52
99.08
98.79
98.40
98.16
97.81
97.43
97.21
96.80
96.53
96.21
95.87
95.59
95.30
95.00
94.79
94.51
94.21
93.91
93.67
93.45
93.11
92.80
92.51
92.19
91.86
91.53
91.25
90.98
90.68
90.35
90.06
89.86
89.66
89.39
89.10
88.72
88.46
88.22
88.01
87.82
87.60
87.39
87.16
86.84
86.51
86.18
85.80
85.56
85.33
85.08
84.79
84.44
84.14
83.81
83.60
83.26
82.80
82.41
82.07
81.65
81.46
81.26
81.01
80.78
80.51
80.31
80.11
79.92
79.69
79.45
79.21
79.00
78.79
78.59
78.36
78.09
77.87
77.67
77.48
77.26
77.02
76.76
76.52
76.32
76.12
75.93
75.70
75.38
75.15
74.81
74.49
74.25
73.99
73.72
73.36
73.06
72.78
72.56
72.36
72.11
71.75
71.43
71.15
70.87
70.57
70.34
70.07
69.87
69.49
69.15
68.77
68.41
68.01
67.79
67.55
67.36
67.13
66.92
66.73
66.47
66.27
65.96
65.73
65.54
65.32
65.09
64.89
64.63
64.38
64.38
64.24
64.15
64.00
63.87
63.68
63.55
63.44
63.34
63.20
63.10
62.97
62.89
62.73
62.59
62.47
62.33
62.22
62.06
61.95
61.86
61.76
61.61
61.50
61.40
61.27
61.15
61.06
60.94
60.79
60.71
60.62
60.49
60.39
60.25
60.14
60.04
59.91
59.73
59.62
59.47
59.35
59.18
59.09
58.99
58.85
58.75
58.65
58.48
58.37
58.24
58.12
57.95
57.85
57.74
57.63
57.54
57.41
57.33
