102.63
102.38
102.16
101.96
101.75
101.25
100.86
100.45
100.03
99.62
99.26
98.87
98.52
98.25
97.88
97.54
97.23
96.85
96.58
96.30
96.03
95.71
95.36
94.91
94.49
94.15
93.81
93.58
93.22
93.03
92.75
92.46
92.25
92.06
91.74
91.48
91.13
90.81
90.50
90.16
89.87
89.56
89.29
88.98
88.70
88.49
88.29
88.08
87.77
87.33
87.03
86.79
86.59
86.37
86.16
85.88
85.46
85.09
84.71
84.26
84.02
83.81
83.81
83.67
83.33
83.01
82.66
82.35
82.21
81.85
81.47
81.35
81.13
80.91
80.78
80.55
80.42
80.29
80.18
80.04
79.91
79.80
79.67
79.56
79.43
79.29
79.20
79.06
78.98
78.89
78.73
78.61
78.43
78.33
78.21
78.11
77.97
77.82
77.69
77.55
77.44
77.31
77.09
76.90
76.71
76.52
76.37
76.22
75.99
75.76
75.54
75.30
75.11
75.01
74.82
74.58
74.31
74.08
73.90
73.72
73.62
73.44
73.33
73.17
73.00
72.80
72.59
72.34
72.15
72.06
71.95
71.82
71.71
71.59
71.40
71.23
71.06
70.92
70.75
70.60
70.49
70.39
70.23
70.14
69.94
69.87
69.72
69.60
69.46
69.35
69.24
69.15
68.99
68.87
68.75
68.66
68.54
68.34
68.24
68.13
68.01
67.90
67.79
67.70
67.56
67.49
67.35
67.25
67.15
67.01
66.91
66.82
66.72
66.63
66.55
66.46
66.37
66.25
66.10
65.95
65.85
65.72
65.60
65.50
65.36
65.19
65.09
64.91
64.80
64.69
64.57
64.45
64.36
64.24
64.13
64.04
63.93
63.84
63.68
63.57
63.38
63.26
