103.07
102.86
102.61
102.37
102.15
101.85
101.54
101.10
100.71
100.35
100.03
99.75
99.38
99.04
98.71
98.29
97.97
97.60
97.25
96.92
96.59
96.11
95.73
95.36
94.85
94.48
94.09
93.88
93.67
93.38
93.18
92.85
92.64
92.41
92.08
91.80
91.54
91.23
90.91
90.59
90.22
89.92
89.63
89.30
89.00
88.80
88.57
88.21
87.98
87.66
87.31
87.08
86.86
86.67
86.44
86.22
85.96
85.69
85.39
85.00
84.52
84.21
83.92
83.69
83.37
83.04
82.76
82.47
82.22
81.87
81.51
81.18
80.89
80.59
80.33
80.13
79.91
79.68
79.46
79.25
79.03
78.78
78.55
78.33
78.08
77.89
77.65
77.46
77.24
76.93
76.70
76.47
76.27
76.06
75.84
75.59
75.34
75.08
74.85
74.59
74.33
74.04
73.80
73.50
73.18
72.93
72.93
72.85
72.65
72.43
72.25
72.06
71.95
71.83
71.70
71.52
71.29
71.09
70.89
70.69
70.58
70.38
70.28
70.13
69.94
69.74
69.52
69.26
69.05
68.91
68.77
68.66
68.56
68.45
68.30
68.17
67.98
67.87
67.75
67.62
67.50
67.39
67.28
67.11
66.97
66.89
66.75
66.56
66.44
66.33
66.24
66.15
66.04
65.93
65.78
65.71
65.58
65.40
65.28
65.12
65.00
64.88
64.79
64.66
64.54
64.43
64.30
64.19
64.08
63.97
63.87
63.77
63.64
63.53
63.44
63.34
63.24
63.12
62.97
62.79
62.70
62.52
62.43
62.29
62.18
61.99
61.85
61.73
61.60
61.44
61.31
61.16
61.03
60.88
60.76
60.67
60.55
60.45
60.29
60.20
60.03
59.85
