103.95
103.67
103.45
103.18
102.98
102.67
102.35
101.96
101.61
101.21
100.87
100.54
100.22
99.83
99.49
99.18
98.82
98.51
98.21
97.87
97.56
97.13
96.82
96.57
96.20
95.88
95.59
95.37
95.13
94.87
94.67
94.36
94.14
93.92
93.60
93.26
92.95
92.66
92.32
92.02
91.62
91.34
91.07
90.77
90.48
90.26
90.05
89.85
89.54
89.20
88.90
88.65
88.40
88.20
87.99
87.78
87.52
87.22
86.92
86.48
86.07
85.85
85.61
85.39
85.09
84.76
84.45
84.14
83.93
83.55
83.25
82.94
82.60
82.31
82.00
81.81
81.60
81.32
81.11
80.91
80.72
80.53
80.29
80.07
79.85
79.63
79.42
79.21
78.99
78.76
78.53
78.26
78.04
77.80
77.57
77.36
77.09
76.84
76.66
76.48
76.25
75.89
75.89
75.76
75.57
75.39
75.27
75.12
74.94
74.73
74.53
74.31
74.20
74.08
73.70
73.41
73.21
73.00
72.64
72.55
72.43
72.28
72.14
71.95
71.77
71.57
71.34
71.10
70.91
70.73
70.61
70.37
70.27
70.16
69.99
69.88
69.71
69.58
69.46
69.34
69.24
69.11
69.00
68.86
68.72
68.63
68.48
68.29
68.14
68.03
67.90
67.76
67.56
67.43
67.34
67.18
67.04
66.83
66.69
66.58
66.50
66.41
66.29
66.19
66.10
65.96
65.85
65.75
65.61
65.48
65.36
65.26
65.14
65.00
64.84
64.71
64.61
64.51
64.37
64.28
64.17
64.02
63.93
63.81
63.68
63.53
63.39
63.25
63.10
63.01
62.91
62.77
62.68
62.53
62.39
62.26
62.16
62.08
61.94
61.82
61.71
61.54
