103.45
103.23
103.01
102.75
102.52
102.22
101.88
101.55
101.17
100.71
100.41
100.08
99.76
99.36
98.94
98.66
98.32
97.77
97.46
97.09
96.72
96.42
96.07
95.69
95.41
95.10
94.80
94.50
94.27
93.99
93.76
93.49
93.21
92.97
92.62
92.34
91.98
91.66
91.33
91.04
90.70
90.36
90.01
89.71
89.42
89.21
89.01
88.78
88.48
88.13
87.83
87.63
87.45
87.26
87.05
86.82
86.58
86.22
85.93
85.55
85.15
84.92
84.67
84.47
84.18
83.88
83.58
83.29
83.09
82.62
82.21
81.80
81.56
81.25
80.92
80.72
80.52
80.26
80.06
79.81
79.56
79.32
79.11
78.87
78.67
78.49
78.26
78.04
77.82
77.53
77.33
77.10
76.89
76.69
76.40
76.18
75.92
75.66
75.39
75.19
74.96
74.62
74.38
74.07
73.78
73.56
73.30
72.95
72.63
72.31
71.98
71.73
71.52
71.28
70.79
70.36
69.99
69.61
69.42
69.21
68.94
68.74
68.47
68.04
67.83
67.50
67.17
66.87
66.64
66.42
66.19
65.99
65.80
65.54
65.32
65.32
65.21
65.05
64.93
64.84
64.73
64.64
64.54
64.37
64.22
64.12
63.96
63.80
63.68
63.59
63.49
63.37
63.23
63.13
63.02
62.87
62.75
62.56
62.47
62.29
62.20
62.08
61.96
61.86
61.73
61.63
61.49
61.40
61.29
61.16
61.07
60.98
60.87
60.76
60.68
60.55
60.45
60.36
60.27
60.16
60.05
59.88
59.78
59.66
59.56
59.40
59.27
59.18
59.07
58.96
58.78
58.65
58.54
58.43
58.26
58.17
58.04
57.95
57.80
57.68
57.53
57.42
