103.98
103.74
103.52
103.31
103.05
102.75
102.43
102.05
101.67
101.24
100.90
100.58
100.26
99.87
99.53
99.09
98.71
98.32
97.93
97.69
97.35
97.02
96.68
96.39
96.05
95.77
95.48
95.18
94.96
94.69
94.44
94.15
93.89
93.66
93.33
93.02
92.63
92.29
91.83
91.53
91.16
90.86
90.49
90.19
89.99
89.77
89.58
89.36
89.00
88.65
88.35
88.16
87.95
87.77
87.54
87.31
86.92
86.60
86.24
85.82
85.53
85.32
85.05
84.66
84.20
83.82
83.42
83.18
82.83
82.41
82.20
81.88
81.54
81.23
80.93
80.72
80.53
80.29
80.10
79.88
79.69
79.47
79.25
79.02
78.75
78.57
78.36
78.16
77.92
77.63
77.41
77.18
76.98
76.76
76.55
76.31
76.09
75.80
75.54
75.33
75.09
74.73
74.50
74.17
73.84
73.60
73.37
73.07
72.80
72.48
72.17
71.91
71.69
71.43
71.09
70.77
70.44
70.18
69.83
69.64
69.38
69.19
68.93
68.67
68.33
68.01
67.65
67.36
67.06
66.84
66.59
66.36
66.17
65.93
65.71
65.71
65.58
65.46
65.36
65.23
65.13
65.02
64.91
64.77
64.62
64.52
64.39
64.24
64.10
63.97
63.88
63.76
63.65
63.54
63.41
63.32
63.13
62.93
62.84
62.71
62.56
62.44
62.33
62.24
62.14
62.03
61.93
61.84
61.70
61.55
61.45
61.35
61.25
61.13
61.00
60.88
60.77
60.68
60.58
60.50
60.42
60.22
60.10
59.97
59.87
59.69
59.57
59.46
59.34
59.23
59.13
59.00
58.89
58.80
58.67
58.57
58.46
58.35
58.26
58.16
58.01
57.89
