102.90
102.66
102.45
102.17
101.91
101.61
101.23
100.91
100.52
100.12
99.79
99.45
99.11
98.73
98.38
98.06
97.75
97.38
97.08
96.80
96.51
96.20
95.86
95.52
95.21
94.95
94.68
94.35
94.13
93.87
93.64
93.64
93.48
93.37
93.06
92.73
92.42
92.04
91.71
91.31
90.95
90.83
90.61
90.39
90.19
89.99
89.87
89.78
89.66
89.45
89.21
89.00
88.89
88.78
88.69
88.56
88.44
88.30
88.05
87.87
87.57
87.26
87.11
86.91
86.80
86.55
86.34
86.10
85.92
85.83
85.59
85.36
85.13
84.91
84.70
84.53
84.42
84.31
84.19
84.08
83.98
83.90
83.78
83.65
83.54
83.40
83.25
83.14
83.04
82.91
82.66
82.55
82.40
82.31
82.19
82.08
81.89
81.72
81.52
81.31
81.19
81.05
80.81
80.63
80.43
80.27
80.12
80.00
79.81
79.60
79.38
79.21
79.09
78.99
78.86
78.64
78.33
78.06
77.87
77.64
77.53
77.42
77.32
77.21
77.01
76.79
76.61
76.38
76.21
76.03
75.91
75.79
75.69
75.60
75.43
75.32
75.19
75.06
74.95
74.82
74.72
74.64
74.55
74.41
74.23
74.12
74.00
73.80
73.60
73.49
73.37
73.29
73.17
73.05
72.93
72.84
72.68
72.52
72.41
72.24
72.14
72.01
71.87
71.78
71.62
71.52
71.41
71.31
71.19
71.08
70.96
70.84
70.72
70.63
70.49
70.39
70.29
70.20
70.10
69.99
69.90
69.77
69.64
69.53
69.39
69.26
69.12
68.99
68.85
68.74
68.59
68.45
68.36
68.24
68.14
67.98
67.88
67.78
67.66
67.55
67.43
67.27
