103.80
103.55
103.34
103.10
102.86
102.59
102.26
101.90
101.52
101.15
100.83
100.48
100.12
99.81
99.45
99.16
98.86
98.56
98.20
97.85
97.55
97.22
96.90
96.54
96.23
95.88
95.55
95.26
95.04
94.77
94.52
94.21
93.95
93.78
93.44
93.10
92.78
92.47
92.18
91.85
91.47
91.13
90.84
90.52
90.24
90.03
89.82
89.52
89.21
88.85
88.56
88.35
88.13
87.92
87.72
87.50
87.24
86.91
86.59
86.26
85.79
85.51
85.25
85.02
84.72
84.39
84.15
83.84
83.63
83.29
82.93
82.60
82.27
81.91
81.59
81.36
81.16
80.93
80.73
80.53
80.32
80.10
79.88
79.65
79.41
79.21
79.02
78.82
78.59
78.37
78.14
77.91
77.70
77.47
77.23
76.98
76.73
76.73
76.60
76.47
76.34
75.96
75.86
75.47
75.09
74.98
74.85
74.55
74.23
73.94
73.62
73.46
73.35
73.25
73.11
72.83
72.63
72.38
72.19
72.00
71.88
71.74
71.62
71.49
71.32
71.11
70.89
70.64
70.40
70.23
70.13
69.99
69.88
69.73
69.54
69.41
69.27
69.14
69.01
68.90
68.78
68.64
68.52
68.37
68.23
68.16
68.01
67.84
67.72
67.58
67.48
67.33
67.17
67.07
66.97
66.87
66.75
66.59
66.50
66.37
66.26
66.18
66.08
65.96
65.82
65.72
65.61
65.50
65.38
65.26
65.14
65.05
64.91
64.82
64.68
64.57
64.46
64.34
64.21
64.10
64.03
63.90
63.79
63.68
63.55
63.41
63.30
63.17
63.09
62.99
62.86
62.72
62.61
62.51
62.38
62.30
62.21
62.12
62.03
61.90
61.71
61.60
