104.07
103.84
103.65
103.43
103.20
102.89
102.56
102.27
101.92
101.57
101.21
100.92
100.55
100.17
99.80
99.50
99.00
98.75
98.43
98.10
97.75
97.40
97.06
96.72
96.32
96.03
95.71
95.40
95.16
94.90
94.70
94.40
94.19
93.83
93.44
93.04
92.68
92.27
91.89
91.50
91.24
90.91
90.65
90.30
90.05
89.82
89.60
89.30
88.99
88.60
88.38
88.18
87.97
87.78
87.55
87.29
87.07
86.69
86.39
86.06
85.65
85.39
85.09
84.86
84.59
84.21
83.86
83.56
83.36
82.93
82.60
82.33
81.99
81.68
81.45
81.25
81.02
80.75
80.54
80.33
80.12
79.91
79.67
79.45
79.24
79.04
78.82
78.58
78.37
78.06
77.85
77.63
77.44
77.21
76.97
76.78
76.52
76.20
75.94
75.73
75.52
75.13
74.91
74.65
74.37
74.14
73.89
73.63
73.28
72.91
72.62
72.39
72.18
71.79
71.41
71.14
70.80
70.37
70.16
69.94
69.66
69.46
69.21
68.94
68.62
68.34
68.02
67.72
67.46
67.22
67.22
67.12
67.01
66.88
66.69
66.55
66.36
66.19
66.01
65.82
65.72
65.63
65.52
65.36
65.13
65.03
64.89
64.72
64.47
64.34
64.25
64.11
63.98
63.88
63.72
63.57
63.45
63.24
63.12
63.00
62.85
62.71
62.61
62.53
62.40
62.27
62.15
62.04
61.92
61.81
61.70
61.59
61.48
61.38
61.27
61.16
61.04
60.96
60.82
60.74
60.66
60.47
60.35
60.24
60.16
60.00
59.88
59.77
59.65
59.53
59.39
59.22
59.10
59.02
58.91
58.83
58.73
58.64
58.49
58.35
58.24
58.14
