49.90
49.68
49.44
49.16
48.85
48.48
48.08
47.76
47.42
47.07
46.76
46.47
46.19
45.83
45.62
45.32
45.04
44.82
44.58
44.28
43.96
43.58
43.20
42.84
42.53
42.16
41.83
41.50
41.16
40.85
40.55
40.28
39.97
39.61
39.30
38.97
38.62
38.34
38.04
37.70
37.45
37.17
36.83
36.48
36.17
35.81
35.38
35.09
34.77
34.45
34.12
33.79
33.43
33.11
32.84
32.50
32.17
31.95
31.60
31.37
31.05
30.72
30.39
29.97
29.63
29.32
28.99
28.67
28.41
28.10
27.82
27.61
27.39
27.09
26.88
26.69
26.34
26.13
25.81
25.59
25.35
25.08
24.78
24.52
24.31
24.05
23.78
23.55
23.32
23.04
22.77
22.54
22.30
22.09
21.71
21.49
21.17
20.90
20.73
20.52
20.17
19.79
19.45
19.12
18.80
18.52
18.20
17.90
17.65
17.65
17.47
17.26
17.12
16.85
16.45
16.28
15.79
15.47
15.28
14.98
14.86
14.55
14.36
14.14
13.95
13.83
13.62
13.46
13.22
13.05
12.89
12.73
12.65
12.56
12.44
12.28
12.18
12.10
11.94
11.81
11.58
11.43
11.28
11.11
10.99
10.83
10.69
10.58
10.42
10.29
10.16
10.05
9.92
9.81
9.65
9.54
9.39
9.25
9.06
8.93
8.81
