50.08
49.84
49.62
49.33
49.07
48.55
48.25
47.80
47.60
47.28
46.99
46.63
46.35
46.05
45.83
45.52
45.23
44.97
44.58
44.29
44.03
43.65
43.36
42.98
42.69
42.39
42.10
41.82
41.50
41.22
40.87
40.58
40.28
40.00
39.70
39.29
39.00
38.67
38.38
38.08
37.78
37.49
37.12
36.81
36.49
36.19
35.91
35.65
35.33
34.99
34.67
34.40
34.07
33.80
33.57
33.22
32.90
32.69
32.38
32.14
31.83
31.54
31.21
30.84
30.52
30.13
29.81
29.49
29.18
28.86
28.58
28.36
28.14
27.86
27.64
27.43
27.16
26.97
26.65
26.45
26.21
25.96
25.73
25.45
25.27
25.02
24.75
24.51
24.24
23.97
23.71
23.50
23.26
23.00
22.66
22.43
22.10
21.84
21.64
21.44
21.14
20.79
20.39
20.10
19.76
19.46
19.21
18.87
18.59
18.23
17.91
17.66
17.31
16.98
16.62
16.24
15.92
15.58
15.34
14.96
14.59
14.59
14.42
14.21
14.04
13.84
13.62
13.45
13.22
12.99
12.83
12.67
12.55
12.41
12.24
12.08
11.99
11.89
11.70
11.56
11.29
11.14
10.96
10.75
10.61
10.44
10.34
10.19
10.02
9.91
9.78
9.63
9.48
9.36
9.25
9.15
9.04
8.91
8.72
8.58
8.44
