50.35
50.09
49.89
49.60
49.30
48.92
48.35
48.11
47.68
47.31
47.11
46.65
46.40
46.11
45.86
45.52
45.26
45.07
44.71
44.40
44.12
43.79
43.40
43.06
42.78
42.46
42.16
41.79
41.47
41.15
40.78
40.47
40.18
39.93
39.53
39.22
38.94
38.63
38.33
37.99
37.68
37.39
37.09
36.77
36.34
36.00
35.61
35.29
34.95
34.74
34.45
34.14
33.80
33.44
33.14
32.84
32.51
32.27
32.00
31.76
31.40
31.10
30.77
30.38
30.09
29.76
29.50
29.15
28.84
28.47
28.21
28.00
27.79
27.50
27.23
27.03
26.71
26.49
26.14
25.94
25.71
25.45
25.11
24.84
24.65
24.42
24.14
23.92
23.71
23.44
23.18
22.94
22.71
22.53
22.14
21.93
21.60
21.36
21.18
20.95
20.64
20.32
19.92
19.63
19.32
19.03
18.61
18.30
18.06
17.69
17.36
17.14
16.79
16.27
16.01
15.53
15.18
14.95
14.51
14.29
13.89
13.58
13.24
12.92
12.65
12.35
12.07
11.71
11.45
11.20
10.92
10.71
10.50
10.25
10.07
9.87
9.67
9.67
9.54
9.41
9.14
8.99
8.84
8.70
8.59
8.45
8.33
8.22
8.08
7.98
7.84
7.72
7.62
7.49
7.36
7.24
7.05
6.95
6.72
6.57
6.44
