49.69
49.45
49.19
48.92
48.64
48.28
47.87
47.35
47.12
46.83
46.52
46.21
45.87
45.57
45.35
45.05
44.77
44.51
44.22
43.91
43.57
43.21
42.86
42.47
42.18
41.93
41.63
41.27
40.90
40.60
40.28
39.94
39.66
39.41
39.09
38.70
38.38
38.11
37.83
37.56
37.30
36.98
36.69
36.35
36.01
35.70
35.27
34.95
34.61
34.33
34.09
33.82
33.46
33.07
32.69
32.30
31.95
31.73
31.47
31.25
30.94
30.61
30.22
29.88
29.59
29.28
28.97
28.66
28.36
28.02
27.68
27.45
27.21
26.94
26.73
26.53
26.22
26.05
25.77
25.54
25.27
25.05
24.77
24.48
24.23
23.96
23.72
23.48
23.26
23.05
22.81
22.55
22.32
22.06
21.66
21.43
21.10
21.10
20.98
20.82
20.71
20.48
20.25
20.01
19.61
19.24
18.89
18.59
18.43
18.06
17.89
17.71
17.38
17.01
16.73
16.61
16.36
16.17
15.86
15.55
15.16
14.76
14.44
14.08
13.88
13.76
13.60
13.41
13.16
12.95
12.80
12.66
12.55
12.43
12.21
12.12
12.03
11.93
11.80
11.64
11.37
11.26
11.09
10.92
10.79
10.63
10.53
10.37
10.23
10.12
9.98
9.84
9.65
9.50
9.30
9.17
9.03
8.89
8.68
8.51
8.41
