50.81
50.57
50.34
50.09
49.84
49.47
49.15
48.80
48.52
48.23
47.95
47.66
47.38
47.04
46.82
46.40
46.16
45.93
45.64
45.33
45.05
44.64
44.26
43.89
43.52
43.25
42.97
42.69
42.33
42.04
41.68
41.37
41.09
40.77
40.48
40.03
39.73
39.39
39.01
38.69
38.32
37.94
37.64
37.26
36.97
36.76
36.28
35.93
35.54
35.34
34.92
34.72
34.20
34.00
33.66
33.29
32.99
32.78
32.51
32.30
31.97
31.68
31.34
31.00
30.73
30.35
30.05
29.73
29.41
29.04
28.79
28.55
28.37
28.13
27.91
27.71
27.46
27.28
26.97
26.77
26.52
26.25
25.95
25.67
25.47
25.19
24.92
24.67
24.38
24.14
23.91
23.67
23.44
23.17
22.84
22.64
22.32
22.06
21.87
21.47
21.09
20.73
20.35
19.92
19.68
19.41
19.15
18.78
18.51
18.20
17.88
17.62
17.33
16.96
16.96
16.77
16.52
16.06
15.92
15.60
15.48
15.00
14.83
14.60
14.35
14.23
14.06
13.91
13.63
13.48
13.32
13.22
13.12
12.98
12.80
12.70
12.61
12.51
12.33
12.21
12.03
11.87
11.75
11.53
11.38
11.19
11.04
10.90
10.79
10.71
10.58
10.47
10.29
10.14
10.03
9.93
9.81
9.66
9.47
9.31
9.17
