50.00
49.78
49.52
49.27
48.96
48.53
48.16
47.78
47.49
47.16
46.84
46.51
46.17
45.82
45.44
45.22
44.98
44.62
44.40
44.11
43.70
43.39
43.14
42.71
42.44
42.09
41.68
41.46
41.01
40.81
40.47
40.15
39.88
39.61
39.31
38.87
38.55
38.24
37.94
37.62
37.32
37.02
36.68
36.33
35.92
35.62
35.18
34.84
34.55
34.35
34.08
33.79
33.50
33.17
32.89
32.52
32.19
31.99
31.74
31.53
31.24
30.89
30.56
30.19
29.90
29.62
29.32
29.00
28.69
28.29
27.99
27.78
27.56
27.30
27.06
26.86
26.61
26.41
26.15
25.95
25.69
25.46
25.16
24.85
24.63
24.35
24.10
23.86
23.62
23.40
23.15
22.95
22.71
22.47
22.12
21.90
21.62
21.39
21.15
20.84
20.42
20.17
19.82
19.53
19.20
18.89
18.60
18.28
18.02
17.67
17.33
17.09
16.77
16.46
16.11
15.78
15.46
15.11
14.88
14.53
14.11
13.82
13.50
13.26
13.00
12.68
12.40
12.10
12.10
11.94
11.72
11.60
11.48
11.30
11.13
11.02
10.91
10.75
10.58
10.45
10.23
10.08
9.87
9.70
9.58
9.45
9.35
9.21
9.04
8.95
8.80
8.60
8.47
8.32
8.18
8.07
7.92
7.77
7.58
7.44
7.33
