49.38
49.13
48.92
48.65
48.34
47.96
47.47
47.16
46.78
46.49
46.13
45.94
45.51
45.34
44.99
44.77
44.49
44.28
44.01
43.53
43.21
42.79
42.32
41.89
41.70
41.41
41.14
40.76
40.47
40.14
39.83
39.51
39.25
39.00
38.67
38.24
37.97
37.62
37.35
37.01
37.01
36.83
36.66
36.45
36.21
35.98
35.76
35.52
35.31
35.07
34.78
34.55
34.30
34.06
33.87
33.60
33.33
33.13
33.01
32.83
32.69
32.49
32.25
32.01
31.76
31.56
31.32
31.08
30.87
30.69
30.42
30.26
30.12
30.00
29.85
29.71
29.59
29.31
29.19
28.97
28.86
28.67
28.49
28.33
28.07
27.97
27.84
27.67
27.58
27.43
27.28
27.13
27.00
26.86
26.71
26.48
26.33
26.10
25.97
25.89
25.76
25.56
25.29
25.02
24.79
24.53
24.31
24.05
23.80
23.63
23.42
23.19
23.07
22.85
22.58
22.31
22.06
21.88
21.63
21.49
21.20
20.93
20.75
20.55
20.35
20.24
20.02
19.83
19.64
19.48
19.32
19.18
19.06
18.94
18.76
18.64
18.53
18.45
18.29
18.19
17.93
17.79
17.66
17.55
17.38
17.24
17.12
16.99
16.80
16.69
16.55
16.36
16.18
16.05
15.95
15.83
15.68
15.54
15.36
15.23
15.12
