50.57
50.36
50.11
49.84
49.60
49.18
48.78
48.41
48.10
47.81
47.50
47.21
46.92
46.60
46.39
46.09
45.82
45.62
45.32
45.01
44.69
44.33
44.00
43.66
43.42
43.14
42.76
42.44
42.12
41.78
41.41
41.09
40.83
40.56
40.23
39.74
39.56
39.17
38.98
38.52
38.20
37.83
37.61
37.15
36.85
36.62
36.20
35.99
35.52
35.29
34.98
34.66
34.34
34.03
33.77
33.41
33.11
32.81
32.57
32.25
31.92
31.60
31.31
30.83
30.53
30.23
29.89
29.50
29.13
28.74
28.52
28.32
28.08
27.81
27.52
27.31
27.02
26.85
26.58
26.36
26.07
25.83
25.54
25.26
25.02
24.82
24.51
24.27
24.07
23.84
23.62
23.40
23.14
22.91
22.54
22.33
21.99
21.71
21.49
21.06
20.70
20.36
19.94
19.69
19.36
19.05
18.67
18.32
18.06
17.73
17.41
17.21
16.78
16.40
16.06
15.70
15.40
15.02
14.63
14.25
13.79
13.38
13.00
12.80
12.59
12.30
12.04
11.69
11.41
11.10
10.88
10.68
10.42
10.17
9.90
9.69
9.45
9.22
8.94
8.94
8.82
8.67
8.52
8.42
8.29
8.11
7.97
7.83
7.67
7.56
7.43
7.30
7.17
7.02
6.89
6.77
6.61
6.49
6.23
6.10
5.99
