51.13
50.89
50.66
50.41
50.15
49.78
49.26
48.89
48.44
48.09
47.73
47.49
47.02
46.82
46.62
46.29
46.00
45.79
45.44
45.13
44.82
44.45
44.07
43.68
43.36
43.12
42.84
42.51
42.18
41.87
41.59
41.29
41.02
40.78
40.48
40.08
39.78
39.46
38.99
38.64
38.30
37.97
37.59
37.30
36.99
36.64
36.25
35.92
35.56
35.22
34.88
34.54
34.23
33.89
33.70
33.39
33.09
32.88
32.61
32.41
32.14
31.82
31.53
31.14
30.87
30.56
30.24
29.92
29.66
29.28
29.02
28.80
28.58
28.31
28.11
27.89
27.61
27.35
27.06
26.88
26.64
26.43
26.19
25.91
25.69
25.39
25.17
24.88
24.65
24.41
24.15
23.93
23.70
23.23
23.00
22.62
22.40
22.14
21.94
21.74
21.38
21.07
20.72
20.41
20.07
19.77
19.47
19.12
18.82
18.51
18.23
18.00
17.72
17.35
16.96
16.62
16.32
16.32
16.12
15.98
15.69
15.37
15.12
14.89
14.64
14.52
14.27
14.10
13.85
13.59
13.37
13.25
13.15
13.01
12.82
12.65
12.55
12.46
12.29
12.17
11.98
11.82
11.66
11.46
11.32
11.15
10.98
10.87
10.74
10.65
10.52
10.38
10.23
10.10
9.99
9.90
9.71
9.57
9.33
9.20
9.08
