49.38
49.12
48.88
48.63
48.35
47.94
47.58
47.21
46.91
46.62
46.31
45.96
45.63
45.32
45.08
44.82
44.50
44.25
43.89
43.59
43.28
42.91
42.48
42.10
41.75
41.49
41.16
40.80
40.46
40.18
39.80
39.47
39.23
39.00
38.67
38.24
37.93
37.58
37.28
36.97
36.72
36.40
36.07
35.69
35.36
34.94
34.61
34.22
33.99
33.60
33.39
32.98
32.79
32.79
32.45
32.05
31.72
31.58
31.50
31.30
31.16
30.97
30.73
30.53
30.27
30.08
29.83
29.58
29.35
29.16
28.91
28.74
28.63
28.52
28.36
28.18
28.09
27.89
27.75
27.55
27.46
27.30
27.14
26.95
26.79
26.68
26.51
26.35
26.21
26.10
25.97
25.84
25.71
25.54
25.39
25.10
24.99
24.74
24.60
24.51
24.41
24.20
24.02
23.76
23.49
23.22
23.03
22.77
22.54
22.33
22.07
21.84
21.69
21.52
21.32
21.04
20.79
20.56
20.28
20.16
19.89
19.60
19.41
19.13
18.89
18.75
18.56
18.36
18.11
17.99
17.88
17.76
17.65
17.54
17.39
17.31
17.20
17.09
16.88
16.75
16.50
16.35
16.23
16.11
15.98
15.88
15.72
15.59
15.47
15.36
15.25
15.08
14.94
14.83
14.67
14.58
14.41
14.28
14.07
13.93
13.79
