49.17
48.95
48.72
48.41
48.19
47.74
47.32
46.88
46.65
46.36
46.06
45.76
45.39
45.08
44.82
44.53
44.23
43.94
43.56
43.31
42.98
42.68
42.29
42.04
41.64
41.33
41.01
40.79
40.42
40.18
39.88
39.62
39.37
39.07
38.70
38.30
37.96
37.59
37.31
37.01
36.68
36.42
36.12
35.79
35.47
35.02
34.71
34.40
34.11
33.76
33.47
33.14
32.78
32.48
32.18
31.81
31.50
31.27
30.96
30.74
30.74
30.60
30.39
30.16
29.86
29.62
29.35
29.16
28.97
28.79
28.49
28.32
28.20
28.06
27.87
27.77
27.61
27.42
27.31
27.18
27.06
26.89
26.72
26.57
26.42
26.31
26.18
26.05
25.95
25.84
25.67
25.56
25.43
25.27
25.14
24.92
24.81
24.63
24.45
24.34
24.25
24.06
23.74
23.49
23.28
23.03
22.81
22.55
22.35
22.20
22.01
21.75
21.61
21.36
21.13
20.89
20.65
20.38
20.13
19.95
19.68
19.37
19.13
18.86
18.64
18.52
18.29
18.10
17.88
17.66
17.52
17.36
17.22
17.11
16.99
16.91
16.81
16.68
16.55
16.40
16.15
15.98
15.85
15.68
15.56
15.44
15.30
15.18
15.04
14.93
14.81
14.72
14.56
14.47
14.32
14.21
14.04
13.87
13.62
13.50
13.37
