49.66
49.43
49.20
48.91
48.46
48.23
47.79
47.45
47.11
46.77
46.49
46.29
45.90
45.68
45.40
45.07
44.81
44.56
44.24
43.91
43.60
43.27
42.93
42.66
42.31
41.97
41.69
41.22
40.87
40.50
40.07
39.88
39.63
39.36
39.03
38.63
38.33
37.95
37.64
37.28
36.95
36.61
36.33
35.98
35.65
35.29
34.93
34.65
34.32
34.03
33.74
33.39
33.08
32.79
32.51
32.19
31.88
31.67
31.40
31.19
30.82
30.51
30.19
29.79
29.51
29.17
28.84
28.50
28.20
27.81
27.57
27.35
27.10
27.10
26.99
26.87
26.75
26.54
26.45
26.22
26.09
26.01
25.87
25.66
25.46
25.37
25.20
25.03
24.93
24.79
24.65
24.47
24.34
24.23
24.07
23.75
23.60
23.36
23.22
23.08
22.93
22.67
22.42
22.18
21.98
21.73
21.52
21.30
21.09
20.87
20.63
20.44
20.26
20.02
19.79
19.50
19.23
19.02
18.78
18.61
18.34
18.12
17.87
17.62
17.41
17.28
17.06
16.87
16.66
16.48
16.32
16.15
16.07
15.94
15.76
15.63
15.52
15.40
15.24
15.12
14.85
14.72
14.60
14.47
14.34
14.18
14.06
13.91
13.78
13.67
13.56
13.45
13.34
13.23
13.12
13.01
12.80
12.67
12.44
12.32
12.21
