1	90.12	77.16	99.30	91.31	94.34
2	89.93	76.95	99.10	91.11	94.16
3	89.72	76.72	98.88	90.89	93.89
4	89.51	76.46	98.66	90.67	93.68
5	89.28	76.23	98.46	90.46	93.49
6	89.05	76.03	98.26	90.22	93.25
7	88.84	75.81	98.05	90.00	93.07
8	88.59	75.55	97.79	89.78	92.83
9	88.37	75.34	97.60	89.56	92.64
10	88.18	75.14	97.39	89.35	92.44
11	87.97	74.93	97.19	89.15	92.25
12	87.73	74.74	96.97	88.95	92.04
13	87.53	74.53	96.76	88.75	91.82
14	87.33	74.33	96.57	88.54	91.61
15	87.11	74.14	96.34	88.31	91.41
16	86.89	73.93	96.14	88.10	91.17
17	86.69	73.69	95.92	87.88	90.96
18	86.44	73.45	95.69	87.65	90.72
19	86.24	73.23	95.49	87.46	90.52
20	86.05	73.04	95.30	87.26	90.30
21	85.85	72.84	95.12	87.03	90.10
22	85.64	72.60	94.87	86.81	89.87
23	85.42	72.30	94.64	86.56	89.63
24	85.18	72.09	94.42	86.34	89.37
25	84.97	71.89	94.21	86.12	89.19
26	84.75	71.67	93.99	85.91	88.97
27	84.53	71.48	93.79	85.69	88.77
28	84.32	71.24	93.57	85.47	88.56
29	84.10	71.03	93.37	85.26	88.35
30	83.89	70.83	93.16	85.05	88.16
31	83.69	70.62	92.93	84.83	87.93
32	83.47	70.42	92.73	84.62	87.72
33	83.24	70.20	92.50	84.40	87.49
34	83.03	70.00	92.31	84.18	87.25
35	82.84	69.79	92.09	83.98	87.05
36	82.62	69.58	91.89	83.75	86.82
37	82.41	69.36	91.67	83.53	86.60
38	82.20	69.14	91.42	83.28	86.37
39	81.98	68.93	91.20	83.07	86.14
40	81.76	68.71	90.99	82.85	85.93
41	81.52	68.46	90.70	82.61	85.71
42	81.30	68.24	90.49	82.38	85.50
43	81.10	68.03	90.31	82.17	85.29
44	80.90	67.83	90.11	81.95	85.08
45	80.69	67.60	89.88	81.76	84.89
46	80.44	67.31	89.65	81.54	84.63
47	80.23	67.09	89.40	81.30	84.41
48	80.01	66.87	89.20	81.08	84.17
49	79.77	66.66	88.91	80.84	83.93
50	79.57	66.45	88.70	80.61	83.70
51	79.36	66.24	88.50	80.40	83.52
52	79.14	66.02	88.31	80.17	83.31
53	78.89	65.76	88.06	79.95	83.04
54	78.67	65.53	87.83	79.74	82.84
55	78.40	65.24	87.58	79.47	82.60
56	78.19	65.06	87.35	79.27	82.39
57	77.97	64.84	87.15	79.05	82.18
58	77.79	64.63	86.96	78.86	81.97
59	77.57	64.42	86.74	78.65	81.76
60	77.35	64.20	86.52	78.42	81.54
61	77.11	64.00	86.30	78.22	81.31
62	76.88	63.79	86.10	78.01	81.10
63	76.68	63.60	85.88	77.81	80.88
64	76.47	63.40	85.68	77.61	80.68
65	76.25	63.17	85.43	77.42	80.47
66	76.02	62.95	85.24	77.18	80.24
67	75.82	62.75	85.01	76.99	80.03
68	75.62	62.56	84.64	76.78	79.60
69	75.24	62.18	84.40	76.38	79.40
70	75.01	61.94	84.16	76.16	79.16
71	74.79	61.71	83.96	75.95	78.95
72	74.53	61.52	83.75	75.72	78.73
73	74.32	61.31	83.51	75.50	78.50
74	74.12	61.11	83.33	75.28	78.29
75	73.91	60.91	83.12	75.03	78.08
76	73.67	60.66	82.87	74.82	77.85
77	73.47	60.48	82.65	74.56	77.66
78	73.27	60.27	82.44	74.39	77.47
79	73.06	60.08	82.24	74.18	77.28
80	72.85	59.87	82.02	73.97	77.07
81	72.63	59.67	81.80	73.79	76.85
82	72.43	59.47	81.58	73.58	76.65
83	72.22	59.26	81.40	73.37	76.43
84	72.02	59.03	81.18	73.15	76.23
85	71.80	58.82	80.99	72.96	76.02
86	71.60	58.60	80.75	72.76	75.82
87	71.40	58.40	80.56	72.56	75.61
88	71.20	58.19	80.35	72.34	75.40
89	70.97	57.98	80.13	72.13	75.19
90	70.75	57.78	79.91	71.93	74.99
91	70.53	57.57	79.71	71.70	74.79
92	70.32	57.34	79.50	71.53	74.57
93	70.13	57.13	79.32	71.31	74.37
94	69.93	56.93	79.14	71.10	74.18
95	69.72	56.73	78.94	70.90	73.97
96	69.53	56.53	78.74	70.69	73.78
97	69.32	56.35	78.53	70.51	73.58
98	69.11	56.15	78.32	70.30	73.36
99	68.92	55.95	78.12	70.08	73.16
100	68.72	55.73	77.90	69.88	72.95
101	68.38	55.73	77.60	69.54	72.62
102	68.16	55.63	77.38	69.34	72.41
103	67.96	55.54	77.18	69.11	72.18
104	67.75	55.44	76.98	68.90	71.96
105	67.55	55.29	76.77	68.68	71.76
106	67.34	55.17	76.59	68.49	71.55
107	67.14	55.06	76.40	68.29	71.35
108	66.93	54.97	76.17	68.08	71.15
109	66.72	54.86	75.97	67.87	70.92
110	66.49	54.75	75.72	67.61	70.70
111	66.25	54.60	75.48	67.41	70.48
112	66.03	54.50	75.27	67.19	70.25
113	65.83	54.37	75.07	66.99	70.04
114	65.59	54.28	74.86	66.77	69.83
115	65.59	54.16	74.49	66.43	69.51
116	65.49	53.93	74.29	66.20	69.31
117	65.38	53.79	74.08	65.97	69.09
118	65.26	53.70	73.82	65.76	68.87
119	65.16	53.57	73.61	65.51	68.64
120	64.97	53.40	73.40	65.31	68.46
121	64.87	53.28	73.20	65.12	68.27
122	64.77	53.18	72.99	64.92	68.08
123	64.66	53.10	72.67	64.92	68.08
124	64.46	52.89	72.44	64.82	67.97
125	64.36	52.78	72.23	64.69	67.83
126	64.22	52.66	72.01	64.57	67.71
127	64.12	52.57	71.80	64.46	67.61
128	64.01	52.47	71.59	64.36	67.48
129	63.92	52.35	71.38	64.26	67.38
130	63.78	52.20	71.13	64.12	67.23
131	63.67	52.09	70.89	63.99	67.11
132	63.57	51.99	70.68	63.88	67.01
133	63.46	51.88	70.45	63.77	66.89
134	63.37	51.77	70.23	63.68	66.80
135	63.26	51.64	70.01	63.55	66.68
136	63.12	51.53	69.81	63.45	66.57
137	63.03	51.41	69.63	63.35	66.46
138	62.94	51.31	69.43	63.24	66.35
139	62.83	51.21	69.22	63.13	66.25
140	62.72	51.10	69.03	63.03	66.15
141	62.60	51.03	68.82	62.91	66.04
142	62.48	50.92	68.61	62.81	65.93
