76.83
76.60
76.37
76.14
75.92
75.71
75.38
75.38
75.26
75.05
74.82
74.62
74.39
74.19
74.10
73.93
73.71
73.49
73.23
72.99
72.74
72.53
72.29
72.06
71.82
71.56
71.36
71.14
71.02
70.89
70.70
70.61
70.42
70.20
70.05
69.82
69.63
69.46
69.24
69.04
68.82
68.62
68.40
68.27
68.08
67.98
67.78
67.48
67.25
67.00
66.79
66.56
66.31
66.10
65.84
65.61
65.35
65.24
65.11
64.99
64.88
64.71
64.47
64.22
63.98
63.73
63.49
63.29
63.12
62.92
62.70
62.46
62.29
62.18
62.07
61.94
61.84
61.72
61.53
61.45
61.32
61.20
61.10
60.98
60.88
60.74
60.62
60.51
60.42
60.29
60.20
60.02
59.81
59.59
59.45
59.33
59.20
58.97
58.75
58.53
58.45
58.33
58.23
58.11
57.94
57.85
57.74
57.61
57.44
57.29
57.15
57.05
56.94
56.81
56.70
56.53
56.41
56.30
56.17
56.05
55.93
55.81
55.67
55.55
55.41
55.30
55.05
54.84
54.61
54.51
54.39
54.25
54.14
54.03
53.95
53.84
53.73
53.62
53.53
53.43
53.35
53.24
53.15
53.06
52.95
52.83
52.72
52.60
52.46
52.32
52.21
52.08
51.98
51.85
51.75
51.61
51.47
51.37
51.27
51.15
51.04
50.95
50.86
50.75
50.63
50.51
50.41
50.29
50.16
50.06
49.93
49.81
49.71
49.56
49.45
