81.21
80.97
80.76
80.55
80.32
80.12
79.81
79.48
79.13
78.81
78.47
78.13
77.81
77.60
77.31
77.00
76.67
76.20
75.86
75.54
75.20
74.87
74.49
74.11
73.71
73.51
73.20
72.98
72.79
72.48
72.28
71.96
71.63
71.41
71.07
70.78
70.46
70.15
69.82
69.53
69.24
68.92
68.69
68.41
68.20
67.91
67.55
67.26
66.95
66.61
66.29
66.02
65.70
65.33
65.03
64.69
64.49
64.31
64.12
63.87
63.87
63.56
63.29
62.97
62.65
62.32
61.99
61.89
61.70
61.48
61.26
61.00
60.83
60.71
60.62
60.50
60.38
60.28
60.09
60.00
59.90
59.79
59.70
59.57
59.47
59.31
59.19
59.09
58.96
58.86
58.75
58.56
58.35
58.18
58.07
57.94
57.82
57.60
57.33
57.08
56.97
56.88
56.76
56.66
56.50
56.38
56.27
56.16
56.01
55.82
55.70
55.62
55.46
55.34
55.24
55.06
54.96
54.82
54.71
54.50
54.39
54.21
54.12
53.99
53.89
53.76
53.53
53.32
53.10
52.99
52.88
52.77
52.67
52.57
52.45
52.36
52.25
52.16
52.05
51.93
51.82
51.72
51.64
51.55
51.43
51.31
51.21
51.09
50.98
50.81
50.67
50.55
50.45
50.32
50.22
50.11
50.01
49.91
49.81
49.71
49.61
49.51
49.38
49.25
49.12
49.01
48.89
48.75
48.63
48.53
48.40
48.29
48.19
48.07
47.96
