89.77
89.52
89.33
89.10
88.88
88.66
88.35
88.05
87.71
87.39
87.05
86.73
86.42
86.15
85.86
85.57
85.30
84.94
84.59
84.27
83.94
83.66
83.36
83.04
82.72
82.41
82.11
81.89
81.56
81.38
81.18
80.86
80.54
80.16
79.83
79.62
79.33
79.01
78.71
78.40
78.10
77.81
77.58
77.28
77.08
76.82
76.50
76.20
75.91
75.62
75.31
74.96
74.58
74.27
73.94
73.73
73.51
73.29
73.09
72.86
72.56
72.23
71.95
71.65
71.32
70.97
70.69
70.42
70.12
69.86
69.57
69.31
69.08
68.88
68.65
68.45
68.23
67.95
67.72
67.53
67.33
67.12
66.89
66.66
66.39
66.16
65.94
65.70
65.48
65.26
64.98
64.69
64.38
64.14
63.90
63.66
63.29
62.99
62.69
62.48
62.27
62.07
61.86
61.61
61.41
61.18
60.98
60.73
60.73
60.60
60.47
60.37
60.22
60.10
59.99
59.83
59.72
59.61
59.48
59.31
59.19
59.05
58.91
58.77
58.66
58.52
58.32
58.14
57.90
57.79
57.69
57.57
57.46
57.36
57.25
57.14
57.02
56.90
56.79
56.71
56.58
56.46
56.37
56.27
56.15
56.04
55.94
55.82
55.68
55.52
55.42
55.29
55.18
55.04
54.95
54.85
54.76
54.64
54.54
54.42
54.31
54.22
54.13
54.05
53.94
53.84
53.75
53.64
53.55
53.46
53.34
53.23
53.12
53.01
52.92
