79.14
78.91
78.67
78.46
78.22
78.02
77.68
77.37
77.07
76.75
76.39
76.09
75.79
75.54
75.24
74.98
74.62
74.35
74.07
73.60
73.18
72.79
72.58
72.04
71.63
71.22
71.01
70.80
70.60
70.30
70.09
69.78
69.46
69.09
68.72
68.37
68.05
67.67
67.33
66.97
66.75
66.42
66.05
66.05
65.94
65.83
65.42
65.06
64.95
64.74
64.53
64.28
64.08
63.87
63.61
63.37
63.15
63.01
62.89
62.77
62.65
62.46
62.24
62.00
61.77
61.54
61.29
61.12
60.93
60.70
60.46
60.20
60.00
59.89
59.80
59.67
59.57
59.47
59.27
59.18
59.09
58.96
58.85
58.71
58.60
58.39
58.26
58.13
58.02
57.91
57.79
57.58
57.42
57.24
57.10
56.98
56.87
56.65
56.45
56.23
56.10
55.99
55.91
55.79
55.60
55.51
55.39
55.28
55.13
54.95
54.84
54.73
54.54
54.41
54.28
54.10
53.99
53.89
53.76
53.60
53.48
53.35
53.21
53.09
52.99
52.86
52.62
52.38
52.18
52.08
51.96
51.85
51.73
51.62
51.51
51.40
51.28
51.16
51.04
50.93
50.84
50.75
50.64
50.52
50.40
50.31
50.19
50.07
49.96
49.82
49.70
49.57
49.47
49.38
49.28
49.17
49.03
48.93
48.84
48.71
48.62
48.50
48.41
48.31
48.21
48.10
48.01
47.90
47.77
47.68
47.54
47.44
47.35
47.21
47.08
