87.75
87.51
87.29
87.07
86.83
86.62
86.30
85.98
85.57
85.28
85.00
84.60
84.39
84.18
83.90
83.56
83.05
82.85
82.50
82.21
81.83
81.54
81.21
80.84
80.54
80.22
79.94
79.73
79.51
79.19
78.98
78.67
78.36
78.15
77.81
77.48
77.19
76.86
76.54
76.21
75.91
75.59
75.37
75.01
74.79
74.48
74.13
73.80
73.49
73.16
72.87
72.54
72.23
71.86
71.57
71.25
71.06
70.84
70.63
70.38
70.12
69.82
69.53
69.21
68.88
68.57
68.17
67.86
67.55
67.20
66.95
66.67
66.47
66.27
66.08
65.88
65.68
65.35
65.15
64.95
64.74
64.55
64.33
64.13
63.85
63.63
63.42
63.21
62.99
62.81
62.52
62.24
61.92
61.70
61.49
61.28
60.96
60.62
60.33
60.14
59.95
59.75
59.54
59.29
59.06
58.84
58.62
58.32
58.01
57.80
57.61
57.35
57.13
56.95
56.95
56.83
56.73
56.61
56.49
56.29
56.19
56.02
55.93
55.79
55.70
55.58
55.36
55.17
54.96
54.86
54.75
54.63
54.53
54.44
54.33
54.23
54.14
54.03
53.90
53.79
53.69
53.59
53.51
53.41
53.29
53.18
53.08
52.97
52.83
52.67
52.58
52.44
52.33
52.22
52.13
52.01
51.88
51.78
51.67
51.55
51.46
51.38
51.28
51.17
51.07
50.96
50.85
50.73
50.61
50.52
50.41
50.29
50.20
50.07
49.98
