82.53
82.32
82.10
81.88
81.62
81.40
81.08
80.76
80.41
80.08
79.75
79.45
79.17
78.83
78.45
78.14
77.87
77.51
77.11
76.80
76.46
76.13
75.79
75.42
75.10
74.81
74.49
74.26
74.04
73.76
73.55
73.21
72.88
72.66
72.31
72.00
71.70
71.38
71.09
70.76
70.45
70.12
69.88
69.58
69.37
69.05
68.66
68.26
67.92
67.63
67.34
67.03
66.77
66.45
66.21
65.87
65.65
65.47
65.25
65.01
64.75
64.44
64.13
63.81
63.50
63.21
62.91
62.62
62.30
61.99
61.68
61.42
61.19
60.99
60.76
60.53
60.29
59.97
59.74
59.54
59.32
59.09
58.87
58.66
58.39
58.17
57.97
57.77
57.54
57.34
56.96
56.68
56.38
56.18
55.94
55.71
55.39
55.08
54.77
54.58
54.36
54.14
53.92
53.60
53.39
53.18
52.96
52.71
52.42
52.19
52.00
51.80
51.58
51.38
51.08
50.87
50.66
50.46
50.46
50.35
50.24
50.09
49.93
49.84
49.75
49.63
49.45
49.28
49.05
48.93
48.81
48.70
48.61
48.51
48.42
48.30
48.22
48.12
48.00
47.91
47.79
47.69
47.55
47.47
47.35
47.23
47.12
47.00
46.87
46.72
46.60
46.47
46.36
46.25
46.15
46.04
45.90
45.77
45.65
45.54
45.43
45.33
45.22
45.10
44.96
44.87
44.75
44.62
44.50
44.39
44.29
44.16
44.07
43.94
43.83
