88.20
88.02
87.83
87.61
87.37
87.16
86.88
86.55
86.26
85.99
85.64
85.33
85.01
84.80
84.50
84.18
83.84
83.47
83.11
82.77
82.44
82.07
81.69
81.39
81.04
80.73
80.41
80.19
79.99
79.67
79.46
79.12
78.79
78.57
78.24
77.92
77.64
77.34
77.02
76.72
76.24
76.03
75.78
75.43
75.09
74.88
74.52
74.09
73.74
73.33
73.14
72.85
72.51
72.05
71.82
71.52
71.32
71.09
70.86
70.66
70.42
70.14
69.84
69.54
69.21
68.88
68.58
68.29
67.97
67.66
67.35
67.08
66.85
66.65
66.44
66.24
66.03
65.73
65.50
65.30
65.10
64.89
64.66
64.43
64.19
63.99
63.79
63.56
63.37
63.16
62.81
62.81
62.68
62.50
62.37
62.27
61.89
61.60
61.26
61.16
61.04
60.94
60.83
60.74
60.54
60.42
60.32
60.23
60.04
59.90
59.79
59.69
59.54
59.40
59.29
59.12
59.03
58.89
58.80
58.65
58.52
58.36
58.23
58.07
57.98
57.86
57.67
57.45
57.23
57.14
57.02
56.91
56.82
56.73
56.63
56.52
56.43
56.34
56.22
56.12
56.02
55.89
55.81
55.73
55.64
55.52
55.40
55.28
55.16
55.01
54.93
54.80
54.69
54.56
54.48
54.35
54.22
54.12
53.99
53.86
53.77
53.65
53.56
53.47
53.35
53.25
53.13
52.99
52.87
52.78
52.67
52.58
52.48
52.36
52.24
