82.63
82.40
82.17
81.94
81.68
81.51
81.22
80.95
80.64
80.33
80.03
79.72
79.43
79.20
78.91
78.61
78.29
77.92
77.58
77.30
76.93
76.65
76.35
76.02
75.66
75.35
75.02
74.82
74.61
74.31
74.12
73.81
73.54
73.33
72.85
72.52
72.19
71.82
71.49
71.30
71.03
70.74
70.55
70.18
69.97
69.67
69.33
69.02
68.72
68.39
68.04
67.70
67.37
67.01
66.66
66.33
66.10
65.91
65.69
65.46
65.20
64.90
64.56
64.27
63.96
63.62
63.33
63.05
62.77
62.45
62.12
61.85
61.60
61.40
61.20
61.01
60.79
60.48
60.30
60.10
59.86
59.65
59.42
59.22
58.95
58.74
58.53
58.32
58.10
57.90
57.57
57.28
56.99
56.77
56.56
56.32
56.01
55.63
55.33
55.12
54.91
54.70
54.48
54.21
53.97
53.76
53.57
53.28
53.01
52.80
52.60
52.60
52.48
52.35
52.22
52.06
51.93
51.83
51.74
51.56
51.46
51.27
51.17
51.04
50.93
50.79
50.56
50.36
50.12
50.01
49.90
49.80
49.67
49.57
49.45
49.33
49.22
49.12
48.98
48.88
48.75
48.64
48.49
48.40
48.29
48.18
48.06
47.94
47.83
47.65
47.55
47.44
47.34
47.22
47.11
47.01
46.89
46.79
46.71
46.59
46.49
46.39
46.29
46.18
46.03
45.93
45.84
45.69
45.59
45.49
45.35
45.25
45.14
44.99
44.87
