79.01
78.75
78.53
78.32
78.07
77.88
77.56
77.27
76.98
76.64
76.31
76.02
75.70
75.52
75.21
74.75
74.75
74.44
74.13
73.79
73.49
73.17
72.85
72.49
72.20
71.86
71.77
71.54
71.43
71.29
71.11
71.01
70.85
70.65
70.55
70.32
70.12
69.93
69.72
69.53
69.30
69.06
68.87
68.75
68.54
68.42
68.24
67.99
67.80
67.55
67.34
67.10
66.91
66.68
66.46
66.25
66.07
65.98
65.85
65.75
65.63
65.47
65.25
64.99
64.79
64.58
64.35
64.15
63.98
63.75
63.53
63.26
63.08
62.93
62.83
62.71
62.62
62.52
62.32
62.18
62.07
61.95
61.84
61.73
61.61
61.47
61.35
61.25
61.14
61.01
60.92
60.76
60.57
60.37
60.23
60.11
60.00
59.77
59.55
59.34
59.25
59.13
59.02
58.93
58.78
58.70
58.59
58.49
58.34
58.13
58.02
57.90
57.73
57.62
57.51
57.35
57.23
57.15
57.03
56.88
56.76
56.57
56.46
56.34
56.23
56.14
55.90
55.68
55.49
55.41
55.28
55.17
55.07
54.99
54.91
54.77
54.67
54.56
54.46
54.34
54.20
54.11
53.98
53.87
53.76
53.65
53.54
53.45
53.35
53.20
53.12
52.99
52.89
52.75
52.65
52.53
52.41
52.31
52.21
52.09
52.00
51.90
51.78
51.69
51.56
51.45
51.33
51.24
51.15
51.03
50.91
50.80
50.70
50.59
50.51
