94.83
94.62
94.39
94.16
93.94
93.74
93.45
93.17
92.86
92.54
92.09
91.77
91.55
91.32
91.04
90.73
90.41
90.05
89.64
89.31
88.97
88.60
88.28
87.94
87.60
87.31
86.99
86.79
86.55
86.24
86.03
85.71
85.43
85.14
84.91
84.57
84.29
83.98
83.64
83.35
83.06
82.73
82.49
82.21
82.01
81.70
81.36
81.06
80.76
80.45
80.14
79.83
79.54
79.18
78.90
78.58
78.35
78.14
77.92
77.69
77.27
76.87
76.45
76.02
75.64
75.28
75.08
74.81
74.52
74.23
73.92
73.62
73.37
73.17
72.96
72.76
72.57
72.27
72.04
71.84
71.62
71.40
71.15
70.94
70.94
70.83
70.70
70.59
70.48
70.38
70.26
70.04
69.86
69.69
69.57
69.44
69.35
69.13
68.89
68.68
68.55
68.45
68.35
68.23
68.06
67.94
67.81
67.69
67.50
67.31
67.19
67.07
66.92
66.81
66.71
66.55
66.44
66.31
66.20
66.04
65.91
65.75
65.61
65.47
65.35
65.26
65.11
64.90
64.69
64.60
64.50
64.39
64.29
64.17
64.07
63.95
63.86
63.76
63.61
63.49
63.37
63.26
63.15
63.05
62.93
62.83
62.73
62.62
62.51
62.37
62.26
62.14
62.06
61.98
61.87
61.74
61.59
61.48
61.37
61.26
61.17
61.06
60.97
60.87
60.75
60.64
60.51
60.36
60.24
60.15
60.01
59.94
59.83
59.71
59.61
