97.06
96.74
96.45
96.21
95.99
95.68
95.37
95.10
94.80
94.48
94.15
93.79
93.51
93.24
92.90
92.62
92.28
91.95
91.65
91.26
90.93
90.68
90.33
90.03
89.72
89.40
89.09
88.77
88.48
88.19
87.88
87.53
87.19
86.88
86.57
86.26
86.26
86.14
85.95
85.86
85.69
85.51
85.23
85.00
84.78
84.59
84.34
84.06
83.90
83.61
83.34
83.05
82.93
82.80
82.68
82.53
82.41
82.26
82.10
81.88
81.73
81.63
81.50
81.23
81.01
80.77
80.65
80.48
80.37
80.15
79.93
79.74
79.62
79.50
79.34
79.24
79.13
78.94
78.77
78.61
78.47
78.33
78.19
78.07
77.99
77.83
77.74
77.59
77.43
77.26
77.12
76.87
76.65
76.44
76.34
76.19
75.98
75.87
75.68
75.52
75.33
75.15
74.90
74.74
74.49
74.29
74.06
73.89
73.72
73.49
73.31
73.09
72.97
72.73
72.47
72.29
72.12
71.95
71.76
71.56
71.43
71.19
71.07
70.95
70.79
70.57
70.43
70.18
69.95
69.80
69.58
69.42
69.16
68.95
68.75
68.58
68.43
68.25
68.08
67.88
67.76
67.53
67.24
67.10
66.93
66.79
66.70
66.59
66.45
66.35
66.22
66.13
65.97
65.84
65.65
65.54
65.41
65.29
65.16
64.97
64.83
64.70
64.55
64.44
64.29
64.16
63.93
63.79
63.65
63.50
63.37
63.27
