98.99
98.65
98.34
98.11
97.90
97.54
97.11
96.83
96.54
96.24
95.87
95.47
95.16
94.90
94.62
94.35
94.04
93.69
93.41
93.06
92.74
92.45
92.16
91.84
91.49
91.21
90.88
90.55
90.23
89.91
89.60
89.32
89.03
88.65
88.37
88.06
87.82
87.55
87.34
87.05
86.73
86.41
86.04
85.76
85.42
85.07
84.72
84.41
84.04
83.73
83.37
83.18
82.95
82.72
82.53
82.28
82.06
81.83
81.47
81.22
81.02
80.75
80.39
80.04
79.81
79.55
79.27
79.05
78.75
78.48
78.19
78.00
77.76
77.53
77.33
77.10
76.87
76.64
76.36
76.15
75.90
75.71
75.47
75.27
75.04
74.82
74.58
74.33
74.04
73.68
73.37
73.16
72.83
72.61
72.37
72.08
71.89
71.64
71.32
71.01
70.69
70.37
70.09
69.76
69.54
69.27
69.02
68.66
68.36
68.06
67.77
67.47
67.08
66.70
66.23
65.84
65.65
65.24
65.01
64.61
64.40
64.20
63.82
63.43
63.22
62.73
62.36
62.15
61.77
61.54
61.19
60.81
60.43
60.05
59.84
59.60
59.36
59.36
59.25
58.98
58.87
58.68
58.47
58.32
58.15
58.00
57.88
57.74
57.59
57.44
57.32
57.21
57.03
56.88
56.78
56.65
56.50
56.40
56.21
55.96
55.82
55.66
55.52
55.41
55.29
55.10
54.93
54.80
54.67
54.54
54.45
54.32
