98.30
97.99
97.69
97.45
97.23
96.94
96.63
96.32
96.01
95.71
95.36
95.03
94.69
94.31
93.99
93.64
93.31
92.99
92.70
92.41
92.09
91.80
91.51
91.17
90.85
90.56
90.22
89.94
89.66
89.36
89.06
88.74
88.38
88.11
87.70
87.37
87.09
86.78
86.57
86.18
85.88
85.56
85.18
84.85
84.52
84.17
83.80
83.48
83.06
82.73
82.39
82.19
81.96
81.73
81.49
81.29
81.06
80.82
80.48
80.25
80.06
79.81
79.43
79.09
78.78
78.53
78.22
77.99
77.68
77.39
77.05
76.84
76.62
76.40
76.20
75.99
75.76
75.54
75.28
75.06
74.82
74.56
74.35
74.14
73.88
73.65
73.42
73.16
72.95
72.70
72.41
72.12
71.83
71.61
71.40
71.40
71.25
71.14
71.01
70.78
70.57
70.36
70.09
69.92
69.71
69.54
69.35
69.24
69.03
68.81
68.58
68.35
68.19
67.93
67.64
67.47
67.26
67.06
66.88
66.59
66.41
66.23
66.14
65.89
65.72
65.47
65.27
64.99
64.74
64.63
64.40
64.24
64.01
63.85
63.69
63.44
63.27
63.08
62.93
62.67
62.55
62.37
62.09
61.95
61.80
61.68
61.58
61.46
61.30
61.15
61.06
60.97
60.81
60.69
60.55
60.39
60.27
60.19
60.05
59.86
59.71
59.57
59.45
59.32
59.18
59.01
58.90
58.76
58.65
58.53
58.36
58.18
