97.06
96.71
96.45
96.24
95.92
95.55
95.20
94.92
94.67
94.40
94.03
93.66
93.40
93.12
92.83
92.51
92.16
91.82
91.54
91.18
90.88
90.55
90.17
89.86
89.55
89.25
88.85
88.50
88.18
87.82
87.36
86.98
86.57
86.21
85.80
85.45
85.22
84.96
84.76
84.39
84.07
83.76
83.32
83.32
83.19
82.96
82.74
82.47
82.29
82.04
81.80
81.49
81.40
81.28
81.14
81.00
80.87
80.74
80.60
80.36
80.19
80.11
79.96
79.73
79.51
79.30
79.15
78.98
78.66
78.31
77.99
77.88
77.74
77.59
77.45
77.33
77.19
77.02
76.87
76.66
76.54
76.38
76.25
76.13
76.04
75.94
75.80
75.68
75.56
75.42
75.29
75.09
74.92
74.76
74.60
74.48
74.25
74.11
73.92
73.72
73.53
73.30
73.02
72.82
72.60
72.46
72.26
72.08
71.87
71.65
71.47
71.28
71.15
70.97
70.72
70.49
70.28
70.05
69.91
69.69
69.52
69.24
69.13
68.99
68.80
68.63
68.48
68.31
68.10
67.96
67.77
67.58
67.37
67.17
66.98
66.78
66.66
66.48
66.36
66.16
66.03
65.82
65.59
65.43
65.26
65.15
65.04
64.94
64.81
64.68
64.57
64.48
64.31
64.16
64.00
63.88
63.77
63.65
63.51
63.27
63.12
63.00
62.86
62.68
62.57
62.39
62.29
62.18
62.07
61.95
61.79
61.60
