98.25
97.95
97.65
97.41
97.17
96.82
96.49
96.22
95.94
95.66
95.31
94.99
94.66
94.41
94.13
93.82
93.47
93.14
92.83
92.52
92.21
91.89
91.53
91.23
90.90
90.56
90.23
89.90
89.56
89.22
88.91
88.64
88.35
88.06
87.70
87.40
87.06
86.81
86.58
86.26
85.95
85.62
85.23
84.93
84.64
84.28
83.95
83.59
83.26
82.91
82.52
82.32
82.08
81.87
81.64
81.40
81.20
80.99
80.66
80.38
80.18
79.95
79.54
79.18
78.93
78.73
78.50
78.27
77.98
77.69
77.39
77.16
76.95
76.71
76.51
76.29
76.03
75.79
75.51
75.30
75.07
74.86
74.62
74.41
74.18
73.96
73.74
73.49
73.27
72.97
72.66
72.37
72.07
71.85
71.59
71.31
71.09
70.82
70.50
70.21
69.91
69.55
69.33
69.02
68.76
68.44
68.19
67.93
67.65
67.32
66.96
66.74
66.34
66.00
65.68
65.36
65.07
64.83
64.52
64.27
63.96
63.72
63.49
63.22
62.91
62.91
62.81
62.57
62.36
62.19
62.00
61.82
61.60
61.38
61.16
60.95
60.85
60.70
60.53
60.28
60.16
59.97
59.74
59.60
59.44
59.29
59.21
59.11
58.97
58.86
58.76
58.64
58.49
58.36
58.21
58.08
57.94
57.79
57.67
57.46
57.33
57.19
57.07
56.93
56.82
56.66
56.44
56.32
56.19
56.04
55.86
55.75
