97.48
97.15
96.86
96.64
96.42
96.03
95.69
95.38
95.09
94.68
94.41
93.89
93.54
93.33
93.01
92.67
92.33
92.01
91.75
91.50
91.18
90.90
90.57
90.26
89.80
89.60
89.32
88.99
88.70
88.40
88.09
87.80
87.45
87.10
86.79
86.54
86.26
86.00
85.79
85.43
85.11
84.83
84.46
84.15
83.87
83.53
83.22
82.91
82.52
82.19
81.76
81.58
81.32
81.08
80.89
80.67
80.43
80.19
79.91
79.62
79.41
79.14
78.81
78.49
78.27
78.01
77.74
77.51
77.16
76.91
76.62
76.40
76.14
75.91
75.72
75.46
75.16
74.94
74.65
74.42
74.14
73.92
73.71
73.53
73.26
73.02
72.80
72.55
72.34
72.11
71.82
71.54
71.28
71.09
70.85
70.54
70.34
70.15
70.15
69.97
69.83
69.60
69.35
69.13
68.87
68.68
68.43
68.22
68.00
67.78
67.52
67.30
67.19
66.97
66.72
66.50
66.31
66.09
65.93
65.66
65.50
65.24
65.08
64.93
64.72
64.56
64.41
64.12
63.93
63.84
63.58
63.46
63.26
62.98
62.82
62.60
62.48
62.33
62.18
61.93
61.81
61.60
61.31
61.18
60.96
60.82
60.73
60.62
60.48
60.37
60.24
60.12
60.00
59.93
59.84
59.68
59.56
59.41
59.32
59.11
58.96
58.84
58.71
58.58
58.44
58.26
58.14
57.99
57.87
57.73
57.57
57.42
