98.64
98.35
98.10
97.85
97.64
97.25
96.85
96.54
96.23
95.91
95.54
95.17
94.84
94.56
94.23
93.94
93.56
93.22
92.93
92.55
92.23
91.95
91.62
91.32
91.02
90.69
90.41
90.10
89.77
89.45
89.05
88.71
88.41
88.13
87.85
87.48
87.27
86.99
86.78
86.49
86.19
85.94
85.56
85.24
84.90
84.60
84.25
83.99
83.58
83.24
82.89
82.68
82.44
82.23
82.03
81.81
81.58
81.31
80.95
80.69
80.49
80.26
79.91
79.57
79.32
79.07
78.80
78.59
78.29
77.98
77.70
77.49
77.26
77.06
76.84
76.59
76.37
76.10
75.83
75.61
75.36
75.16
74.91
74.69
74.46
74.23
74.00
73.72
73.45
73.19
72.81
72.50
72.23
72.02
71.74
71.45
71.22
70.95
70.60
70.28
70.02
69.65
69.33
69.02
69.02
68.91
68.71
68.57
68.21
68.04
67.64
67.53
67.20
66.84
66.48
66.11
65.81
65.66
65.31
65.17
64.82
64.70
64.57
64.48
64.31
64.14
64.00
63.72
63.51
63.37
63.18
63.00
62.80
62.60
62.43
62.21
62.07
61.93
61.78
61.56
61.43
61.25
61.01
60.92
60.75
60.62
60.49
60.37
60.24
60.13
60.02
59.91
59.75
59.65
59.56
59.46
59.30
59.21
59.05
58.84
58.71
58.54
58.43
58.29
58.14
57.91
57.70
57.60
57.48
57.35
57.23
57.10
