98.64
98.35
98.03
97.80
97.56
97.24
96.94
96.63
96.35
96.10
95.75
95.44
95.11
94.82
94.51
94.16
93.83
93.51
93.16
92.82
92.52
92.27
91.97
91.68
91.36
91.00
90.68
90.35
90.07
89.75
89.45
89.15
88.84
88.56
88.28
87.94
87.65
87.40
87.18
86.79
86.48
86.13
85.83
85.53
85.16
84.82
84.48
84.22
83.86
83.52
83.15
82.93
82.67
82.42
82.17
82.00
81.76
81.55
81.26
80.98
80.80
80.55
80.21
79.88
79.53
79.28
79.05
78.84
78.51
78.18
77.83
77.60
77.38
77.15
76.96
76.71
76.44
76.22
75.95
75.71
75.47
75.22
74.95
74.75
74.51
74.26
74.04
73.78
73.55
73.30
72.99
72.70
72.40
72.17
71.99
71.69
71.48
71.24
70.92
70.92
70.74
70.51
70.28
70.09
69.85
69.69
69.44
69.25
69.04
68.79
68.56
68.36
68.25
68.03
67.80
67.55
67.34
67.11
66.92
66.66
66.51
66.30
66.21
66.03
65.86
65.68
65.54
65.28
65.10
64.94
64.74
64.57
64.34
64.08
63.91
63.74
63.60
63.45
63.31
63.07
62.95
62.77
62.55
62.43
62.25
62.12
62.02
61.89
61.80
61.69
61.60
61.50
61.37
61.21
61.08
60.94
60.82
60.71
60.59
60.43
60.29
60.14
60.03
59.88
59.73
59.58
59.44
59.29
59.19
59.09
58.92
58.75
