97.70
97.35
97.07
96.83
96.58
96.21
95.86
95.50
95.18
94.88
94.52
94.13
93.82
93.54
93.06
92.85
92.36
92.13
91.84
91.54
91.23
90.94
90.63
90.31
90.01
89.66
89.31
89.02
88.69
88.37
88.05
87.67
87.25
86.91
86.55
86.23
85.96
85.71
85.49
85.23
84.92
84.61
84.27
83.98
83.68
83.36
83.00
82.62
82.21
81.89
81.59
81.39
81.18
80.94
80.72
80.49
80.23
80.01
79.69
79.45
79.26
79.01
78.64
78.33
78.07
77.85
77.61
77.40
77.06
76.81
76.49
76.30
76.03
75.79
75.58
75.32
75.05
74.84
74.59
74.35
74.11
73.89
73.64
73.41
73.17
72.96
72.71
72.42
72.18
71.97
71.70
71.40
71.12
70.88
70.68
70.42
70.21
69.93
69.56
69.24
68.93
68.58
68.26
67.91
67.63
67.33
67.09
66.80
66.50
66.24
65.93
65.72
65.38
65.04
64.75
64.43
64.09
64.09
63.99
63.74
63.58
63.36
63.20
63.07
62.87
62.70
62.51
62.29
62.08
61.96
61.75
61.59
61.40
61.23
61.05
60.81
60.66
60.49
60.13
59.99
59.65
59.32
59.19
59.09
58.89
58.74
58.65
58.50
58.34
58.25
58.14
57.94
57.75
57.63
57.52
57.38
57.25
57.10
56.99
56.76
56.63
56.52
56.36
56.23
56.10
55.97
55.76
55.65
55.53
55.40
55.24
55.08
