98.75
98.45
98.15
97.87
97.65
97.32
96.96
96.62
96.30
95.98
95.51
95.19
94.90
94.68
94.40
94.13
93.78
93.46
93.18
92.94
92.61
92.31
91.98
91.67
91.35
91.02
90.72
90.43
90.14
89.78
89.44
89.14
88.88
88.58
88.32
87.97
87.71
87.48
87.26
86.85
86.50
86.17
85.85
85.54
85.22
84.85
84.53
84.23
83.80
83.48
83.08
82.87
82.66
82.42
82.23
81.99
81.76
81.53
81.23
80.96
80.78
80.49
80.16
79.79
79.53
79.32
79.05
78.84
78.49
78.15
77.89
77.66
77.41
77.18
76.98
76.76
76.49
76.25
75.98
75.75
75.50
75.28
75.04
74.80
74.61
74.39
74.18
73.96
73.76
73.34
72.93
72.71
72.42
72.19
71.98
71.70
71.47
71.21
70.84
70.51
70.20
69.87
69.58
69.26
69.00
68.66
68.39
67.94
67.71
67.23
67.01
66.65
66.37
65.98
65.68
65.36
65.06
64.85
64.85
64.70
64.61
64.38
64.25
63.92
63.57
63.49
63.18
62.80
62.70
62.39
62.27
61.90
61.62
61.32
61.04
60.95
60.77
60.62
60.47
60.21
60.11
59.89
59.68
59.55
59.38
59.27
59.15
59.02
58.90
58.79
58.68
58.57
58.40
58.24
58.12
57.98
57.85
57.73
57.56
57.31
57.17
57.01
56.89
56.76
56.63
56.42
56.27
56.14
56.03
55.82
55.68
55.54
