96.68
96.34
96.04
95.83
95.55
94.96
94.67
94.22
93.86
93.69
93.13
92.76
92.56
92.03
91.66
91.21
90.86
90.66
90.21
89.86
89.44
89.09
88.68
88.35
88.12
87.67
87.23
86.89
86.53
86.14
85.92
85.66
85.32
85.00
84.65
84.34
84.08
83.82
83.61
83.61
83.39
83.16
82.91
82.60
82.38
82.17
81.89
81.61
81.41
81.10
80.91
80.64
80.54
80.43
80.29
80.17
80.03
79.91
79.74
79.60
79.44
79.33
79.14
78.91
78.66
78.43
78.30
78.16
78.04
77.77
77.55
77.34
77.19
77.00
76.88
76.81
76.64
76.50
76.38
76.22
76.06
75.92
75.81
75.64
75.51
75.35
75.22
75.11
74.96
74.85
74.67
74.49
74.28
74.04
73.95
73.83
73.67
73.55
73.42
73.18
73.01
72.82
72.62
72.44
72.18
72.00
71.77
71.63
71.42
71.21
71.00
70.81
70.69
70.46
70.21
70.00
69.79
69.55
69.34
69.10
68.96
68.79
68.64
68.52
68.34
68.18
68.03
67.76
67.57
67.45
67.24
67.07
66.90
66.67
66.47
66.34
66.18
66.08
65.90
65.67
65.55
65.30
65.09
64.93
64.78
64.66
64.56
64.42
64.31
64.15
64.04
63.93
63.76
63.56
63.42
63.26
63.12
63.03
62.89
62.67
62.53
62.42
62.33
62.20
62.05
61.89
61.76
61.57
61.44
61.25
61.12
61.03
