98.05
97.69
97.40
97.16
96.92
96.64
96.27
95.99
95.68
95.40
95.05
94.68
94.35
94.04
93.75
93.41
93.11
92.77
92.50
92.11
91.79
91.43
91.08
90.76
90.43
90.09
89.74
89.41
89.09
88.79
88.48
88.24
87.89
87.55
87.20
86.90
86.58
86.30
86.11
85.77
85.44
85.18
84.80
84.47
84.13
83.80
83.46
83.19
82.70
82.42
82.03
81.82
81.58
81.37
81.16
80.91
80.68
80.45
80.08
79.85
79.67
79.43
79.05
78.73
78.49
78.23
77.97
77.75
77.42
77.12
76.82
76.59
76.29
76.05
75.84
75.56
75.29
75.06
74.81
74.60
74.36
74.13
73.90
73.70
73.47
73.22
72.99
72.74
72.52
72.29
71.97
71.65
71.37
71.13
70.92
70.65
70.41
70.18
69.88
69.54
69.25
68.85
68.54
68.22
67.97
67.65
67.37
67.05
66.78
66.51
66.22
66.00
65.69
65.33
65.03
64.76
64.49
64.27
63.96
63.69
63.69
63.54
63.38
63.19
63.02
62.84
62.64
62.35
62.17
62.02
61.79
61.64
61.45
61.24
61.03
60.88
60.77
60.57
60.39
60.10
59.96
59.78
59.55
59.37
59.20
59.07
58.96
58.84
58.74
58.61
58.50
58.37
58.23
58.06
57.92
57.76
57.63
57.51
57.32
57.13
56.92
56.77
56.63
56.46
56.38
56.23
56.06
55.95
55.84
55.71
55.55
55.37
