97.83
97.54
97.28
97.04
96.82
96.44
96.19
95.83
95.52
95.19
94.90
94.57
94.15
93.86
93.59
93.24
92.94
92.55
92.23
91.89
91.55
91.21
90.89
90.55
90.17
89.80
89.45
89.10
88.75
88.36
87.96
87.77
87.45
87.13
86.82
86.49
86.18
85.92
85.60
85.24
84.88
84.48
84.18
83.87
83.56
83.19
82.94
82.66
82.24
81.93
81.47
81.26
81.01
80.81
80.57
80.35
80.08
79.88
79.53
79.28
79.08
78.80
78.48
78.12
77.88
77.57
77.32
77.10
76.76
76.51
76.19
75.98
75.73
75.50
75.31
75.06
74.81
74.55
74.31
74.08
73.85
73.62
73.42
73.18
72.98
72.76
72.54
72.28
72.04
71.80
71.48
71.20
70.95
70.69
70.45
70.17
69.94
69.67
69.32
69.02
68.70
68.31
68.06
67.74
67.50
67.20
66.91
66.62
66.30
65.99
65.69
65.47
65.16
64.84
64.56
64.28
63.99
63.75
63.39
63.12
62.80
62.55
62.31
62.05
61.78
61.49
61.14
60.80
60.55
60.28
60.02
59.72
59.39
59.12
58.79
58.56
58.30
58.06
57.69
57.48
57.17
57.17
56.98
56.85
56.67
56.56
56.48
56.34
56.26
56.06
55.91
55.81
55.63
55.51
55.35
55.22
55.08
54.96
54.78
54.58
54.45
54.30
54.16
53.98
53.83
53.65
53.48
53.36
53.25
53.13
52.98
52.82
