96.92
96.63
96.33
96.08
95.86
95.51
95.10
94.82
94.52
94.09
93.80
93.80
93.40
93.07
92.96
92.56
92.39
91.90
91.79
91.62
91.42
91.17
91.00
90.69
90.50
90.30
90.11
89.85
89.63
89.44
89.20
88.96
88.80
88.60
88.34
88.08
87.83
87.61
87.42
87.28
87.05
86.84
86.57
86.25
86.06
85.82
85.54
85.28
85.15
84.85
84.67
84.38
84.25
84.09
83.93
83.80
83.67
83.52
83.40
83.14
82.98
82.88
82.76
82.56
82.39
82.20
82.06
81.92
81.79
81.55
81.39
81.17
81.06
80.86
80.72
80.60
80.46
80.30
80.14
79.93
79.80
79.62
79.47
79.26
79.16
79.03
78.91
78.76
78.58
78.41
78.27
78.07
77.86
77.66
77.55
77.44
77.21
77.08
76.89
76.69
76.46
76.26
76.06
75.88
75.66
75.51
75.33
75.16
74.95
74.67
74.49
74.26
74.14
73.89
73.61
73.36
73.14
72.91
72.75
72.45
72.29
72.06
71.88
71.68
71.47
71.29
71.13
70.79
70.58
70.47
70.29
70.12
69.91
69.66
69.47
69.29
69.13
68.98
68.83
68.67
68.56
68.39
68.12
67.98
67.81
67.68
67.54
67.42
67.30
67.13
67.03
66.89
66.73
66.60
66.45
66.26
66.13
66.01
65.84
65.70
65.57
65.43
65.30
65.17
65.07
64.95
64.81
64.69
64.56
64.44
64.29
64.14
