98.20
97.97
97.72
97.53
97.31
97.11
96.90
96.67
96.45
96.26
96.05
95.85
95.65
95.44
95.25
95.02
94.81
94.63
94.42
94.19
93.97
93.73
93.52
93.32
93.10
92.87
92.67
92.46
92.23
92.02
91.83
91.60
91.40
91.15
90.95
90.76
90.53
90.33
90.10
89.89
89.71
89.46
89.26
89.03
88.83
88.62
88.41
88.21
88.00
87.77
87.57
87.35
87.14
86.95
86.73
86.52
86.31
86.12
85.92
85.69
85.49
85.11
84.70
84.28
83.89
83.46
83.25
83.05
82.85
82.64
82.45
82.24
82.01
81.78
81.57
81.35
81.16
80.95
80.71
80.50
80.27
80.04
79.81
79.61
79.40
79.20
78.95
78.73
78.50
78.29
77.97
77.60
77.25
76.89
76.52
76.32
76.12
75.91
75.71
75.49
75.28
75.05
74.85
74.44
74.07
73.85
73.59
73.36
73.13
72.93
72.69
72.48
72.26
72.05
71.83
71.61
71.39
71.18
70.96
70.77
70.55
70.34
70.01
69.81
69.61
69.41
69.17
68.93
68.70
68.70
68.61
68.48
68.40
68.30
68.19
68.06
67.93
67.84
67.74
67.62
67.52
67.43
67.33
67.14
67.04
66.93
66.84
66.74
66.63
66.52
66.41
66.28
66.21
66.08
65.98
65.87
65.75
65.62
65.51
65.40
65.31
65.19
65.10
64.98
64.90
64.79
64.69
64.59
64.47
64.36
64.23
