98.33
98.09
97.86
97.66
97.42
97.24
97.03
96.80
96.61
96.41
96.21
95.99
95.80
95.59
95.38
95.17
94.96
94.75
94.56
94.34
94.14
93.93
93.70
93.47
93.27
93.03
92.83
92.63
92.41
92.25
92.05
91.82
91.62
91.38
91.18
90.98
90.77
90.55
90.32
90.10
89.90
89.69
89.47
89.25
89.04
88.85
88.65
88.43
88.21
88.02
87.78
87.58
87.35
87.13
86.92
86.72
86.50
86.30
86.09
85.85
85.65
85.30
84.97
84.63
84.31
83.96
83.73
83.50
83.29
83.07
82.86
82.66
82.42
82.20
82.00
81.77
81.55
81.36
81.12
80.92
80.68
80.48
80.24
80.03
79.81
79.60
79.37
79.16
78.94
78.72
78.50
77.96
77.73
77.38
76.97
76.63
76.42
76.20
75.99
75.77
75.57
75.37
75.14
74.80
74.43
74.17
73.89
73.68
73.47
73.26
73.05
72.82
72.59
72.36
72.16
71.96
71.74
71.54
71.32
71.07
70.85
70.65
70.35
70.16
69.94
69.71
69.51
69.28
69.06
68.76
68.57
68.35
68.15
67.95
67.74
67.51
67.30
67.09
66.90
66.70
66.50
66.31
66.31
66.23
66.13
66.04
65.93
65.82
65.70
65.59
65.49
65.36
65.25
65.15
65.04
64.93
64.78
64.69
64.56
64.45
64.36
64.25
64.16
64.04
63.94
63.84
63.73
63.62
63.53
63.43
63.26
63.15
