90.34
90.12
89.88
89.66
89.45
89.25
89.04
88.86
88.67
88.47
88.27
88.07
87.88
87.69
87.49
87.26
87.03
86.83
86.61
86.38
86.19
85.97
85.70
85.51
85.31
85.07
84.87
84.66
84.46
84.26
84.07
83.86
83.67
83.44
83.24
83.04
82.82
82.59
82.37
82.15
81.95
81.74
81.49
81.29
81.06
80.85
80.66
80.44
80.23
80.02
79.81
79.59
79.39
79.18
79.00
78.79
78.59
78.39
78.15
77.96
77.75
77.55
77.19
76.87
76.54
76.16
75.78
75.56
75.35
75.13
74.95
74.73
74.54
74.31
74.10
73.90
73.67
73.44
73.23
73.02
72.76
72.53
72.35
72.14
71.92
71.71
71.50
71.28
71.08
70.88
70.66
70.25
69.94
69.58
69.13
68.83
68.61
68.41
68.21
67.98
67.78
67.56
67.36
67.01
66.63
66.40
66.12
65.89
65.66
65.44
65.25
64.97
64.78
64.59
64.37
64.16
63.93
63.73
63.50
63.30
63.06
62.86
62.86
62.74
62.65
62.55
62.44
62.31
62.21
62.05
61.89
61.77
61.65
61.55
61.45
61.31
61.18
61.08
60.96
60.85
60.75
60.63
60.52
60.35
60.26
60.17
60.06
59.94
59.80
59.68
59.58
59.46
59.36
59.22
59.11
59.01
58.91
58.79
58.67
58.55
58.47
58.36
58.28
58.16
58.05
57.92
57.83
57.73
57.64
57.54
57.41
57.29
