82.03
81.77
81.57
81.37
81.13
80.91
80.70
80.49
80.28
80.07
79.86
79.65
79.43
79.23
79.03
78.82
78.59
78.40
78.18
77.97
77.76
77.53
77.29
77.08
76.87
76.65
76.46
76.24
76.04
75.84
75.63
75.43
75.25
75.00
74.81
74.62
74.41
74.19
73.97
73.76
73.56
73.34
73.10
72.89
72.69
72.49
72.29
72.07
71.85
71.66
71.43
71.22
71.00
70.80
70.60
70.38
70.15
69.95
69.74
69.51
69.30
69.09
68.72
68.38
68.03
67.68
67.30
67.09
66.90
66.69
66.49
66.30
66.08
65.86
65.62
65.41
65.19
64.99
64.75
64.55
64.31
64.09
63.87
63.67
63.43
63.21
62.99
62.78
62.57
62.36
62.16
61.68
61.38
61.07
60.57
60.26
60.05
59.82
59.62
59.39
59.20
58.99
58.78
58.43
58.43
58.23
58.11
57.99
57.86
57.71
57.61
57.51
57.35
57.22
57.09
56.98
56.87
56.78
56.66
56.58
56.46
56.30
56.20
55.99
55.89
55.77
55.65
55.52
55.37
55.24
55.04
54.93
54.82
54.73
54.61
54.47
54.37
54.27
54.16
54.03
53.93
53.81
53.68
53.48
53.39
53.29
53.19
53.08
52.95
52.83
52.71
52.59
52.50
52.36
52.27
52.17
52.05
51.90
51.79
51.70
51.61
51.49
51.39
51.28
51.19
51.06
50.96
50.85
50.74
50.64
50.51
