73.26
73.02
72.80
72.60
72.38
72.17
71.96
71.75
71.56
71.35
71.15
70.94
70.72
70.53
70.33
70.14
69.92
69.72
69.51
69.30
69.11
68.89
68.66
68.44
68.23
67.99
67.80
67.59
67.38
67.19
66.97
66.75
66.56
66.34
66.12
65.92
65.71
65.49
65.26
65.06
64.85
64.63
64.38
64.18
63.97
63.78
63.58
63.35
63.14
62.93
62.71
62.49
62.27
62.08
61.88
61.66
61.45
61.26
61.05
60.82
60.60
60.39
59.98
59.66
59.29
58.92
58.58
58.38
58.17
57.98
57.77
57.56
57.33
57.15
56.93
56.73
56.51
56.31
56.08
55.90
55.68
55.42
55.20
55.01
54.78
54.57
54.34
54.13
53.92
53.71
53.29
52.84
52.44
52.07
51.65
51.43
51.22
51.03
50.82
50.61
50.40
50.17
49.94
49.94
49.79
49.50
49.42
49.23
49.06
48.98
48.88
48.76
48.64
48.49
48.39
48.27
48.16
48.07
47.97
47.85
47.77
47.63
47.51
47.28
47.19
47.08
46.97
46.84
46.73
46.62
46.43
46.32
46.21
46.11
46.02
45.88
45.78
45.65
45.55
45.44
45.34
45.22
45.11
44.94
44.85
44.75
44.64
44.52
44.40
44.28
44.16
44.05
43.94
43.83
43.73
43.61
43.49
43.36
43.26
43.14
43.04
42.92
42.83
42.74
42.63
42.51
42.40
42.29
42.19
42.07
41.93
41.80
