73.14
72.91
72.69
72.36
72.12
71.87
71.56
71.24
70.82
70.42
70.03
69.67
69.25
69.03
68.81
68.56
68.38
68.17
67.86
67.55
67.22
66.84
66.47
66.16
65.82
65.42
65.00
64.71
64.36
63.97
63.66
63.40
63.09
62.84
62.52
62.13
61.93
61.49
61.26
60.92
60.63
60.29
60.01
59.70
59.39
59.10
58.78
58.45
58.11
57.74
57.42
57.07
56.73
56.36
56.05
55.71
55.46
55.13
54.84
54.46
54.09
53.78
53.43
53.13
52.82
52.54
52.18
51.94
51.60
51.39
51.14
50.93
50.61
50.32
50.00
49.77
49.53
49.31
49.05
48.81
48.50
48.29
48.07
47.82
47.57
47.27
47.04
46.79
46.53
46.19
45.80
45.43
45.13
44.82
44.60
44.36
44.08
43.73
43.48
43.25
42.95
42.68
42.41
42.10
41.79
41.44
41.13
40.79
40.46
40.11
39.83
39.48
39.18
38.84
38.58
38.31
37.86
37.42
37.10
36.74
36.33
36.07
35.87
35.60
35.35
35.13
34.90
34.59
34.38
34.14
33.87
33.62
33.40
33.18
32.97
32.75
32.43
32.23
31.99
31.99
31.88
31.77
31.54
31.42
31.21
31.10
30.99
30.87
30.73
30.60
30.47
30.32
30.08
29.95
29.85
29.75
29.62
29.53
