72.55
72.31
72.09
71.81
71.57
71.29
70.96
70.53
70.29
69.94
69.64
69.32
68.99
68.70
68.47
68.11
67.88
67.64
67.28
66.94
66.61
66.21
65.92
65.61
65.28
64.93
64.56
64.24
63.82
63.51
63.15
62.88
62.57
62.32
61.97
61.62
61.31
61.03
60.71
60.42
60.09
59.79
59.50
59.16
58.81
58.50
58.15
57.93
57.63
57.33
57.03
56.67
56.35
55.95
55.59
55.27
54.92
54.59
54.28
53.94
53.61
53.28
52.96
52.59
52.25
52.00
51.58
51.36
50.99
50.75
50.50
50.26
49.92
49.57
49.29
49.04
48.84
48.63
48.37
48.17
47.86
47.63
47.39
47.17
46.80
46.47
46.24
46.02
45.70
45.33
44.95
44.63
44.31
44.02
43.78
43.51
43.22
43.22
43.06
42.89
42.79
42.56
42.35
42.15
41.73
41.37
41.06
40.77
40.63
40.16
40.01
39.85
39.40
39.08
38.78
38.62
38.45
38.23
37.90
37.55
37.41
37.19
37.01
36.91
36.75
36.55
36.41
36.29
36.11
36.00
35.89
35.70
35.58
35.43
35.30
35.18
35.05
34.82
34.72
34.60
34.45
34.34
34.07
33.91
33.73
33.62
33.49
33.39
33.28
33.12
32.97
32.87
32.71
32.58
32.48
32.37
32.25
32.13
