72.93
72.70
72.46
72.13
71.89
71.39
71.01
70.79
70.55
70.22
69.93
69.64
69.31
68.97
68.74
68.36
68.14
67.85
67.51
67.20
66.95
66.47
66.23
65.91
65.60
65.31
64.89
64.57
64.24
63.94
63.70
63.42
63.12
62.91
62.49
62.17
61.82
61.52
61.20
60.88
60.60
60.31
59.91
59.62
59.28
59.00
58.71
58.51
58.20
57.88
57.59
57.26
56.97
56.62
56.28
55.99
55.58
55.26
54.92
54.55
54.27
54.00
53.69
53.36
53.07
52.78
52.43
52.22
51.91
51.66
51.38
51.15
50.79
50.47
50.17
49.91
49.69
49.44
49.18
48.89
48.50
48.30
48.11
47.86
47.44
47.15
46.92
46.68
46.31
45.96
45.61
45.30
45.05
44.76
44.55
44.33
44.02
43.69
43.48
43.27
42.97
42.65
42.35
42.05
41.69
41.38
41.04
40.70
40.31
39.96
39.64
39.34
39.03
38.74
38.42
38.13
37.85
37.47
37.08
36.83
36.51
36.51
36.36
36.25
36.09
35.96
35.86
35.74
35.59
35.49
35.38
35.18
35.03
34.90
34.80
34.69
34.58
34.38
34.24
34.11
33.96
33.88
33.72
33.60
33.36
33.25
33.11
33.02
32.90
32.80
32.69
32.57
32.40
32.25
32.15
32.04
31.87
31.74
