73.84
73.60
73.38
73.03
72.78
72.53
72.22
71.91
71.58
71.26
70.96
70.64
70.30
70.00
69.64
69.42
69.16
68.82
68.47
68.15
67.75
67.26
66.94
66.54
66.14
65.72
65.48
65.18
64.88
64.50
64.20
63.90
63.62
63.42
63.10
62.60
62.33
61.86
61.60
61.25
60.97
60.66
60.38
60.03
59.71
59.18
58.93
58.55
58.34
57.84
57.63
57.17
56.96
56.44
56.04
55.71
55.26
55.07
54.72
54.38
54.00
53.66
53.38
52.95
52.63
52.35
52.10
51.77
51.49
51.30
51.07
50.86
50.44
50.09
49.82
49.53
49.30
49.06
48.80
48.57
48.21
47.99
47.77
47.53
47.15
46.83
46.61
46.38
46.10
45.75
45.33
45.08
44.78
44.47
44.25
43.99
43.64
43.28
43.02
42.80
42.55
42.26
42.00
41.67
41.34
40.94
40.61
40.28
39.94
39.62
39.38
39.06
38.74
38.41
38.03
37.74
37.44
36.98
36.67
36.29
36.05
35.72
35.50
35.26
34.96
34.75
34.51
34.51
34.40
34.29
34.12
33.94
33.84
33.69
33.57
33.47
33.37
33.16
33.05
32.89
32.73
32.60
32.42
32.26
32.11
31.96
31.83
31.73
31.61
31.50
31.39
31.21
30.99
30.83
30.72
30.62
30.48
30.38
