73.28
73.02
72.79
72.45
72.21
71.93
71.61
71.30
71.05
70.72
70.40
70.02
69.71
69.38
69.16
68.88
68.67
68.45
68.09
67.79
67.42
67.01
66.68
66.35
66.01
65.71
65.33
65.01
64.65
64.38
64.08
63.79
63.48
63.15
62.75
62.34
61.94
61.74
61.39
61.03
60.74
60.43
60.12
59.82
59.50
59.18
58.80
58.59
58.30
57.95
57.62
57.24
56.93
56.57
56.27
55.97
55.61
55.33
54.99
54.62
54.28
53.97
53.67
53.36
53.01
52.72
52.35
52.14
51.76
51.51
51.25
51.03
50.60
50.29
49.98
49.73
49.51
49.26
49.00
48.73
48.43
48.20
48.00
47.79
47.44
47.13
46.87
46.60
46.25
45.91
45.57
45.25
44.91
44.59
44.32
44.07
43.76
43.42
43.18
42.94
42.64
42.32
41.99
41.51
41.15
40.77
40.36
40.10
39.58
39.33
39.02
38.51
38.12
37.72
37.52
37.23
36.92
36.57
36.22
36.00
35.74
35.47
35.26
34.97
34.70
34.49
34.29
34.29
34.18
34.06
33.92
33.74
33.62
33.47
33.36
33.24
33.13
32.91
32.79
32.64
32.48
32.35
32.20
32.05
31.88
31.78
31.67
31.53
31.44
31.31
31.19
31.04
30.89
30.74
30.62
30.50
30.38
30.29
