71.66
71.39
71.20
70.89
70.66
70.19
69.88
69.65
69.30
68.98
68.58
68.28
68.09
67.74
67.55
67.23
66.99
66.76
66.51
66.24
65.93
65.53
65.13
64.81
64.36
64.36
64.16
63.68
63.41
63.24
62.82
62.70
62.33
62.23
62.14
61.84
61.57
61.40
61.15
60.90
60.59
60.37
60.16
59.96
59.72
59.52
59.32
59.05
58.89
58.69
58.44
58.24
57.96
57.78
57.51
57.28
57.01
56.78
56.58
56.34
56.05
55.80
55.58
55.37
55.16
54.93
54.77
54.50
54.38
54.11
53.97
53.82
53.72
53.43
53.24
53.10
53.01
52.89
52.75
52.56
52.45
52.22
52.10
52.00
51.84
51.58
51.36
51.27
51.15
50.90
50.63
50.35
50.15
49.92
49.73
49.59
49.44
49.26
49.02
48.85
48.74
48.53
48.25
48.08
47.84
47.60
47.33
47.10
46.83
46.55
46.29
46.10
45.89
45.69
45.47
45.22
45.02
44.81
44.48
44.15
44.01
43.83
43.59
43.50
43.30
43.10
43.00
42.89
42.72
42.62
42.46
42.29
42.17
42.03
41.91
41.74
41.63
41.48
41.36
41.25
41.06
40.97
40.74
40.57
40.38
40.27
40.16
40.05
39.91
39.77
39.63
39.46
39.32
39.20
39.11
39.03
38.87
