71.42
71.19
71.00
70.71
70.44
70.06
69.72
69.72
69.58
69.35
69.17
68.93
68.59
68.38
68.15
68.04
67.85
67.72
67.40
67.11
66.76
66.40
66.20
65.75
65.65
65.44
65.18
64.87
64.69
64.48
64.26
64.09
63.90
63.67
63.51
63.25
63.02
62.79
62.57
62.40
62.14
62.00
61.81
61.65
61.47
61.22
61.04
60.77
60.68
60.50
60.27
60.06
59.86
59.64
59.38
59.13
58.92
58.59
58.38
58.17
57.99
57.76
57.53
57.30
57.09
56.88
56.69
56.37
56.25
55.90
55.72
55.61
55.46
55.22
54.97
54.76
54.65
54.53
54.39
54.22
54.09
53.84
53.72
53.61
53.51
53.18
52.96
52.84
52.70
52.51
52.28
51.98
51.75
51.56
51.34
51.24
51.10
50.96
50.73
50.55
50.46
50.28
50.07
49.89
49.67
49.50
49.19
48.93
48.68
48.41
48.16
47.96
47.68
47.46
47.22
47.01
46.78
46.56
46.32
46.06
45.95
45.79
45.58
45.46
45.34
45.11
44.95
44.83
44.68
44.53
44.41
44.25
44.15
43.97
43.87
43.73
43.61
43.41
43.28
43.15
42.97
42.87
42.74
42.63
42.52
42.42
42.29
42.20
42.06
41.91
41.78
41.62
41.40
41.23
41.12
41.02
40.87
