72.59
72.36
72.10
71.78
71.54
71.22
70.93
70.62
70.36
70.07
69.77
69.41
69.08
68.72
68.51
68.23
68.02
67.80
67.48
67.13
66.80
66.39
66.06
65.75
65.45
65.11
64.75
64.45
64.05
63.72
63.42
63.09
62.74
62.41
62.01
61.68
61.38
61.12
60.83
60.51
60.19
59.89
59.60
59.30
59.01
58.66
58.32
58.10
57.79
57.49
57.21
56.81
56.44
56.08
55.74
55.47
55.12
54.79
54.46
54.10
53.76
53.42
53.10
52.77
52.42
52.17
51.79
51.57
51.12
50.90
50.64
50.40
50.02
49.69
49.42
49.19
48.96
48.76
48.47
48.24
47.89
47.68
47.46
47.20
46.86
46.54
46.34
46.11
45.84
45.49
45.09
44.79
44.44
44.16
43.95
43.71
43.38
42.99
42.72
42.49
42.17
41.85
41.59
41.28
40.95
40.61
40.27
39.93
39.58
39.58
39.37
39.20
39.00
38.80
38.56
38.35
38.15
37.72
37.35
37.14
36.83
36.51
36.40
36.28
36.11
35.95
35.84
35.72
35.58
35.48
35.38
35.23
35.07
34.93
34.81
34.65
34.52
34.32
34.18
34.08
33.94
33.82
33.67
33.51
33.38
33.28
33.15
32.99
32.85
32.68
32.59
32.47
32.30
32.17
32.06
31.93
31.82
31.70
