73.42
73.18
72.95
72.65
72.43
72.13
71.79
71.50
71.14
70.90
70.58
70.26
69.97
69.68
69.45
69.12
68.94
68.72
68.36
68.08
67.74
67.35
66.98
66.67
66.25
65.91
65.54
65.26
64.92
64.62
64.27
63.99
63.66
63.43
63.08
62.69
62.30
61.96
61.47
61.25
60.81
60.58
60.15
59.90
59.45
59.14
58.87
58.56
58.32
57.90
57.56
57.19
56.96
56.57
56.25
55.91
55.58
55.26
54.94
54.58
54.22
53.88
53.70
53.25
52.87
52.45
52.20
51.79
51.58
51.37
51.12
50.88
50.57
50.25
49.97
49.68
49.43
49.18
48.91
48.66
48.27
48.09
47.90
47.66
47.33
47.03
46.81
46.59
46.26
45.94
45.60
45.24
44.93
44.62
44.40
44.16
43.82
43.48
43.23
43.05
42.77
42.43
42.12
41.77
41.41
41.08
40.75
40.42
40.07
39.73
39.42
39.10
38.79
38.43
38.15
37.82
37.48
37.11
36.70
36.46
36.16
35.91
35.71
35.40
35.09
34.88
34.66
34.38
34.14
33.92
33.67
33.41
33.15
32.91
32.67
32.43
32.43
32.28
32.15
32.02
31.81
31.70
31.54
31.43
31.25
31.15
31.03
30.94
30.83
30.65
30.55
30.40
30.23
30.13
30.04
29.92
29.76
29.64
