72.89
72.65
72.43
72.11
71.93
71.65
71.34
71.04
70.79
70.48
70.18
69.85
69.52
69.21
68.86
68.65
68.40
68.12
67.85
67.52
67.10
66.69
66.46
66.01
65.70
65.37
64.98
64.79
64.30
64.11
63.81
63.49
63.17
62.88
62.50
62.14
61.84
61.51
61.20
60.89
60.62
60.34
60.04
59.71
59.33
59.01
58.59
58.24
57.94
57.67
57.37
57.02
56.70
56.35
56.00
55.72
55.45
55.13
54.78
54.38
54.12
53.83
53.57
53.23
52.91
52.59
52.20
51.99
51.61
51.40
51.15
50.90
50.59
50.27
49.99
49.76
49.57
49.33
49.05
48.82
48.44
48.19
47.99
47.78
47.46
47.16
46.93
46.65
46.36
46.02
45.61
45.30
44.97
44.69
44.46
44.24
43.93
43.57
43.31
43.07
42.75
42.47
42.15
41.83
41.51
41.20
40.87
40.47
40.10
39.73
39.43
39.07
38.72
38.38
38.09
37.85
37.50
37.12
36.69
36.42
36.12
35.85
35.63
35.34
35.03
34.80
34.61
34.61
34.50
34.43
34.27
34.11
33.99
33.84
33.69
33.58
33.45
33.26
33.14
33.02
32.85
32.73
32.60
32.48
32.30
32.16
31.99
31.82
31.71
31.59
31.50
31.37
31.20
31.05
30.91
30.82
30.71
30.60
