73.75
73.46
73.25
72.96
72.75
72.41
72.10
71.80
71.50
71.17
70.86
70.56
70.23
69.92
69.69
69.33
69.13
68.91
68.55
68.22
67.89
67.51
67.18
66.85
66.45
66.12
65.76
65.49
65.06
64.71
64.41
64.14
63.79
63.57
63.19
62.86
62.53
62.20
61.81
61.48
61.16
60.91
60.62
60.31
59.99
59.70
59.38
59.12
58.66
58.28
57.91
57.54
57.29
56.90
56.55
56.24
55.87
55.51
55.14
54.78
54.41
54.02
53.69
53.29
53.07
52.83
52.45
52.25
51.87
51.67
51.44
51.17
50.82
50.53
50.26
50.03
49.81
49.56
49.30
49.08
48.67
48.49
48.26
47.98
47.66
47.33
47.12
46.69
46.48
46.14
45.78
45.45
45.11
44.83
44.59
44.29
43.92
43.69
43.43
43.14
42.94
42.68
42.37
42.05
41.62
41.33
40.92
40.51
40.29
39.94
39.65
39.28
38.95
38.62
38.18
37.83
37.43
37.43
37.12
36.90
36.56
36.42
36.23
36.12
35.95
35.72
35.59
35.51
35.32
35.24
35.11
34.96
34.80
34.65
34.51
34.31
34.17
33.99
33.89
33.76
33.59
33.49
33.32
33.19
33.04
32.90
32.78
32.66
32.56
32.47
32.35
32.21
32.00
31.84
31.72
31.58
31.42
31.33
