72.01
71.77
71.54
71.22
71.00
70.71
70.40
70.00
69.78
69.42
69.08
68.79
68.46
68.16
67.97
67.68
67.47
67.16
66.88
66.61
66.29
65.81
65.49
65.27
64.77
64.37
64.08
63.82
63.30
63.08
62.72
62.43
62.11
61.89
61.52
61.16
60.89
60.54
60.22
59.87
59.55
59.21
58.89
58.54
58.17
57.86
57.53
57.27
56.99
56.67
56.37
55.99
55.61
55.23
54.92
54.63
54.28
53.91
53.57
53.24
53.24
53.07
52.84
52.57
52.37
52.14
51.96
51.71
51.59
51.36
51.21
51.04
50.93
50.69
50.47
50.30
50.18
50.07
49.95
49.80
49.65
49.31
49.20
49.08
48.92
48.70
48.48
48.38
48.26
48.03
47.76
47.47
47.18
46.93
46.72
46.59
46.44
46.21
45.96
45.80
45.68
45.51
45.30
45.10
44.88
44.66
44.40
44.16
43.89
43.59
43.38
43.15
42.93
42.73
42.48
42.30
42.03
41.82
41.46
41.15
41.03
40.79
40.54
40.42
40.22
40.03
39.91
39.79
39.59
39.46
39.34
39.19
39.04
38.87
38.75
38.60
38.47
38.35
38.24
38.10
37.98
37.87
37.73
37.60
37.38
37.26
37.16
37.07
36.96
36.83
36.71
36.58
36.39
36.27
36.16
36.05
35.92
35.81
