88.40
88.25
88.10
87.97
87.85
87.66
87.51
87.36
87.20
87.05
86.90
86.76
86.60
86.46
86.32
86.13
86.00
85.86
85.70
85.47
85.31
85.09
84.91
84.73
84.54
84.35
84.21
84.01
83.86
83.72
83.55
83.34
83.17
83.04
82.83
82.70
82.48
82.36
82.19
82.06
81.94
81.82
81.70
81.57
81.42
81.27
81.13
80.93
80.68
80.54
80.37
80.23
80.07
79.90
79.75
79.60
79.38
79.23
79.08
79.08
79.06
78.97
78.94
78.89
78.84
78.80
78.69
78.66
78.61
78.53
78.40
78.36
78.32
78.27
78.16
78.12
78.06
78.02
77.96
77.91
77.83
77.78
77.73
77.69
77.62
77.60
77.51
77.49
77.41
77.37
77.33
77.28
77.23
77.18
77.07
77.02
76.95
76.90
76.85
76.81
76.62
76.56
76.44
76.40
76.35
76.24
76.22
76.14
76.02
75.97
75.92
75.86
75.84
75.79
75.68
75.63
75.60
75.55
75.51
75.43
75.38
75.34
75.29
75.27
75.21
75.17
75.13
75.11
75.04
74.98
74.92
74.88
74.86
74.77
74.71
74.61
74.52
74.48
74.43
