97.31
97.16
97.00
96.84
96.71
96.54
96.41
96.29
96.12
95.97
95.77
95.63
95.40
95.25
95.13
94.96
94.83
94.71
94.39
94.24
94.09
93.89
93.71
93.54
93.27
93.15
93.03
92.85
92.63
92.46
92.27
92.15
91.99
91.84
91.67
91.45
91.33
91.14
90.99
90.84
90.69
90.52
90.38
90.23
90.08
89.89
89.68
89.54
89.39
89.24
89.10
88.95
88.78
88.62
88.49
88.28
88.08
87.86
87.73
87.61
87.43
87.28
87.13
86.95
86.80
86.65
86.44
86.31
86.08
85.95
85.74
85.60
85.37
85.22
85.03
84.89
84.70
84.51
84.38
84.15
83.96
83.79
83.67
83.48
83.35
83.20
83.05
82.89
82.68
82.46
82.32
82.18
82.04
81.84
81.69
81.46
81.34
81.14
81.00
80.85
80.70
80.52
80.35
80.23
80.00
79.86
79.71
79.54
79.42
79.26
79.26
79.24
79.18
79.12
79.05
79.01
78.96
78.90
78.85
78.79
78.76
78.74
78.66
78.61
78.59
78.53
78.49
78.43
78.37
78.35
78.27
78.17
78.06
78.01
77.97
77.92
