84.23
84.08
83.94
83.79
83.65
83.52
83.36
83.21
82.99
82.85
82.70
82.55
82.42
82.28
82.14
82.00
81.86
81.72
81.56
81.33
81.18
81.05
80.90
80.73
80.56
80.38
80.17
80.04
79.85
79.63
79.44
79.22
79.09
78.95
78.83
78.61
78.35
78.23
78.06
77.91
77.75
77.61
77.46
77.32
77.15
77.00
76.84
76.84
76.82
76.74
76.71
76.69
76.56
76.53
76.46
76.44
76.41
76.36
76.30
76.27
76.12
76.06
76.02
75.99
75.94
75.90
75.81
75.69
75.57
75.51
75.47
75.43
75.37
75.33
75.29
75.19
75.15
75.10
75.05
74.99
74.91
74.87
74.83
74.79
74.75
74.67
74.60
74.58
74.48
74.42
74.37
74.33
74.29
74.27
74.18
74.08
74.00
73.95
73.87
73.73
73.67
73.56
73.47
73.41
73.37
73.25
73.23
73.17
73.05
73.02
73.00
72.90
72.87
72.80
72.69
72.64
72.62
72.53
72.49
72.45
72.40
72.35
72.31
72.26
72.21
72.17
72.11
72.09
72.02
71.98
71.94
71.88
71.86
71.77
71.70
71.66
71.56
71.51
71.47
