84.01
83.86
83.73
83.58
83.43
83.26
83.13
82.99
82.87
82.67
82.52
82.37
82.22
82.08
81.91
81.76
81.62
81.47
81.32
81.09
80.94
80.80
80.65
80.46
80.26
80.05
79.91
79.77
79.57
79.37
79.19
78.98
78.86
78.68
78.52
78.35
78.35
78.31
78.26
78.22
78.18
78.15
78.06
78.01
77.96
77.91
77.87
77.77
77.65
77.61
77.57
77.46
77.41
77.36
77.32
77.28
77.24
77.14
77.09
76.97
76.88
76.86
76.81
76.77
76.67
76.62
76.58
76.54
76.46
76.40
76.35
76.31
76.25
76.19
76.16
76.12
76.07
76.02
75.97
75.95
75.85
75.76
75.72
75.67
75.63
75.58
75.52
75.47
75.43
75.39
75.34
75.32
75.26
75.21
75.13
75.09
75.04
74.96
74.90
74.85
74.80
74.76
74.69
74.65
74.61
74.56
74.52
74.43
74.41
74.34
74.23
74.19
74.13
74.06
74.04
73.97
73.87
73.83
73.78
73.71
73.67
73.61
73.58
73.52
73.47
73.45
73.39
73.35
73.30
73.26
73.21
73.19
73.10
73.04
72.99
72.95
72.85
72.81
72.76
72.68
72.57
