91.28
91.16
91.00
90.85
90.69
90.57
90.41
90.29
90.13
89.98
89.86
89.69
89.55
89.40
89.28
89.09
88.97
88.81
88.67
88.53
88.41
88.23
88.11
87.96
87.84
87.69
87.56
87.41
87.29
87.13
86.99
86.84
86.69
86.53
86.38
86.24
86.12
85.95
85.74
85.61
85.46
85.31
85.17
85.01
84.87
84.73
84.54
84.32
84.11
83.99
83.84
83.69
83.57
83.37
83.23
83.08
82.94
82.79
82.66
82.45
82.30
82.18
81.98
81.78
81.57
81.43
81.28
81.13
80.99
80.84
80.69
80.55
80.43
80.24
80.10
79.93
79.80
79.59
79.44
79.31
79.12
78.99
78.83
78.71
78.54
78.34
78.13
77.99
77.78
77.57
77.36
77.22
77.07
76.94
76.75
76.54
76.35
76.12
76.00
75.81
75.69
75.53
75.39
75.25
75.01
74.85
74.71
74.57
74.45
74.26
74.08
73.96
73.76
73.64
73.49
73.36
73.22
73.07
72.93
72.76
72.63
72.48
72.36
72.36
72.28
72.23
72.19
72.15
72.03
72.00
71.91
71.88
71.77
71.75
71.62
71.56
71.54
71.48
71.36
71.34
71.24
71.17
71.13
71.07
71.05
70.97
70.92
70.88
70.86
70.80
70.78
70.70
70.68
70.65
70.60
70.56
70.46
70.42
70.37
70.31
70.27
70.22
70.19
70.14
70.10
70.08
70.06
70.04
69.97
69.95
69.88
