1	87.00	93.15	91.28	73.38	82.35
2	86.85	93.00	91.16	73.26	82.23
3	86.70	92.84	91.00	73.07	82.08
4	86.55	92.68	90.85	72.93	81.96
5	86.40	92.54	90.69	72.79	81.77
6	86.28	92.42	90.57	72.64	81.65
7	86.11	92.25	90.41	72.51	81.48
8	85.99	92.13	90.29	72.39	81.35
9	85.87	91.97	90.13	72.24	81.23
10	85.70	91.83	89.98	72.09	81.06
11	85.57	91.69	89.86	71.94	80.94
12	85.43	91.56	89.69	71.79	80.77
13	85.31	91.44	89.55	71.65	80.62
14	85.12	91.28	89.40	71.51	80.48
15	84.97	91.14	89.28	71.38	80.36
16	84.82	91.00	89.09	71.24	80.20
17	84.70	90.87	88.97	71.12	80.04
18	84.54	90.69	88.81	70.93	79.91
19	84.42	90.55	88.67	70.80	79.79
20	84.26	90.40	88.53	70.65	79.63
21	84.11	90.28	88.41	70.53	79.48
22	83.97	90.12	88.23	70.37	79.33
23	83.85	90.00	88.11	70.25	79.21
24	83.69	89.85	87.96	70.09	79.07
25	83.57	89.73	87.84	69.97	78.95
26	83.44	89.57	87.69	69.84	78.80
27	83.32	89.44	87.56	69.69	78.66
28	83.14	89.30	87.41	69.54	78.52
29	83.02	89.18	87.29	69.41	78.40
30	82.86	89.01	87.13	69.29	78.23
31	82.71	88.88	86.99	69.12	78.09
32	82.57	88.72	86.84	68.99	77.97
33	82.45	88.59	86.69	68.86	77.79
34	82.26	88.43	86.53	68.72	77.65
35	82.12	88.28	86.38	68.60	77.49
36	81.98	88.14	86.24	68.37	77.36
37	81.83	88.01	86.12	68.24	77.21
38	81.69	87.86	85.95	68.11	77.06
39	81.54	87.71	85.74	67.99	76.93
40	81.34	87.57	85.61	67.78	76.79
41	81.21	87.38	85.46	67.63	76.59
42	81.01	87.24	85.31	67.51	76.45
43	80.79	87.04	85.17	67.31	76.31
44	80.65	86.92	85.01	67.12	76.16
45	80.47	86.75	84.87	66.89	75.97
46	80.31	86.59	84.73	66.74	75.73
47	80.09	86.47	84.54	66.54	75.59
48	79.90	86.30	84.32	66.40	75.47
49	79.78	86.15	84.11	66.25	75.26
50	79.62	86.00	83.99	66.13	75.14
51	79.48	85.88	83.84	66.00	74.98
52	79.31	85.76	83.69	65.84	74.83
53	79.16	85.56	83.57	65.72	74.67
54	79.01	85.44	83.37	65.54	74.46
55	78.87	85.32	83.23	65.34	74.25
56	78.72	85.20	83.08	65.19	74.11
57	78.58	85.03	82.94	65.05	73.90
58	78.37	84.88	82.79	64.84	73.76
59	78.21	84.74	82.66	64.70	73.61
60	78.08	84.59	82.45	64.58	73.44
61	77.91	84.44	82.30	64.45	73.23
62	77.79	84.30	82.18	64.33	73.11
63	77.61	84.14	81.98	64.15	72.89
64	77.49	84.02	81.78	63.95	72.69
65	77.33	83.83	81.57	63.80	72.48
66	77.13	83.65	81.43	63.68	72.28
67	76.98	83.45	81.28	63.52	72.05
68	76.86	83.30	81.13	63.30	71.92
69	76.69	83.17	80.99	63.15	71.76
70	76.57	82.98	80.84	63.02	71.53
71	76.43	82.76	80.69	62.86	71.34
72	76.31	82.61	80.55	62.73	71.19
73	76.14	82.45	80.43	62.57	71.03
74	76.00	82.21	80.24	62.35	70.90
75	75.84	82.07	80.10	62.20	70.78
76	75.71	81.93	79.93	62.06	70.66
77	75.49	81.78	79.80	61.91	70.50
78	75.34	81.64	79.59	61.77	70.28
79	75.21	81.50	79.44	61.60	70.08
80	75.09	81.32	79.31	61.48	69.93
81	74.91	81.10	79.12	61.30	69.72
82	74.74	80.98	78.99	61.14	69.60
83	74.60	80.77	78.83	60.99	69.44
84	74.47	80.64	78.71	60.86	69.23
85	74.33	80.52	78.54	60.73	69.09
86	74.16	80.33	78.34	60.55	68.86
87	73.95	80.19	78.13	60.41	68.74
88	73.81	79.98	77.99	60.26	68.57
89	73.61	79.83	77.78	60.12	68.41
90	73.46	79.71	77.57	59.98	68.26
91	73.34	79.54	77.36	59.77	68.13
92	73.11	79.37	77.22	59.59	67.92
93	72.96	79.21	77.07	59.45	67.72
94	72.82	79.08	76.94	59.30	67.50
95	72.67	78.92	76.75	59.15	67.32
96	72.53	78.77	76.54	59.00	67.10
97	72.40	78.63	76.35	58.86	66.92
98	72.25	78.42	76.12	58.72	66.77
99	72.11	78.22	76.00	58.60	66.62
100	71.99	78.00	75.81	58.44	66.48
101	71.78	77.84	75.69	58.44	66.48
102	71.56	77.60	75.53	58.40	66.46
103	71.38	77.47	75.39	58.38	66.38
104	71.24	77.35	75.25	58.33	66.35
105	71.10	77.13	75.01	58.28	66.30
106	70.96	77.01	74.85	58.20	66.24
107	70.72	76.87	74.71	58.16	66.13
108	70.56	76.72	74.57	58.11	66.08
109	70.44	76.59	74.45	58.09	66.04
110	70.28	76.43	74.26	58.03	65.99
111	70.16	76.31	74.08	58.00	65.97
112	69.98	76.19	73.96	57.98	65.94
113	69.78	76.07	73.76	57.89	65.92
114	69.65	75.90	73.64	57.87	65.86
115	69.48	75.76	73.49	57.83	65.84
116	69.36	75.61	73.36	57.81	65.76
117	69.20	75.49	73.22	57.76	65.71
118	69.08	75.33	73.07	57.71	65.66
119	68.94	75.21	72.93	57.67	65.61
120	68.79	75.06	72.76	57.65	65.39
121	68.65	74.94	72.63	57.59	65.35
122	68.44	74.81	72.48	57.57	65.30
123	68.32	74.69	72.36	57.51	65.26
125	68.19	74.47	72.36	57.49	65.21
126	68.19	74.32	72.28	57.41	65.18
127	68.17	74.20	72.23	57.38	65.10
128	68.11	73.97	72.19	57.31	65.06
129	68.07	73.78	72.15	57.27	65.01
130	68.02	73.64	72.03	57.11	64.97
131	67.99	73.50	72.00	56.98	64.87
132	67.94	73.28	71.91	56.94	64.78
133	67.92	73.12	71.88	56.89	64.73
134	67.90	73.00	71.77	56.85	64.68
135	67.83	72.80	71.75	56.80	64.57
136	67.78	72.65	71.62	56.76	64.47
137	67.73	72.50	71.56	56.72	64.43
138	67.65	72.50	71.54	56.68	64.38
139	67.55	72.48	71.48	56.66	64.36
140	67.51	72.40	71.36	56.54	64.28
141	67.49	72.38	71.34	56.41	64.23
142	67.47	72.31	71.24	56.36	64.21
143	67.45	72.27	71.17	56.31	64.14
144	67.32	72.15	71.13	56.19	64.09
145	67.28	72.06	71.07	56.11	64.05
146	67.24	72.04	71.05	56.06	64.00
147	67.19	71.96	70.97	56.02	63.97
148	67.16	71.91	70.92	56.00	63.95
149	67.11	71.89	70.88	55.92	63.85
150	67.09	71.83	70.86	55.89	63.83
151	67.02	71.79	70.80	55.84	63.80
152	66.97	71.74	70.78	55.82	63.75
153	66.93	71.72	70.70	55.76	63.71
154	66.91	71.66	70.68	55.72	63.61
155	66.84	71.64	70.65	55.70	63.59
156	66.79	71.59	70.60	55.62	63.52
157	66.75	71.57	70.56	55.58	63.47
158	66.73	71.49	70.46	55.53	63.43
159	66.64	71.44	70.42	55.48	63.41
160	66.60	71.39	70.37	55.46	63.36
161	66.54	71.35	70.31	55.38	63.34
162	66.51	71.28	70.27	55.34	63.26
163	66.46	71.25	70.22	55.29	63.24
164	66.41	71.23	70.19	55.23	63.22
165	66.35	71.14	70.14	55.19	63.18
166	66.31	71.12	70.10	55.15	63.16
167	66.29	71.06	70.08	55.10	63.10
168	66.21	71.04	70.06	55.05	62.99
169	66.19	70.97	70.04	55.01	
170	66.12	70.95	69.97	54.99	
171	66.10	70.90	69.95	54.91	
	66.05	70.81	69.88	54.89	
	65.95	70.75		54.85	
	65.87	70.73		54.74	
				54.68	
				54.58	
