84.11
83.91
83.68
83.49
83.10
82.69
82.30
82.10
81.74
81.42
81.04
80.82
80.59
80.37
80.15
79.94
79.75
79.53
79.34
79.02
78.83
78.61
78.36
78.16
77.96
77.77
77.59
77.37
77.14
76.88
76.67
76.47
76.22
76.01
75.79
75.58
75.58
75.50
75.40
75.29
75.19
75.08
74.97
74.87
74.74
74.61
74.51
74.41
74.29
74.17
74.06
73.88
73.80
73.67
73.57
73.46
73.37
73.24
73.13
73.00
72.91
72.78
72.66
72.46
72.35
72.24
72.12
72.02
71.90
71.78
71.67
71.54
71.44
71.33
71.23
71.12
71.00
70.88
70.76
70.67
70.57
70.45
70.31
70.19
70.09
69.97
69.85
69.77
69.68
69.57
69.47
69.33
69.25
69.15
69.05
68.94
68.86
68.75
68.64
68.53
68.41
68.29
68.12
68.03
67.93
67.79
67.70
67.58
67.44
67.32
67.15
66.98
66.87
66.75
66.64
66.54
66.44
66.34
66.23
66.12
65.98
65.86
65.76
65.63
65.51
65.40
65.24
65.15
65.07
64.95
64.86
64.75
64.64
64.52
64.44
64.33
