90.99
90.77
90.59
90.39
90.16
89.85
89.48
89.19
88.84
88.49
88.23
88.01
87.80
87.61
87.39
87.20
86.97
86.76
86.52
86.28
86.08
85.86
85.61
85.36
85.16
84.95
84.74
84.54
84.30
84.07
83.88
83.69
83.39
83.20
82.96
82.75
82.52
82.33
82.13
81.91
81.70
81.47
81.28
81.06
80.86
80.68
80.45
80.21
80.01
79.76
79.48
79.26
79.03
78.82
78.63
78.41
78.22
77.99
77.77
77.56
77.33
77.11
76.83
76.63
76.43
76.23
75.99
75.77
75.55
75.36
75.15
74.95
74.76
74.54
74.33
74.13
73.92
73.75
73.54
73.32
73.10
72.90
72.64
72.46
72.27
72.03
71.80
71.59
71.38
71.18
70.98
70.75
70.54
70.32
70.12
69.93
69.71
69.50
69.29
69.08
68.89
68.89
68.79
68.67
68.58
68.46
68.35
68.26
68.16
68.03
67.86
67.70
67.59
67.47
67.38
67.27
67.18
67.05
66.88
66.79
66.65
66.51
66.40
66.28
66.18
66.07
65.96
65.83
65.73
65.62
65.50
65.38
65.28
65.15
65.01
64.89
