79.30
79.06
78.86
78.67
78.44
78.14
77.80
77.48
77.15
76.83
76.49
76.27
76.07
75.87
75.61
75.42
75.19
75.01
74.78
74.54
74.33
74.07
73.87
73.64
73.44
73.24
73.03
72.82
72.60
72.41
72.23
72.02
72.02
71.92
71.80
71.68
71.59
71.42
71.31
71.19
71.08
70.98
70.87
70.72
70.61
70.53
70.41
70.26
70.13
70.01
69.90
69.76
69.66
69.56
69.44
69.34
69.20
69.11
69.02
68.91
68.81
68.70
68.60
68.37
68.26
68.16
68.06
67.96
67.84
67.74
67.62
67.51
67.37
67.24
67.14
67.05
66.95
66.81
66.69
66.59
66.47
66.37
66.25
66.13
66.03
65.93
65.82
65.72
65.58
65.49
65.39
65.27
65.16
65.08
64.98
64.88
64.74
64.62
64.51
64.41
64.31
64.21
64.04
63.90
63.78
63.65
63.53
63.41
63.31
63.21
63.04
62.86
62.73
62.62
62.53
62.40
62.30
62.17
62.05
61.95
61.84
61.72
61.60
61.48
61.37
61.27
61.11
60.99
60.90
60.79
60.66
60.52
60.42
60.32
60.21
60.09
