88.30
88.08
87.88
87.69
87.48
86.98
86.62
86.18
85.79
85.43
85.22
85.01
84.81
84.60
84.38
84.20
83.99
83.79
83.59
83.29
83.06
82.83
82.58
82.35
82.14
81.93
81.75
81.54
81.32
81.14
80.93
80.73
80.48
80.26
80.01
79.79
79.49
79.28
79.07
78.85
78.65
78.46
78.26
78.06
77.88
77.68
77.48
77.25
77.02
76.80
76.50
76.29
76.11
75.91
75.72
75.51
75.29
75.06
74.87
74.66
74.47
74.28
74.28
74.18
74.07
73.97
73.89
73.77
73.63
73.53
73.42
73.33
73.20
73.09
72.98
72.86
72.71
72.62
72.49
72.38
72.26
72.15
72.05
71.94
71.84
71.74
71.65
71.52
71.43
71.34
71.23
71.11
70.98
70.89
70.81
70.71
70.62
70.53
70.43
70.31
70.18
70.04
69.88
69.78
69.65
69.54
69.44
69.34
69.25
69.13
68.97
68.81
68.72
68.62
68.52
68.38
68.29
68.18
68.06
67.95
67.86
67.75
67.61
67.49
67.42
67.33
67.22
67.08
66.97
66.86
66.73
66.63
66.52
66.41
66.31
66.20
