83.57
83.33
83.12
82.91
82.66
82.38
82.04
81.74
81.40
81.09
80.79
80.58
80.36
80.15
79.92
79.72
79.52
79.30
79.10
79.10
78.99
78.89
78.77
78.62
78.50
78.38
78.27
78.15
78.05
77.92
77.80
77.70
77.61
77.45
77.36
77.21
77.10
76.90
76.75
76.62
76.52
76.41
76.29
76.20
76.10
76.01
75.87
75.76
75.63
75.49
75.40
75.25
75.16
75.07
74.97
74.86
74.73
74.63
74.55
74.45
74.35
74.25
74.16
73.99
73.87
73.76
73.64
73.55
73.42
73.30
73.20
73.12
73.02
72.94
72.84
72.74
72.60
72.47
72.35
72.26
72.13
72.00
71.88
71.75
71.65
71.55
71.42
71.34
71.21
71.12
71.01
70.84
70.73
70.62
70.53
70.43
70.34
70.24
70.14
70.02
69.89
69.78
69.60
69.48
69.36
69.23
69.12
69.02
68.92
68.84
68.66
68.50
68.39
68.25
68.12
67.99
67.89
67.78
67.66
67.56
67.46
67.34
67.23
67.12
66.99
66.91
66.82
66.69
66.57
66.47
66.38
66.28
66.17
66.06
65.95
65.83
