92.74
92.52
92.33
92.08
91.86
91.52
91.18
90.84
90.48
90.16
89.83
89.62
89.38
89.19
88.98
88.78
88.56
88.36
88.13
87.85
87.61
87.39
87.15
86.96
86.76
86.54
86.30
86.10
85.87
85.64
85.43
85.21
84.96
84.73
84.51
84.29
84.05
83.82
83.62
83.42
83.22
83.02
82.80
82.58
82.36
82.14
81.92
81.69
81.50
81.26
81.01
80.80
80.61
80.40
80.17
79.94
79.74
79.54
79.33
79.14
78.93
78.72
78.41
78.22
78.00
77.80
77.58
77.34
77.13
76.91
76.68
76.45
76.22
76.02
75.83
75.64
75.41
75.17
74.97
74.75
74.53
74.31
74.09
73.87
73.68
73.46
73.24
73.03
72.85
72.64
72.40
72.17
71.97
71.77
71.56
71.33
71.11
70.89
70.70
70.47
70.25
69.96
69.76
69.55
69.31
69.10
68.89
68.68
68.46
68.46
68.37
68.23
68.12
68.00
67.89
67.80
67.70
67.56
67.45
67.36
67.19
67.10
66.97
66.85
66.75
66.64
66.51
66.42
66.31
66.19
66.08
65.98
65.87
65.72
65.61
65.49
