92.87
92.69
92.46
92.22
91.99
91.67
91.37
91.04
90.68
90.34
90.00
89.81
89.57
89.35
89.13
88.92
88.70
88.50
88.25
87.98
87.76
87.53
87.29
87.06
86.83
86.64
86.42
86.19
85.97
85.73
85.55
85.36
85.05
84.85
84.63
84.39
84.10
83.89
83.67
83.47
83.27
83.07
82.83
82.63
82.45
82.23
82.03
81.83
81.57
81.38
81.11
80.90
80.69
80.48
80.29
80.06
79.85
79.63
79.42
79.22
79.01
78.82
78.52
78.30
78.10
77.89
77.68
77.46
77.22
77.00
76.78
76.55
76.36
76.16
75.96
75.72
75.50
75.29
75.08
74.88
74.63
74.42
74.21
74.01
73.81
73.59
73.40
73.16
72.95
72.74
72.53
72.30
72.11
71.88
71.67
71.45
71.23
71.03
70.82
70.61
70.42
70.16
69.93
69.72
69.50
69.30
69.11
68.91
68.72
68.72
68.63
68.48
68.34
68.22
68.10
67.98
67.88
67.75
67.60
67.49
67.38
67.26
67.16
67.04
66.91
66.82
66.70
66.56
66.44
66.32
66.21
66.10
65.99
65.85
65.74
65.63
