1	88.30	79.30	83.57	92.74	92.87	90.99	84.11	84.22	97.24	95.39
2	88.08	79.06	83.33	92.52	92.69	90.77	83.91	83.98	97.01	95.18
3	87.88	78.86	83.12	92.33	92.46	90.59	83.68	83.76	96.81	94.96
4	87.69	78.67	82.91	92.08	92.22	90.39	83.49	83.57	96.61	94.71
5	87.48	78.44	82.66	91.86	91.99	90.16	83.10	83.24	96.39	94.48
6	86.98	78.14	82.38	91.52	91.67	89.85	82.69	82.92	96.12	94.13
7	86.62	77.80	82.04	91.18	91.37	89.48	82.30	82.64	95.79	93.81
8	86.18	77.48	81.74	90.84	91.04	89.19	82.10	82.42	95.44	93.46
9	85.79	77.15	81.40	90.48	90.68	88.84	81.74	82.04	95.08	93.15
10	85.43	76.83	81.09	90.16	90.34	88.49	81.42	81.74	94.77	92.81
11	85.22	76.49	80.79	89.83	90.00	88.23	81.04	81.38	94.41	92.61
12	85.01	76.27	80.58	89.62	89.81	88.01	80.82	81.17	94.23	92.43
13	84.81	76.07	80.36	89.38	89.57	87.80	80.59	80.96	94.01	92.22
14	84.60	75.87	80.15	89.19	89.35	87.61	80.37	80.74	93.80	91.99
15	84.38	75.61	79.92	88.98	89.13	87.39	80.15	80.51	93.57	91.78
16	84.20	75.42	79.72	88.78	88.92	87.20	79.94	80.30	93.37	91.59
17	83.99	75.19	79.52	88.56	88.70	86.97	79.75	80.09	93.15	91.38
18	83.79	75.01	79.30	88.36	88.50	86.76	79.53	79.87	92.94	91.19
19	83.59	74.78	79.10	88.13	88.25	86.52	79.34	79.67	92.72	90.97
20	83.29	74.54	79.10	87.85	87.98	86.28	79.02	79.38	92.48	90.69
21	83.06	74.33	78.99	87.61	87.76	86.08	78.83	79.16	92.27	90.47
22	82.83	74.07	78.89	87.39	87.53	85.86	78.61	78.93	92.06	90.23
23	82.58	73.87	78.77	87.15	87.29	85.61	78.36	78.69	91.80	89.98
24	82.35	73.64	78.62	86.96	87.06	85.36	78.16	78.46	91.57	89.78
25	82.14	73.44	78.50	86.76	86.83	85.16	77.96	78.26	91.38	89.59
26	81.93	73.24	78.38	86.54	86.64	84.95	77.77	78.05	91.19	89.37
27	81.75	73.03	78.27	86.30	86.42	84.74	77.59	77.85	90.98	89.16
28	81.54	72.82	78.15	86.10	86.19	84.54	77.37	77.64	90.78	88.96
29	81.32	72.60	78.05	85.87	85.97	84.30	77.14	77.42	90.59	88.73
30	81.14	72.41	77.92	85.64	85.73	84.07	76.88	77.22	90.37	88.51
31	80.93	72.23	77.80	85.43	85.55	83.88	76.67	77.01	90.18	88.30
32	80.73	72.02	77.70	85.21	85.36	83.69	76.47	76.83	89.97	88.12
33	80.48	72.02	77.61	84.96	85.05	83.39	76.22	76.56	89.72	87.85
34	80.26	71.92	77.45	84.73	84.85	83.20	76.01	76.36	89.53	87.61
35	80.01	71.80	77.36	84.51	84.63	82.96	75.79	76.15	89.29	87.39
36	79.79	71.68	77.21	84.29	84.39	82.75	75.58	75.96	89.09	87.19
37	79.49	71.59	77.10	84.05	84.10	82.52	75.58	75.72	88.79	86.97
38	79.28	71.42	76.90	83.82	83.89	82.33	75.50	75.51	88.58	86.73
39	79.07	71.31	76.75	83.62	83.67	82.13	75.40	75.33	88.38	86.54
40	78.85	71.19	76.62	83.42	83.47	81.91	75.29	75.12	88.18	86.31
41	78.65	71.08	76.52	83.22	83.27	81.70	75.19	74.91	87.97	86.13
42	78.46	70.98	76.41	83.02	83.07	81.47	75.08	74.70	87.76	85.91
43	78.26	70.87	76.29	82.80	82.83	81.28	74.97	74.45	87.57	85.66
44	78.06	70.72	76.20	82.58	82.63	81.06	74.87	74.25	87.35	85.47
45	77.88	70.61	76.10	82.36	82.45	80.86	74.74	74.03	87.13	85.28
46	77.68	70.53	76.01	82.14	82.23	80.68	74.61	73.81	86.93	85.07
47	77.48	70.41	75.87	81.92	82.03	80.45	74.51	73.61	86.74	84.82
48	77.25	70.26	75.76	81.69	81.83	80.21	74.41	73.39	86.50	84.60
49	77.02	70.13	75.63	81.50	81.57	80.01	74.29	73.18	86.31	84.42
50	76.80	70.01	75.49	81.26	81.38	79.76	74.17	72.99	86.06	84.21
51	76.50	69.90	75.40	81.01	81.11	79.48	74.06	72.99	85.78	83.91
52	76.29	69.76	75.25	80.80	80.90	79.26	73.88	72.90	85.58	83.72
53	76.11	69.66	75.16	80.61	80.69	79.03	73.80	72.79	85.37	83.52
54	75.91	69.56	75.07	80.40	80.48	78.82	73.67	72.67	85.16	83.33
55	75.72	69.44	74.97	80.17	80.29	78.63	73.57	72.57	84.97	83.12
56	75.51	69.34	74.86	79.94	80.06	78.41	73.46	72.46	84.74	82.90
57	75.29	69.20	74.73	79.74	79.85	78.22	73.37	72.34	84.52	82.68
58	75.06	69.11	74.63	79.54	79.63	77.99	73.24	72.24	84.30	82.47
59	74.87	69.02	74.55	79.33	79.42	77.77	73.13	72.14	84.09	82.27
60	74.66	68.91	74.45	79.14	79.22	77.56	73.00	72.04	83.88	82.07
61	74.47	68.81	74.35	78.93	79.01	77.33	72.91	71.95	83.67	81.85
62	74.28	68.70	74.25	78.72	78.82	77.11	72.78	71.80	83.46	81.66
63	74.28	68.60	74.16	78.41	78.52	76.83	72.66	71.70	83.14	81.39
64	74.18	68.37	73.99	78.22	78.30	76.63	72.46	71.53	82.95	81.19
65	74.07	68.26	73.87	78.00	78.10	76.43	72.35	71.39	82.73	80.96
66	73.97	68.16	73.76	77.80	77.89	76.23	72.24	71.28	82.55	80.79
67	73.89	68.06	73.64	77.58	77.68	75.99	72.12	71.17	82.34	80.59
68	73.77	67.96	73.55	77.34	77.46	75.77	72.02	71.05	82.12	80.39
69	73.63	67.84	73.42	77.13	77.22	75.55	71.90	70.91	81.91	80.18
70	73.53	67.74	73.30	76.91	77.00	75.36	71.78	70.80	81.68	79.99
71	73.42	67.62	73.20	76.68	76.78	75.15	71.67	70.70	81.47	79.79
72	73.33	67.51	73.12	76.45	76.55	74.95	71.54	70.60	81.23	79.53
73	73.20	67.37	73.02	76.22	76.36	74.76	71.44	70.51	81.03	79.32
74	73.09	67.24	72.94	76.02	76.16	74.54	71.33	70.38	80.83	79.10
75	72.98	67.14	72.84	75.83	75.96	74.33	71.23	70.26	80.62	78.90
76	72.86	67.05	72.74	75.64	75.72	74.13	71.12	70.16	80.42	78.67
77	72.71	66.95	72.60	75.41	75.50	73.92	71.00	70.01	80.22	78.49
78	72.62	66.81	72.47	75.17	75.29	73.75	70.88	69.86	80.03	78.27
79	72.49	66.69	72.35	74.97	75.08	73.54	70.76	69.73	79.82	78.07
80	72.38	66.59	72.26	74.75	74.88	73.32	70.67	69.63	79.62	77.85
81	72.26	66.47	72.13	74.53	74.63	73.10	70.57	69.53	79.40	77.63
82	72.15	66.37	72.00	74.31	74.42	72.90	70.45	69.42	79.19	77.43
83	72.05	66.25	71.88	74.09	74.21	72.64	70.31	69.29	78.96	77.22
84	71.94	66.13	71.75	73.87	74.01	72.46	70.19	69.20	78.74	77.01
85	71.84	66.03	71.65	73.68	73.81	72.27	70.09	69.11	78.51	76.79
86	71.74	65.93	71.55	73.46	73.59	72.03	69.97	69.01	78.31	76.56
87	71.65	65.82	71.42	73.24	73.40	71.80	69.85	68.89	78.10	76.36
88	71.52	65.72	71.34	73.03	73.16	71.59	69.77	68.79	77.88	76.12
89	71.43	65.58	71.21	72.85	72.95	71.38	69.68	68.68	77.67	75.94
90	71.34	65.49	71.12	72.64	72.74	71.18	69.57	68.57	77.47	75.74
91	71.23	65.39	71.01	72.40	72.53	70.98	69.47	68.47	77.25	75.52
92	71.11	65.27	70.84	72.17	72.30	70.75	69.33	68.35	77.02	75.31
93	70.98	65.16	70.73	71.97	72.11	70.54	69.25	68.26	76.82	75.10
94	70.89	65.08	70.62	71.77	71.88	70.32	69.15	68.15	76.61	74.89
95	70.81	64.98	70.53	71.56	71.67	70.12	69.05	68.06	76.42	74.70
96	70.71	64.88	70.43	71.33	71.45	69.93	68.94	67.96	76.25	74.49
97	70.62	64.74	70.34	71.11	71.23	69.71	68.86	67.87	76.02	74.30
98	70.53	64.62	70.24	70.89	71.03	69.50	68.75	67.75	75.82	74.10
99	70.43	64.51	70.14	70.70	70.82	69.29	68.64	67.65	75.60	73.89
100	70.31	64.41	70.02	70.47	70.61	69.08	68.53	67.54	75.41	73.69
101	70.18	64.31	69.89	70.25	70.42	68.89	68.41	67.45	75.21	73.49
102	70.04	64.21	69.78	69.96	70.16	68.89	68.29	67.35	74.96	73.21
103	69.88	64.04	69.60	69.76	69.93	68.79	68.12	67.17	74.74	72.97
104	69.78	63.90	69.48	69.55	69.72	68.67	68.03	67.07	74.52	72.75
105	69.65	63.78	69.36	69.31	69.50	68.58	67.93	66.95	74.30	72.53
106	69.54	63.65	69.23	69.10	69.30	68.46	67.79	66.82	74.09	72.31
107	69.44	63.53	69.12	68.89	69.11	68.35	67.70	66.71	73.86	72.10
108	69.34	63.41	69.02	68.68	68.91	68.26	67.58	66.62	73.62	71.86
109	69.25	63.31	68.92	68.46	68.72	68.16	67.44	66.48	73.38	71.65
111	69.13	63.21	68.84	68.46	68.72	68.03	67.32	66.36	73.13	71.35
112	68.97	63.04	68.66	68.37	68.63	67.86	67.15	66.19	73.13	71.35
113	68.81	62.86	68.50	68.23	68.48	67.70	66.98	66.01	73.04	71.25
114	68.72	62.73	68.39	68.12	68.34	67.59	66.87	65.89	72.93	71.16
115	68.62	62.62	68.25	68.00	68.22	67.47	66.75	65.77	72.81	71.02
116	68.52	62.53	68.12	67.89	68.10	67.38	66.64	65.65	72.69	70.87
117	68.38	62.40	67.99	67.80	67.98	67.27	66.54	65.52	72.56	70.77
118	68.29	62.30	67.89	67.70	67.88	67.18	66.44	65.42	72.45	70.67
119	68.18	62.17	67.78	67.56	67.75	67.05	66.34	65.32	72.33	70.54
120	68.06	62.05	67.66	67.45	67.60	66.88	66.23	65.15	72.18	70.37
121	67.95	61.95	67.56	67.36	67.49	66.79	66.12	65.05	72.08	70.28
122	67.86	61.84	67.46	67.19	67.38	66.65	65.98	64.91	71.95	70.16
123	67.75	61.72	67.34	67.10	67.26	66.51	65.86	64.78	71.79	70.03
124	67.61	61.60	67.23	66.97	67.16	66.40	65.76	64.63	71.66	69.89
125	67.49	61.48	67.12	66.85	67.04	66.28	65.63	64.54	71.54	69.78
126	67.42	61.37	66.99	66.75	66.91	66.18	65.51	64.44	71.46	69.67
127	67.33	61.27	66.91	66.64	66.82	66.07	65.40	64.34	71.35	69.55
128	67.22	61.11	66.82	66.51	66.70	65.96	65.24	64.24	71.25	69.42
129	67.08	60.99	66.69	66.42	66.56	65.83	65.15	64.09	71.13	69.29
130	66.97	60.90	66.57	66.31	66.44	65.73	65.07	63.98	71.04	69.17
131	66.86	60.79	66.47	66.19	66.32	65.62	64.95	63.85	70.92	69.06
132	66.73	60.66	66.38	66.08	66.21	65.50	64.86	63.76	70.81	68.95
133	66.63	60.52	66.28	65.98	66.10	65.38	64.75	63.64	70.70	68.83
134	66.52	60.42	66.17	65.87	65.99	65.28	64.64	63.52	70.58	68.73
135	66.41	60.32	66.06	65.72	65.85	65.15	64.52	63.41	70.47	68.61
136	66.31	60.21	65.95	65.61	65.74	65.01	64.44	63.30	70.36	68.50
	66.20	60.09	65.83	65.49	65.63	64.89	64.33	63.21	70.26	68.39
