120.96
120.66
120.44
120.23
120.01
119.78
119.52
119.22
118.86
118.49
118.10
117.73
117.38
117.03
116.71
116.29
115.97
115.66
115.32
115.01
114.61
114.29
114.00
113.80
113.52
113.20
112.82
112.46
112.14
111.76
111.52
111.20
110.90
110.66
110.32
109.98
109.67
109.32
109.00
108.72
108.36
108.02
107.71
107.38
107.04
106.76
106.56
106.27
106.02
105.75
105.41
105.05
104.78
104.42
104.20
103.83
103.51
103.11
102.77
102.45
102.12
101.81
101.47
101.15
100.77
100.45
100.16
99.86
99.60
99.23
98.94
98.61
98.28
98.00
97.78
97.54
97.20
96.94
96.70
96.49
96.25
96.01
95.79
95.61
95.39
95.15
94.87
94.64
94.41
94.16
93.88
93.67
93.38
93.14
92.88
92.60
92.27
91.98
91.71
91.43
91.15
90.87
90.50
90.26
89.95
89.60
89.23
89.01
88.63
88.33
88.04
87.76
87.76
87.65
87.54
87.37
87.25
87.07
86.98
86.64
86.49
86.21
86.01
85.88
85.66
85.46
85.28
85.04
84.82
84.58
84.40
84.16
83.93
83.78
83.54
83.32
83.12
82.90
82.78
82.66
82.53
82.35
82.17
82.01
81.90
81.71
81.56
81.46
81.32
81.22
81.10
81.01
80.90
80.76
80.61
80.49
80.36
80.20
80.00
79.87
79.75
79.59
79.46
79.29
79.17
79.03
78.93
78.71
78.60
78.47
78.32
