121.99
121.73
121.50
121.26
121.06
120.82
120.51
120.19
119.87
119.53
119.15
118.71
118.25
117.87
117.43
117.03
116.48
116.28
115.90
115.54
115.18
114.87
114.57
114.34
114.11
113.81
113.46
113.13
112.78
112.49
112.26
111.99
111.70
111.25
110.86
110.48
110.07
109.67
109.29
108.91
108.71
108.40
108.13
107.77
107.44
107.09
106.88
106.66
106.41
106.20
105.86
105.58
105.26
104.91
104.69
104.33
103.97
103.57
103.20
102.90
102.55
102.16
101.85
101.47
101.08
100.79
100.48
100.29
99.99
99.62
99.31
98.96
98.63
98.42
98.19
97.94
97.67
97.44
97.17
96.94
96.73
96.48
96.28
96.03
95.77
95.47
95.19
94.99
94.74
94.50
94.29
94.08
93.77
93.58
93.34
93.00
92.69
92.43
92.13
91.92
91.62
91.41
91.00
90.74
90.41
90.09
89.83
89.62
89.24
88.95
88.61
88.26
88.00
87.71
87.47
87.28
86.95
86.75
86.32
85.85
85.50
85.27
85.04
84.63
84.46
84.17
83.90
83.46
83.11
82.71
82.37
82.12
81.73
81.52
81.06
80.70
80.46
80.25
80.06
79.82
79.53
79.31
79.07
78.86
78.86
78.74
78.63
78.41
78.29
78.19
78.09
77.93
77.84
77.67
77.55
77.41
77.25
77.12
76.94
76.81
76.67
76.54
76.44
76.33
76.18
75.97
75.88
75.68
75.55
75.41
75.26
