120.12
119.91
119.70
119.50
119.26
118.99
118.65
118.37
118.01
117.65
117.15
116.69
116.27
115.98
115.61
115.24
114.91
114.59
114.26
113.96
113.64
113.30
113.30
113.13
112.77
112.45
112.17
111.80
111.70
111.29
111.17
111.03
110.85
110.68
110.54
110.29
110.03
109.72
109.47
109.24
109.06
108.84
108.58
108.32
108.11
107.90
107.69
107.59
107.48
107.31
107.20
106.95
106.67
106.48
106.24
106.12
105.90
105.77
105.47
105.27
105.07
104.90
104.61
104.33
104.12
103.94
103.74
103.52
103.34
103.21
102.96
102.70
102.46
102.23
102.02
101.91
101.73
101.64
101.48
101.32
101.23
101.09
100.95
100.81
100.70
100.54
100.33
100.12
99.99
99.90
99.78
99.66
99.54
99.36
99.24
99.12
98.88
98.63
98.40
98.22
98.09
97.87
97.72
97.46
97.30
97.10
96.89
96.64
96.51
96.29
96.10
95.88
95.66
95.53
95.41
95.30
95.20
94.92
94.76
94.53
94.41
94.21
93.98
93.87
93.67
93.48
93.29
93.09
92.86
92.64
92.41
92.25
92.06
91.94
91.75
91.56
91.38
91.12
91.02
90.94
90.78
90.61
90.45
90.29
90.20
90.04
89.92
89.74
89.63
89.51
89.34
89.22
89.10
88.95
88.74
88.60
88.41
88.26
88.08
87.92
87.77
87.66
87.52
87.40
87.28
87.16
87.01
86.79
86.63
86.50
86.37
