120.71
120.43
120.17
119.94
119.70
119.43
119.12
118.81
118.47
118.14
117.76
117.35
116.90
116.45
116.08
115.69
115.33
114.98
114.61
114.12
113.92
113.63
113.32
113.07
112.79
112.47
112.12
111.78
111.45
111.13
110.88
110.58
110.31
110.09
109.65
109.30
109.01
108.64
108.35
108.04
107.70
107.38
107.05
106.69
106.34
106.05
105.84
105.60
105.27
105.02
104.69
104.36
104.03
103.72
103.50
103.17
102.79
102.41
102.06
101.75
101.51
101.19
100.88
100.57
100.24
99.96
99.60
99.30
99.07
98.76
98.42
98.11
97.78
97.50
97.28
97.06
96.84
96.63
96.40
96.17
95.94
95.69
95.46
95.24
94.99
94.76
94.46
94.20
93.97
93.74
93.51
93.30
92.97
92.78
92.55
92.23
91.92
91.63
91.30
91.08
90.82
90.57
90.19
89.94
89.62
89.28
89.28
89.16
89.02
88.76
88.57
88.32
88.09
87.92
87.83
87.64
87.52
87.29
87.13
86.80
86.66
86.43
86.23
86.11
85.96
85.73
85.56
85.33
85.08
84.90
84.74
84.56
84.36
84.22
84.02
83.87
83.65
83.43
83.32
83.20
83.03
82.87
82.72
82.59
82.49
82.34
82.22
82.06
81.91
81.81
81.71
81.58
81.45
81.30
81.08
80.96
80.79
80.64
80.48
80.32
80.18
80.04
79.89
79.71
79.60
79.42
79.30
79.07
78.95
78.82
78.70
