120.50
120.30
120.08
119.85
119.63
119.36
119.08
118.78
118.42
118.06
117.71
117.29
116.90
116.47
116.15
115.73
115.39
115.07
114.74
114.45
114.16
113.85
113.51
113.30
113.04
112.69
112.33
111.99
111.67
111.39
111.16
111.16
111.04
110.85
110.52
110.15
109.81
109.43
109.05
108.73
108.42
108.30
108.00
107.81
107.59
107.33
107.08
106.99
106.89
106.69
106.47
105.96
105.67
105.27
105.11
104.80
104.66
104.48
104.18
103.99
103.80
103.64
103.39
103.16
102.96
102.74
102.50
102.32
102.11
101.96
101.74
101.52
101.35
101.11
100.90
100.77
100.62
100.41
100.26
100.16
100.05
99.94
99.80
99.65
99.54
99.40
99.22
99.04
98.94
98.83
98.70
98.56
98.44
98.24
98.14
98.00
97.76
97.52
97.35
97.14
96.97
96.77
96.57
96.27
96.08
95.85
95.63
95.40
95.27
94.95
94.78
94.55
94.33
94.16
94.03
93.86
93.75
93.52
93.38
93.10
92.98
92.82
92.59
92.47
92.27
92.07
91.90
91.71
91.47
91.27
91.06
90.84
90.60
90.46
90.27
90.06
89.87
89.67
89.56
89.44
89.29
89.14
88.99
88.82
88.68
88.52
88.39
88.16
88.04
87.93
87.79
87.70
87.53
87.34
87.17
87.05
86.92
86.76
86.59
86.35
86.22
86.10
85.96
85.81
85.71
85.54
85.44
85.23
85.10
84.95
84.77
