119.44
119.17
118.95
118.71
118.51
118.13
117.89
117.49
117.22
116.70
116.32
116.09
115.62
115.32
114.85
114.60
114.12
113.88
113.39
113.16
112.78
112.49
112.49
112.34
112.20
112.05
111.83
111.63
111.43
111.17
110.97
110.83
110.64
110.41
110.27
109.94
109.71
109.46
109.21
108.98
108.81
108.61
108.33
108.13
107.90
107.65
107.45
107.37
107.23
107.06
106.93
106.68
106.42
106.20
105.98
105.86
105.60
105.43
105.18
104.97
104.71
104.53
104.26
104.09
103.89
103.66
103.45
103.18
103.01
102.87
102.65
102.44
102.22
101.91
101.69
101.60
101.49
101.21
101.07
100.92
100.82
100.70
100.54
100.39
100.26
100.12
100.00
99.83
99.70
99.56
99.42
99.28
99.09
98.94
98.83
98.68
98.48
98.20
97.96
97.77
97.68
97.44
97.26
96.94
96.79
96.59
96.39
96.18
96.07
95.88
95.66
95.48
95.26
95.08
94.91
94.73
94.63
94.37
94.22
94.06
93.92
93.64
93.43
93.26
93.12
92.93
92.75
92.50
92.28
92.06
91.90
91.72
91.51
91.37
91.14
90.96
90.75
90.56
90.46
90.33
90.16
89.99
89.83
89.72
89.62
89.39
89.29
89.12
88.99
88.87
88.74
88.60
88.47
88.33
88.11
87.98
87.89
87.71
87.60
87.45
87.30
87.11
86.97
86.83
86.70
86.58
86.47
86.33
86.21
86.10
86.01
