119.73
119.51
119.26
119.06
118.83
118.46
118.12
117.80
117.38
116.91
116.91
116.60
116.21
115.85
115.44
115.06
114.71
114.43
114.07
113.78
113.44
113.08
112.79
112.61
112.44
112.29
112.11
111.87
111.63
111.41
111.22
111.09
110.89
110.69
110.58
110.38
110.13
109.91
109.71
109.50
109.33
109.10
108.87
108.65
108.37
108.16
107.95
107.86
107.68
107.48
107.34
107.05
106.81
106.62
106.39
106.25
106.00
105.75
105.42
105.19
104.97
104.80
104.55
104.33
104.14
103.99
103.74
103.54
103.37
103.26
103.04
102.79
102.58
102.32
102.10
101.97
101.82
101.61
101.50
101.38
101.22
101.10
100.98
100.85
100.75
100.61
100.46
100.29
100.18
100.04
99.88
99.77
99.63
99.45
99.34
99.19
99.00
98.75
98.55
98.36
98.24
98.03
97.89
97.56
97.35
97.13
96.92
96.74
96.62
96.39
96.20
96.00
95.74
95.57
95.42
95.27
95.08
94.81
94.66
94.37
94.27
93.94
93.72
93.62
93.51
93.33
93.14
92.88
92.60
92.36
92.19
92.01
91.78
91.66
91.37
91.16
90.93
90.71
90.60
90.50
90.35
90.19
90.06
89.92
89.80
89.64
89.53
89.35
89.26
89.15
89.05
88.92
88.79
88.64
88.47
88.35
88.22
88.08
87.95
87.77
87.64
87.54
87.40
87.29
87.17
86.99
86.85
86.67
86.55
86.40
86.23
