121.29
121.07
120.82
120.62
120.40
120.16
119.85
119.51
119.15
118.76
118.40
117.95
117.57
117.15
116.92
116.44
116.18
115.85
115.50
115.18
114.85
114.51
114.18
113.91
113.67
113.38
113.09
112.79
112.46
112.15
111.94
111.67
111.36
111.14
110.80
110.50
110.18
109.80
109.47
109.20
108.75
108.33
108.00
107.62
107.23
106.96
106.75
106.50
106.18
105.95
105.56
105.29
104.99
104.61
104.41
104.03
103.75
103.37
102.93
102.54
102.15
101.77
101.37
101.16
100.83
100.49
100.17
99.90
99.68
99.35
98.95
98.67
98.35
98.05
97.84
97.62
97.33
97.12
96.89
96.66
96.45
96.19
96.02
95.81
95.60
95.31
95.04
94.83
94.62
94.38
94.15
93.88
93.59
93.39
93.19
92.88
92.57
92.28
91.99
91.74
91.45
91.21
90.78
90.52
90.21
89.86
89.58
89.35
89.03
88.76
88.44
88.07
87.81
87.59
87.31
87.07
86.76
86.51
86.09
85.86
85.53
85.20
85.01
84.69
84.38
84.12
83.85
83.54
83.54
83.40
83.21
83.00
82.78
82.62
82.40
82.18
81.98
81.77
81.66
81.57
81.43
81.23
81.08
80.94
80.84
80.65
80.51
80.35
80.25
80.13
80.03
79.88
79.77
79.61
79.45
79.33
79.17
78.98
78.81
78.60
78.49
78.36
78.23
78.13
77.97
77.85
77.72
77.47
77.36
77.20
77.09
