120.74
120.44
120.22
120.01
119.76
119.40
119.13
118.82
118.53
118.10
117.61
117.13
116.71
116.23
115.79
115.36
115.13
114.64
114.39
114.09
113.72
113.38
113.08
112.83
112.57
112.25
111.95
111.64
111.29
110.95
110.76
110.48
110.18
109.96
109.63
109.30
108.94
108.59
108.25
107.95
107.63
107.32
107.06
106.72
106.37
106.07
105.86
105.63
105.29
105.05
104.57
104.21
103.83
103.61
103.22
102.99
102.77
102.48
102.14
101.80
101.52
101.22
100.92
100.63
100.33
100.03
99.73
99.48
99.24
98.93
98.55
98.25
97.86
97.58
97.37
97.10
96.80
96.55
96.27
96.07
95.84
95.60
95.36
95.17
94.90
94.61
94.29
94.10
93.85
93.61
93.40
93.17
92.93
92.73
92.47
92.17
91.84
91.63
91.34
91.13
90.83
90.59
90.25
90.01
89.72
89.39
89.10
88.88
88.57
88.29
87.94
87.61
87.35
87.10
86.85
86.62
86.34
86.13
85.76
85.51
85.15
84.84
84.61
84.32
84.32
84.22
83.82
83.52
83.22
82.93
82.82
82.30
82.22
82.08
81.85
81.64
81.43
81.23
81.10
80.96
80.81
80.62
80.49
80.35
80.23
80.06
79.90
79.70
79.57
79.46
79.37
79.25
79.15
79.00
78.78
78.63
78.48
78.37
78.19
78.05
77.91
77.77
77.62
77.49
77.34
77.21
77.09
76.84
76.73
76.59
76.46
