122.05
121.83
121.60
121.40
121.18
120.95
120.67
120.22
119.87
119.49
119.12
118.76
118.27
117.95
117.66
117.39
117.02
116.70
116.36
116.08
115.70
115.38
115.10
114.88
114.57
114.26
114.01
113.68
113.34
113.04
112.80
112.52
112.24
112.03
111.70
111.33
110.94
110.58
110.26
110.00
109.66
109.38
109.05
108.74
108.38
108.05
107.82
107.58
107.29
107.06
106.68
106.43
106.12
105.73
105.53
105.20
104.89
104.56
104.27
103.96
103.69
103.33
103.04
102.76
102.41
102.10
101.80
101.54
101.32
101.05
100.69
100.40
100.06
99.77
99.57
99.34
99.08
98.82
98.59
98.40
98.19
97.95
97.71
97.49
97.24
96.97
96.72
96.48
96.26
96.03
95.76
95.50
95.21
94.99
94.79
94.46
94.13
93.83
93.51
93.27
92.93
92.53
92.24
91.82
91.44
91.22
90.93
90.49
90.13
89.77
89.43
89.22
88.97
88.75
88.75
88.62
88.52
88.26
88.13
87.84
87.65
87.39
87.19
87.06
86.83
86.62
86.46
86.27
86.04
85.88
85.71
85.50
85.33
85.21
84.95
84.77
84.58
84.38
84.28
84.14
83.96
83.83
83.64
83.54
83.42
83.22
83.10
82.92
82.78
82.67
82.50
82.37
82.25
82.08
81.88
81.74
81.60
81.41
81.18
80.98
80.81
80.69
80.52
80.37
80.19
80.02
79.90
79.72
79.58
79.41
79.29
