121.94
121.73
121.52
121.29
121.05
120.78
120.53
120.18
119.75
119.42
118.97
118.50
118.18
117.76
117.43
117.08
116.66
116.30
115.93
115.48
115.09
114.68
114.44
114.23
113.97
113.64
113.34
113.03
112.68
112.38
112.15
111.86
111.57
111.38
111.02
110.72
110.44
110.05
109.73
109.44
109.10
108.75
108.46
108.13
107.76
107.47
107.24
107.00
106.72
106.45
106.09
105.73
105.43
105.03
104.81
104.55
104.17
103.86
103.65
103.34
103.06
102.69
102.38
102.07
101.77
101.40
101.10
100.77
100.52
100.21
99.91
99.55
99.25
98.94
98.75
98.49
98.24
97.98
97.73
97.53
97.31
97.05
96.83
96.64
96.37
96.17
95.87
95.65
95.41
95.12
94.89
94.66
94.40
94.19
93.96
93.66
93.26
92.95
92.68
92.40
92.11
91.90
91.45
91.21
90.90
90.58
90.27
90.05
89.72
89.44
89.15
88.80
88.53
88.27
87.98
87.77
87.46
87.24
86.96
86.75
86.44
86.12
85.89
85.89
85.79
85.60
85.43
85.23
84.81
84.50
84.11
83.82
83.69
83.38
83.24
82.87
82.54
82.43
82.31
82.18
82.01
81.85
81.69
81.57
81.46
81.29
81.16
81.01
80.83
80.74
80.63
80.50
80.39
80.24
80.09
79.96
79.83
79.68
79.51
79.37
79.27
79.15
79.01
78.86
78.69
78.53
78.40
78.19
78.07
77.94
77.75
