85.12
84.89
84.69
84.49
84.28
84.07
83.86
83.69
83.48
83.26
83.08
82.88
82.67
82.45
82.25
82.02
81.83
81.64
81.45
81.26
81.05
80.85
80.65
80.43
80.23
79.98
79.79
79.58
79.38
79.16
78.95
78.73
78.54
78.30
78.09
77.88
77.67
77.48
77.26
77.04
76.77
76.56
76.35
76.14
75.94
75.69
75.48
75.24
75.00
74.81
74.61
74.41
74.19
73.98
73.78
73.59
73.37
73.17
72.93
72.71
72.50
72.31
72.12
71.91
71.71
71.48
71.29
71.06
70.83
70.61
70.39
70.16
69.96
69.77
69.58
69.37
69.13
68.91
68.68
68.44
68.23
68.04
67.82
67.64
67.40
67.22
67.00
66.78
66.55
66.36
66.17
65.95
65.73
65.53
65.29
65.09
64.88
64.68
64.46
64.26
63.93
63.68
63.48
63.27
63.08
62.88
62.68
62.48
62.24
62.03
61.82
61.60
61.39
61.19
60.92
60.71
60.48
60.25
60.05
59.85
59.63
59.41
59.21
58.90
58.90
58.79
58.70
58.59
58.45
58.34
58.24
58.12
58.02
57.88
57.78
57.67
57.55
57.30
57.20
57.12
57.00
56.89
56.77
56.67
56.55
56.44
56.33
56.24
56.10
