98.12
97.91
97.70
97.50
97.31
97.08
96.88
96.65
96.46
96.25
96.05
95.85
95.64
95.44
95.22
95.04
94.84
94.64
94.44
94.24
94.04
93.84
93.62
93.41
93.22
92.99
92.79
92.57
92.35
92.14
91.97
91.75
91.57
91.38
91.16
90.97
90.78
90.55
90.34
90.04
89.84
89.62
89.42
89.21
89.00
88.75
88.52
88.27
88.08
87.85
87.66
87.45
87.22
87.01
86.83
86.60
86.40
86.18
85.93
85.72
85.50
85.28
85.08
84.89
84.69
84.50
84.27
84.06
83.84
83.65
83.45
83.23
83.02
82.80
82.60
82.39
82.18
81.95
81.72
81.49
81.29
81.07
80.84
80.62
80.40
80.22
80.01
79.80
79.57
79.37
79.18
78.98
78.75
78.53
78.31
78.11
77.91
77.71
77.50
77.29
76.96
76.73
76.51
76.30
76.07
75.86
75.65
75.43
75.19
74.96
74.77
74.56
74.37
74.16
73.94
73.73
73.51
73.27
73.06
72.85
72.64
72.44
72.22
71.92
71.58
71.37
71.15
70.91
70.68
70.45
70.26
70.04
69.85
69.65
69.44
69.22
69.22
69.13
69.01
68.90
68.78
68.65
68.54
68.44
68.33
68.23
68.12
68.02
67.93
67.82
