66.33
66.10
65.90
65.71
65.51
65.27
65.06
64.84
64.61
64.42
64.20
63.99
63.76
63.57
63.35
63.16
62.97
62.74
62.55
62.35
62.12
61.91
61.70
61.48
61.28
61.09
60.87
60.69
60.48
60.28
60.09
59.86
59.64
59.44
59.21
59.01
58.81
58.58
58.37
58.17
57.88
57.66
57.44
57.23
57.03
56.77
56.59
56.37
56.12
55.93
55.70
55.52
55.28
55.08
54.86
54.65
54.46
54.27
54.04
53.82
53.61
53.41
53.21
53.00
52.78
52.56
52.33
52.07
51.87
51.67
51.47
51.26
51.04
50.83
50.64
50.42
50.21
49.98
49.75
49.54
49.30
49.11
48.92
48.72
48.50
48.28
48.06
47.85
47.61
47.40
47.22
47.03
46.79
46.59
46.36
46.15
45.95
45.75
45.56
45.33
45.33
45.22
45.10
44.97
44.88
44.77
44.69
44.58
44.48
44.36
44.25
44.14
44.03
43.91
43.82
43.68
43.58
43.46
43.31
43.22
43.13
43.03
42.93
42.80
42.59
42.39
42.27
42.18
42.06
41.95
41.82
41.70
41.59
41.46
41.34
41.24
41.14
40.94
40.83
40.72
40.60
40.44
40.34
40.24
40.16
40.02
39.94
39.84
39.72
39.62
