88.22
88.02
87.81
87.63
87.44
87.21
87.00
86.77
86.57
86.37
86.17
85.97
85.76
85.53
85.30
85.10
84.90
84.68
84.47
84.23
84.03
83.81
83.60
83.39
83.17
82.97
82.77
82.59
82.39
82.16
81.93
81.74
81.56
81.35
81.14
80.95
80.74
80.52
80.33
80.12
79.83
79.61
79.37
79.17
78.97
78.75
78.56
78.33
78.10
77.90
77.69
77.47
77.23
77.01
76.82
76.60
76.37
76.18
75.95
75.72
75.53
75.33
75.14
74.91
74.71
74.51
74.26
74.07
73.85
73.65
73.45
73.23
73.00
72.79
72.58
72.38
72.17
71.93
71.70
71.49
71.29
71.06
70.89
70.69
70.45
70.25
70.01
69.80
69.59
69.39
69.18
68.97
68.74
68.55
68.33
68.14
67.95
67.75
67.54
67.33
67.02
66.81
66.60
66.38
66.19
65.99
65.77
65.56
65.33
65.12
64.94
64.73
64.53
64.31
64.07
63.86
63.65
63.42
63.22
63.00
62.81
62.60
62.40
62.40
62.27
62.09
61.99
61.87
61.77
61.67
61.56
61.45
61.35
61.23
61.11
61.01
60.90
60.72
60.60
60.49
60.36
60.22
60.11
60.01
59.89
59.78
59.66
59.55
59.43
59.34
