1	85.12	98.12	88.22	66.33	70.32
2	84.89	97.91	88.02	66.10	70.11
3	84.69	97.70	87.81	65.90	69.91
4	84.49	97.50	87.63	65.71	69.72
5	84.28	97.31	87.44	65.51	69.45
6	84.07	97.08	87.21	65.27	69.28
7	83.86	96.88	87.00	65.06	69.07
8	83.69	96.65	86.77	64.84	68.88
9	83.48	96.46	86.57	64.61	68.68
10	83.26	96.25	86.37	64.42	68.48
11	83.08	96.05	86.17	64.20	68.26
12	82.88	95.85	85.97	63.99	68.06
13	82.67	95.64	85.76	63.76	67.85
14	82.45	95.44	85.53	63.57	67.64
15	82.25	95.22	85.30	63.35	67.44
16	82.02	95.04	85.10	63.16	67.24
17	81.83	94.84	84.90	62.97	67.04
18	81.64	94.64	84.68	62.74	66.83
19	81.45	94.44	84.47	62.55	66.62
20	81.26	94.24	84.23	62.35	66.41
21	81.05	94.04	84.03	62.12	66.22
22	80.85	93.84	83.81	61.91	66.01
23	80.65	93.62	83.60	61.70	65.81
24	80.43	93.41	83.39	61.48	65.60
25	80.23	93.22	83.17	61.28	65.38
26	79.98	92.99	82.97	61.09	65.16
27	79.79	92.79	82.77	60.87	64.96
28	79.58	92.57	82.59	60.69	64.74
29	79.38	92.35	82.39	60.48	64.55
30	79.16	92.14	82.16	60.28	64.34
31	78.95	91.97	81.93	60.09	64.15
32	78.73	91.75	81.74	59.86	63.94
33	78.54	91.57	81.56	59.64	63.72
34	78.30	91.38	81.35	59.44	63.54
35	78.09	91.16	81.14	59.21	63.34
36	77.88	90.97	80.95	59.01	63.13
37	77.67	90.78	80.74	58.81	62.95
38	77.48	90.55	80.52	58.58	62.72
39	77.26	90.34	80.33	58.37	62.53
40	77.04	90.04	80.12	58.17	62.32
41	76.77	89.84	79.83	57.88	62.06
42	76.56	89.62	79.61	57.66	61.86
43	76.35	89.42	79.37	57.44	61.66
44	76.14	89.21	79.17	57.23	61.44
45	75.94	89.00	78.97	57.03	61.19
46	75.69	88.75	78.75	56.77	60.97
47	75.48	88.52	78.56	56.59	60.77
48	75.24	88.27	78.33	56.37	60.55
49	75.00	88.08	78.10	56.12	60.32
50	74.81	87.85	77.90	55.93	60.09
51	74.61	87.66	77.69	55.70	59.88
52	74.41	87.45	77.47	55.52	59.63
53	74.19	87.22	77.23	55.28	59.43
54	73.98	87.01	77.01	55.08	59.25
55	73.78	86.83	76.82	54.86	59.05
56	73.59	86.60	76.60	54.65	58.84
57	73.37	86.40	76.37	54.46	58.63
58	73.17	86.18	76.18	54.27	58.41
59	72.93	85.93	75.95	54.04	58.14
60	72.71	85.72	75.72	53.82	57.92
61	72.50	85.50	75.53	53.61	57.74
62	72.31	85.28	75.33	53.41	57.53
63	72.12	85.08	75.14	53.21	57.31
64	71.91	84.89	74.91	53.00	57.11
65	71.71	84.69	74.71	52.78	56.91
66	71.48	84.50	74.51	52.56	56.71
67	71.29	84.27	74.26	52.33	56.50
68	71.06	84.06	74.07	52.07	56.31
69	70.83	83.84	73.85	51.87	56.08
70	70.61	83.65	73.65	51.67	55.86
71	70.39	83.45	73.45	51.47	55.65
72	70.16	83.23	73.23	51.26	55.43
73	69.96	83.02	73.00	51.04	55.22
74	69.77	82.80	72.79	50.83	55.00
75	69.58	82.60	72.58	50.64	54.79
76	69.37	82.39	72.38	50.42	54.57
77	69.13	82.18	72.17	50.21	54.35
78	68.91	81.95	71.93	49.98	54.13
79	68.68	81.72	71.70	49.75	53.92
80	68.44	81.49	71.49	49.54	53.69
81	68.23	81.29	71.29	49.30	53.49
82	68.04	81.07	71.06	49.11	53.30
83	67.82	80.84	70.89	48.92	53.07
84	67.64	80.62	70.69	48.72	52.84
85	67.40	80.40	70.45	48.50	52.63
86	67.22	80.22	70.25	48.28	52.44
87	67.00	80.01	70.01	48.06	52.23
88	66.78	79.80	69.80	47.85	51.99
89	66.55	79.57	69.59	47.61	51.77
90	66.36	79.37	69.39	47.40	51.55
91	66.17	79.18	69.18	47.22	51.34
92	65.95	78.98	68.97	47.03	51.12
93	65.73	78.75	68.74	46.79	50.88
94	65.53	78.53	68.55	46.59	50.67
95	65.29	78.31	68.33	46.36	50.46
96	65.09	78.11	68.14	46.15	50.24
97	64.88	77.91	67.95	45.95	50.04
98	64.68	77.71	67.75	45.75	49.85
99	64.46	77.50	67.54	45.56	49.64
100	64.26	77.29	67.33	45.33	49.41
101	63.93	76.96	67.02	45.33	49.41
102	63.68	76.73	66.81	45.22	49.32
103	63.48	76.51	66.60	45.10	49.20
104	63.27	76.30	66.38	44.97	49.08
105	63.08	76.07	66.19	44.88	49.00
106	62.88	75.86	65.99	44.77	48.90
107	62.68	75.65	65.77	44.69	48.82
108	62.48	75.43	65.56	44.58	48.71
109	62.24	75.19	65.33	44.48	48.58
110	62.03	74.96	65.12	44.36	48.45
111	61.82	74.77	64.94	44.25	48.34
112	61.60	74.56	64.73	44.14	48.23
113	61.39	74.37	64.53	44.03	48.10
114	61.19	74.16	64.31	43.91	48.01
115	60.92	73.94	64.07	43.82	47.92
116	60.71	73.73	63.86	43.68	47.81
117	60.48	73.51	63.65	43.58	47.67
118	60.25	73.27	63.42	43.46	47.56
119	60.05	73.06	63.22	43.31	47.44
120	59.85	72.85	63.00	43.22	47.32
121	59.63	72.64	62.81	43.13	47.22
122	59.41	72.44	62.60	43.03	47.14
123	59.21	72.22	62.40	42.93	47.04
125	58.90	71.92	62.40	42.80	46.92
126	58.90	71.58	62.27	42.59	46.69
127	58.79	71.37	62.09	42.39	46.47
128	58.70	71.15	61.99	42.27	46.35
129	58.59	70.91	61.87	42.18	46.21
130	58.45	70.68	61.77	42.06	46.10
131	58.34	70.45	61.67	41.95	45.99
132	58.24	70.26	61.56	41.82	45.87
133	58.12	70.04	61.45	41.70	45.77
134	58.02	69.85	61.35	41.59	45.67
135	57.88	69.65	61.23	41.46	45.57
136	57.78	69.44	61.11	41.34	45.44
137	57.67	69.22	61.01	41.24	45.34
138	57.55	69.22	60.90	41.14	45.24
139	57.30	69.13	60.72	40.94	45.10
140	57.20	69.01	60.60	40.83	44.99
141	57.12	68.90	60.49	40.72	44.87
142	57.00	68.78	60.36	40.60	44.74
143	56.89	68.65	60.22	40.44	44.60
144	56.77	68.54	60.11	40.34	44.51
145	56.67	68.44	60.01	40.24	44.40
146	56.55	68.33	59.89	40.16	44.31
147	56.44	68.23	59.78	40.02	44.21
148	56.33	68.12	59.66	39.94	44.10
149	56.24	68.02	59.55	39.84	44.01
150	56.10	67.93	59.43	39.72	43.90
		67.82	59.34	39.62	43.78
