141.30
141.08
140.88
140.63
140.23
140.03
139.67
139.43
139.12
138.80
138.52
138.23
137.91
137.53
137.28
136.97
136.63
136.35
136.06
135.70
135.41
135.14
134.85
134.64
134.32
133.99
133.68
133.47
133.15
132.80
132.48
132.16
131.85
131.55
131.27
130.97
130.67
130.45
130.19
129.96
129.72
129.43
129.13
128.78
128.48
128.19
127.86
127.58
127.24
126.89
126.63
126.40
126.18
125.98
125.78
125.58
125.26
124.94
124.58
124.32
124.03
123.80
123.59
123.35
123.13
122.92
122.71
122.51
122.29
122.06
121.81
121.57
121.35
121.12
120.92
120.72
120.49
120.27
120.06
119.86
119.64
119.42
119.19
119.00
118.79
118.56
118.36
118.14
117.93
117.73
117.48
117.24
117.04
116.81
116.56
116.34
116.12
115.86
115.55
115.22
114.89
114.68
114.48
114.20
113.94
113.73
113.55
113.55
113.45
113.31
113.18
113.01
112.88
112.76
112.61
112.39
112.28
112.16
112.03
111.92
111.81
111.68
111.49
111.35
111.26
111.14
111.02
110.88
110.75
110.58
110.46
110.36
110.17
110.00
109.90
109.75
109.62
109.52
109.38
109.26
109.11
108.96
108.83
108.70
108.60
108.46
108.37
108.25
108.11
108.03
107.94
107.83
107.70
107.58
107.43
107.33
107.22
107.12
106.97
106.85
106.72
106.60
106.46
106.38
106.26
106.18
106.06
105.96
105.86
