88.01
87.78
87.57
87.32
87.02
86.70
86.42
86.13
85.78
85.49
85.17
84.89
84.56
84.28
83.93
83.60
83.28
82.95
82.69
82.35
82.08
81.77
81.48
81.27
80.94
80.63
80.33
80.12
79.82
79.50
79.22
78.91
78.55
78.28
78.08
77.83
77.52
77.29
77.01
76.74
76.46
76.21
75.91
75.60
75.32
75.01
74.73
74.41
74.08
73.77
73.54
73.30
73.06
72.85
72.64
72.43
72.15
71.82
71.47
71.24
71.00
70.78
70.59
70.36
70.14
69.92
69.73
69.52
69.32
69.09
68.85
68.66
68.44
68.25
68.04
67.83
67.61
67.38
67.15
66.96
66.76
66.54
66.35
66.14
65.91
65.71
65.49
65.23
65.02
64.80
64.53
64.31
64.13
63.92
63.66
63.44
63.27
63.27
63.14
62.95
62.70
62.47
62.37
62.26
62.08
61.92
61.76
61.65
61.53
61.37
61.23
61.07
60.94
60.82
60.64
60.45
60.32
60.22
60.08
59.95
59.84
59.72
59.57
59.45
59.35
59.22
59.11
58.98
58.88
58.71
58.60
58.49
58.33
58.19
58.06
57.94
57.78
57.66
57.53
57.44
57.32
57.21
57.12
56.97
56.84
56.73
56.64
56.54
56.41
56.31
56.20
56.08
55.94
55.85
55.74
55.63
55.54
55.44
55.28
55.17
55.04
54.92
54.80
54.65
54.54
54.43
54.34
54.23
54.13
