90.16
89.93
89.73
89.48
89.16
88.83
88.52
88.20
87.87
87.57
87.25
86.95
86.62
86.35
86.06
85.74
85.43
85.09
84.78
84.47
84.14
83.82
83.51
83.28
82.99
82.63
82.32
82.11
81.81
81.49
81.18
80.90
80.55
80.23
79.97
79.68
79.40
79.17
78.90
78.69
78.43
78.16
77.85
77.57
77.23
76.95
76.64
76.31
75.97
75.62
75.37
75.17
74.94
74.69
74.48
74.29
73.96
73.68
73.35
73.07
72.83
72.60
72.38
72.16
71.97
71.75
71.52
71.28
71.08
70.87
70.59
70.41
70.18
69.96
69.74
69.53
69.32
69.10
68.86
68.65
68.43
68.21
67.99
67.76
67.55
67.32
67.10
66.84
66.65
66.45
66.19
65.95
65.74
65.52
65.30
65.06
64.85
64.58
64.27
63.91
63.61
63.39
63.19
62.90
62.63
62.42
62.22
61.96
61.77
61.54
61.54
61.44
61.33
61.21
61.04
60.84
60.75
60.64
60.52
60.39
60.30
60.19
60.04
59.94
59.86
59.73
59.62
59.51
59.39
59.24
59.14
59.03
58.87
58.69
58.56
58.44
58.34
58.23
58.13
58.00
57.88
57.76
57.65
57.51
57.43
57.32
57.19
57.08
56.96
56.86
56.75
56.63
56.50
56.37
56.20
56.08
55.96
55.86
55.72
55.59
55.48
55.34
55.24
55.14
55.04
54.92
54.81
54.68
54.57
