79.58
79.36
79.15
78.93
78.66
78.37
78.07
77.75
77.44
77.14
76.82
76.49
76.18
75.90
75.54
75.05
74.73
74.49
74.19
73.91
73.57
73.25
72.91
72.70
72.36
72.04
71.73
71.53
71.25
70.95
70.64
70.35
70.00
69.72
69.49
69.19
68.91
68.70
68.42
68.42
68.31
68.17
68.01
67.79
67.59
67.41
67.16
66.95
66.76
66.49
66.24
66.08
65.99
65.88
65.77
65.63
65.52
65.30
65.13
64.90
64.71
64.54
64.38
64.26
64.16
64.05
63.94
63.83
63.74
63.61
63.49
63.32
63.21
63.08
62.97
62.86
62.76
62.66
62.51
62.38
62.27
62.16
62.06
61.95
61.83
61.75
61.62
61.50
61.35
61.26
61.12
60.99
60.90
60.78
60.66
60.53
60.42
60.32
60.12
59.92
59.67
59.46
59.35
59.25
59.06
58.93
58.79
58.68
58.54
58.38
58.24
58.03
57.94
57.83
57.68
57.52
57.40
57.28
57.17
57.03
56.90
56.80
56.63
56.55
56.44
56.30
56.18
56.07
55.96
55.80
55.69
55.59
55.43
55.29
55.17
55.04
54.90
54.77
54.66
54.56
54.45
54.34
54.24
54.11
53.99
53.87
53.78
53.67
53.56
53.44
53.35
53.26
53.14
53.02
52.87
52.76
52.63
52.53
52.39
52.26
52.15
52.03
51.93
51.82
51.70
51.59
51.50
51.37
