111.05
110.87
110.65
110.43
110.10
109.76
109.40
109.14
108.83
108.63
108.29
107.98
107.67
107.35
107.06
106.71
106.40
106.10
105.81
105.49
105.08
104.77
104.55
104.24
104.03
103.68
103.36
103.16
102.73
102.51
102.19
101.88
101.56
101.23
101.00
100.71
100.42
100.21
99.94
99.70
99.43
99.05
98.85
98.53
98.22
97.91
97.63
97.32
96.99
96.67
96.42
96.20
96.03
95.81
95.58
95.38
95.12
94.79
94.46
94.21
93.94
93.74
93.55
93.31
93.08
92.88
92.65
92.44
92.24
92.04
91.77
91.56
91.37
91.16
90.96
90.75
90.54
90.32
90.09
89.87
89.68
89.48
89.26
89.07
88.85
88.65
88.45
88.21
87.99
87.77
87.54
87.30
87.10
86.90
86.69
86.46
86.27
85.95
85.64
85.28
84.97
84.77
84.59
84.35
84.07
83.87
83.67
83.41
83.17
82.93
82.61
82.42
82.18
81.92
81.63
81.43
81.20
80.98
80.76
80.57
80.36
80.07
79.82
79.63
79.40
79.19
78.94
78.71
78.45
78.23
78.02
77.75
77.75
77.63
77.49
77.36
77.21
77.11
76.99
76.88
76.79
76.68
76.57
76.45
76.34
76.24
76.13
76.03
75.88
75.78
75.67
75.52
75.40
75.29
75.12
75.02
74.94
74.83
74.70
74.58
74.44
74.30
74.20
74.06
73.96
73.84
73.74
73.62
73.50
