56.90
56.69
56.48
56.24
55.92
55.51
55.23
54.90
54.59
54.39
54.09
53.78
53.43
53.13
52.78
52.49
52.21
51.87
51.57
51.27
51.27
51.15
50.93
50.73
50.64
50.23
49.90
49.81
49.50
49.42
49.00
48.90
48.68
48.43
48.19
48.06
47.84
47.68
47.54
47.31
47.14
46.99
46.81
46.59
46.40
46.16
45.99
45.80
45.58
45.35
45.15
44.94
44.82
44.70
44.58
44.46
44.36
44.17
43.92
43.67
43.51
43.36
43.22
43.10
42.97
42.87
42.76
42.65
42.51
42.43
42.32
42.11
42.00
41.91
41.79
41.67
41.54
41.42
41.29
41.19
41.08
40.95
40.85
40.75
40.64
40.51
40.40
40.31
40.17
40.06
39.93
39.82
39.73
39.59
39.49
39.35
39.22
39.12
38.91
38.71
38.45
38.23
38.11
38.02
37.81
37.67
37.53
37.42
37.26
37.11
37.00
36.85
36.75
36.61
36.45
36.24
36.13
36.01
35.91
35.77
35.69
35.59
35.43
35.32
35.23
35.10
35.01
34.87
34.76
34.58
34.46
34.35
34.19
34.04
33.91
33.77
33.62
33.52
33.39
33.30
33.19
33.04
32.91
32.77
32.64
32.52
32.41
32.31
32.19
32.07
31.95
31.83
31.68
31.54
31.39
31.27
31.17
31.07
30.98
30.86
30.74
30.59
30.47
30.31
30.21
30.12
30.01
29.90
29.76
