69.02
68.81
68.59
68.34
67.86
67.65
67.22
67.00
66.67
66.34
66.01
65.67
65.37
65.07
64.73
64.41
64.09
63.77
63.50
63.16
62.86
62.55
62.26
62.05
61.73
61.40
61.12
60.92
60.65
60.32
59.99
59.64
59.38
59.11
58.90
58.61
58.32
58.12
57.83
57.54
57.31
57.06
56.77
56.43
56.09
55.82
55.50
55.23
54.92
54.60
54.34
54.14
53.89
53.66
53.45
53.26
52.95
52.66
52.36
52.12
52.12
52.04
51.93
51.82
51.71
51.61
51.50
51.36
51.24
51.11
51.00
50.85
50.76
50.64
50.54
50.43
50.31
50.21
50.04
49.93
49.84
49.70
49.57
49.44
49.32
49.19
49.09
48.97
48.82
48.71
48.60
48.46
48.34
48.25
48.13
48.01
47.90
47.80
47.57
47.40
47.20
46.99
46.88
46.78
46.61
46.45
46.33
46.22
46.03
45.89
45.79
45.61
45.52
45.38
45.22
45.03
44.90
44.78
44.68
44.56
44.48
44.39
44.23
44.12
44.02
43.94
43.86
43.74
43.61
43.42
43.32
43.22
43.05
42.86
42.74
42.58
42.46
42.36
42.24
42.15
42.01
41.87
41.74
41.65
41.52
41.43
41.35
41.26
41.12
41.03
40.92
40.82
40.74
40.59
40.44
40.35
40.22
40.12
39.97
39.82
39.71
39.58
39.43
39.31
39.19
39.08
38.98
38.85
38.74
