85.43
85.21
84.99
84.74
84.40
84.08
83.69
83.31
82.94
82.60
82.21
81.85
81.66
81.35
80.89
80.66
80.36
80.06
79.78
79.42
79.14
78.65
78.45
78.23
77.92
77.51
77.22
77.00
76.73
76.39
76.07
75.76
75.39
75.04
74.82
74.52
74.26
74.03
73.74
73.48
73.23
72.97
72.63
72.32
72.00
71.70
71.43
71.11
70.77
70.48
70.21
70.00
69.77
69.52
69.30
69.07
68.75
68.39
68.02
68.02
67.91
67.74
67.62
67.53
67.40
67.28
67.17
67.04
66.94
66.81
66.68
66.48
66.38
66.24
66.14
66.03
65.93
65.82
65.71
65.60
65.53
65.38
65.26
65.17
65.06
64.93
64.80
64.70
64.57
64.47
64.38
64.18
64.04
63.93
63.82
63.70
63.54
63.44
63.25
63.05
62.79
62.57
62.46
62.36
62.16
61.98
61.86
61.76
61.61
61.48
61.35
61.16
61.05
60.92
60.77
60.55
60.43
60.31
60.18
60.05
59.95
59.82
59.67
59.55
59.44
59.32
59.23
59.13
59.00
58.81
58.71
58.58
58.40
58.27
58.15
58.04
57.91
57.80
57.68
57.59
57.48
57.33
57.19
57.10
56.95
56.83
56.73
56.61
56.47
56.37
56.27
56.19
56.08
55.98
55.80
55.70
55.60
55.47
55.30
55.19
55.03
54.88
54.77
54.67
54.54
54.46
54.36
54.25
54.13
