113.18
112.97
112.75
112.51
112.16
111.85
111.55
111.26
110.92
110.46
110.11
109.74
109.52
109.19
108.72
108.44
108.17
107.82
107.51
107.20
106.84
106.62
106.32
106.10
105.81
105.41
105.10
104.89
104.57
104.25
103.97
103.64
103.35
103.07
102.81
102.51
102.22
101.99
101.68
101.43
101.18
100.77
100.53
100.23
99.90
99.61
99.30
98.98
98.63
98.28
98.04
97.82
97.62
97.41
97.21
96.99
96.69
96.35
96.00
95.75
95.46
95.21
95.00
94.77
94.57
94.33
94.12
93.89
93.69
93.47
93.17
92.96
92.74
92.50
92.28
92.09
91.86
91.65
91.46
91.26
91.03
90.82
90.64
90.45
90.22
90.00
89.79
89.50
89.32
89.11
88.86
88.66
88.42
88.20
87.98
87.78
87.57
87.29
86.96
86.66
86.34
86.14
85.94
85.66
85.38
85.19
84.98
84.70
84.46
84.21
83.93
83.71
83.49
83.22
82.95
82.74
82.52
82.28
82.02
81.83
81.63
81.36
81.14
80.92
80.72
80.52
80.30
80.10
79.82
79.61
79.40
79.40
79.28
79.16
79.06
78.91
78.79
78.66
78.53
78.42
78.29
78.15
78.03
77.90
77.76
77.64
77.52
77.40
77.28
77.17
77.08
76.96
76.84
76.72
76.58
76.46
76.35
76.23
76.10
75.98
75.85
75.70
75.57
75.39
75.28
75.16
75.06
74.96
