142.84
142.63
142.42
142.09
141.80
141.60
141.29
140.99
140.63
140.30
139.98
139.65
139.31
139.01
138.66
138.31
138.02
137.72
137.43
137.09
136.79
136.46
136.14
135.94
135.62
135.23
134.94
134.72
134.45
134.15
133.84
133.52
133.20
132.86
132.61
132.35
132.06
131.82
131.51
131.26
130.98
130.71
130.28
129.99
129.67
129.35
129.08
128.73
128.43
128.23
127.93
127.70
127.47
127.24
127.00
126.75
126.45
126.13
125.80
125.50
125.24
125.04
124.84
124.64
124.42
124.19
123.98
123.74
123.52
123.33
123.06
122.84
122.61
122.40
122.18
121.97
121.77
121.55
121.35
121.17
120.94
120.70
120.50
120.29
120.07
119.84
119.60
119.37
119.17
118.97
118.70
118.45
118.23
118.03
117.83
117.60
117.23
116.89
116.51
116.09
115.89
115.66
115.45
115.20
114.97
114.74
114.53
114.24
114.00
113.79
113.47
113.26
113.03
112.75
112.75
112.66
112.53
112.43
112.29
112.17
112.08
111.96
111.78
111.65
111.54
111.45
111.35
111.24
111.15
110.95
110.84
110.73
110.58
110.42
110.31
110.13
109.99
109.90
109.76
109.64
109.53
109.41
109.29
109.15
109.01
108.90
108.80
108.70
108.57
108.48
108.36
108.23
108.14
108.04
107.87
107.74
107.61
107.49
107.34
107.18
107.05
106.91
106.78
106.62
106.50
106.42
106.30
106.17
106.04
