57.21
57.00
56.78
56.51
56.20
55.74
55.39
55.05
54.67
54.44
54.09
53.77
53.49
53.21
52.84
52.53
52.28
51.96
51.66
51.30
51.05
50.75
50.43
50.22
49.88
49.58
49.29
49.09
48.61
48.24
47.84
47.49
47.09
46.89
46.55
46.17
45.98
45.63
45.45
45.17
45.17
45.08
44.98
44.78
44.57
44.33
44.13
43.96
43.74
43.51
43.30
43.12
42.98
42.86
42.76
42.62
42.50
42.29
42.08
41.82
41.66
41.48
41.32
41.22
41.07
40.94
40.81
40.70
40.60
40.46
40.35
40.17
40.06
39.93
39.82
39.69
39.59
39.49
39.37
39.25
39.13
39.02
38.92
38.84
38.72
38.60
38.48
38.39
38.23
38.10
37.98
37.82
37.68
37.59
37.46
37.30
37.17
37.05
36.83
36.63
36.44
36.25
36.14
36.05
35.90
35.75
35.64
35.54
35.36
35.24
35.10
34.93
34.82
34.69
34.52
34.37
34.24
34.11
33.96
33.84
33.72
33.63
33.49
33.37
33.29
33.19
33.06
32.93
32.80
32.62
32.50
32.41
32.25
32.07
31.95
31.81
31.66
31.56
31.43
31.33
31.19
31.02
30.91
30.80
30.70
30.57
30.48
30.39
30.24
30.16
30.06
29.94
29.82
29.70
29.56
29.48
29.35
29.20
29.05
28.90
28.78
28.64
28.50
28.35
28.24
28.14
28.01
27.89
27.79
