125.74
125.53
125.32
125.06
124.76
124.42
124.12
123.80
123.47
123.15
122.85
122.53
122.21
121.89
121.54
121.18
120.90
120.70
120.39
120.06
119.75
119.42
119.15
118.97
118.59
118.25
117.96
117.76
117.51
117.21
116.91
116.61
116.29
116.02
115.76
115.45
115.18
114.95
114.68
114.45
114.20
113.91
113.60
113.28
113.00
112.66
112.36
112.05
111.71
111.37
111.14
110.97
110.76
110.53
110.30
110.00
109.71
109.39
109.17
108.92
108.66
108.42
108.23
108.02
107.85
107.63
107.41
107.17
106.98
106.77
106.49
106.26
106.02
105.83
105.63
105.44
105.23
105.03
104.81
104.61
104.40
104.17
103.96
103.73
103.54
103.31
103.11
102.87
102.65
102.46
102.19
101.97
101.76
101.56
101.33
101.11
100.82
100.52
100.19
99.88
99.65
99.42
99.22
98.94
98.94
98.81
98.72
98.63
98.47
98.35
98.19
98.01
97.90
97.81
97.64
97.49
97.39
97.27
97.14
97.01
96.89
96.78
96.61
96.49
96.37
96.26
96.15
96.03
95.88
95.69
95.59
95.48
95.34
95.17
95.04
94.90
94.77
94.68
94.57
94.45
94.35
94.23
94.10
93.93
93.78
93.65
93.55
93.45
93.30
93.20
93.08
92.98
92.86
92.73
92.58
92.48
92.39
92.30
92.19
92.07
91.95
91.83
91.70
91.56
91.44
91.34
91.24
91.14
91.04
