91.85
91.63
91.42
91.19
90.90
90.55
90.23
90.01
89.61
89.29
89.01
88.71
88.41
88.13
87.88
87.57
87.16
86.95
86.57
86.33
86.02
85.62
85.43
85.24
84.92
84.60
84.33
84.11
83.83
83.59
83.28
82.95
82.65
82.36
82.11
81.81
81.53
81.30
80.97
80.68
80.42
80.18
79.83
79.50
79.22
78.92
78.60
78.32
77.99
77.73
77.49
77.29
77.08
76.88
76.66
76.44
76.15
75.88
75.59
75.34
75.09
74.87
74.64
74.40
74.19
73.96
73.74
73.54
73.32
73.10
72.82
72.62
72.40
72.18
71.98
71.78
71.55
71.35
71.15
70.96
70.74
70.51
70.31
70.07
69.85
69.61
69.41
69.19
68.98
68.74
68.52
68.29
68.09
67.88
67.68
67.43
67.23
66.96
66.68
66.36
66.07
65.84
65.66
65.37
65.12
64.91
64.73
64.45
64.22
64.02
63.73
63.51
63.31
63.07
62.81
62.59
62.38
62.17
61.95
61.76
61.53
61.53
61.43
61.33
61.23
61.11
61.01
60.87
60.77
60.64
60.55
60.44
60.27
60.11
59.98
59.86
59.71
59.57
59.44
59.32
59.20
59.05
58.93
58.82
58.70
58.58
58.47
58.37
58.26
58.16
58.05
57.93
57.80
57.70
57.55
57.44
57.34
57.21
57.07
56.95
56.83
56.73
56.59
56.44
56.33
56.22
56.11
56.01
55.93
