77.65
77.44
77.24
77.00
76.67
76.35
76.10
75.74
75.43
75.11
74.79
74.51
74.19
73.77
73.53
73.20
72.90
72.57
72.27
71.97
71.66
71.35
71.01
70.81
70.32
69.92
69.71
69.35
69.14
68.67
68.44
68.11
67.83
67.52
67.28
66.97
66.67
66.45
66.16
65.90
65.65
65.39
65.10
64.78
64.43
64.11
63.81
63.50
63.20
62.90
62.61
62.41
62.18
61.95
61.73
61.51
61.17
60.89
60.58
60.37
60.11
59.88
59.66
59.46
59.24
59.02
58.77
58.52
58.30
58.11
58.11
57.99
57.89
57.78
57.67
57.54
57.44
57.31
57.19
57.07
56.95
56.85
56.71
56.62
56.49
56.35
56.25
56.15
56.01
55.93
55.83
55.65
55.53
55.42
55.33
55.21
55.08
54.99
54.76
54.58
54.32
54.10
53.99
53.89
53.72
53.53
53.41
53.32
53.18
53.07
52.96
52.78
52.66
52.59
52.44
52.25
52.13
52.03
51.88
51.74
51.60
51.47
51.31
51.16
51.08
50.95
50.84
50.72
50.60
50.44
50.35
50.24
50.08
49.90
49.77
49.63
49.52
49.38
49.25
49.17
49.05
48.96
48.87
48.72
48.60
48.47
48.37
48.26
48.10
47.99
47.89
47.78
47.66
47.52
47.36
47.25
47.16
47.05
46.93
46.81
46.68
46.54
46.41
46.32
46.23
46.13
46.03
45.92
45.83
