1	26:48.654	142.84	111.05	90.16	57.21	141.30	136.54	77.65	125.74	91.85	88.01	113.18	69.02	79.58	55.64	56.90	58.98	92.31	69.31	85.43	132.53
2	26:48.908	142.63	110.87	89.93	57.00	141.08	136.31	77.44	125.53	91.63	87.78	112.97	68.81	79.36	55.40	56.69	58.77	92.09	69.09	85.21	132.29
3	26:49.189	142.42	110.65	89.73	56.78	140.88	136.10	77.24	125.32	91.42	87.57	112.75	68.59	79.15	55.19	56.48	58.55	91.89	68.85	84.99	132.09
4	26:49.459	142.09	110.43	89.48	56.51	140.63	135.88	77.00	125.06	91.19	87.32	112.51	68.34	78.93	54.97	56.24	58.18	91.64	68.62	84.74	131.86
5	26:49.895	141.80	110.10	89.16	56.20	140.23	135.53	76.67	124.76	90.90	87.02	112.16	67.86	78.66	54.62	55.92	57.85	91.31	68.30	84.40	131.54
6	26:50.300	141.60	109.76	88.83	55.74	140.03	135.20	76.35	124.42	90.55	86.70	111.85	67.65	78.37	54.31	55.51	57.63	91.04	67.98	84.08	131.24
7	26:50.652	141.29	109.40	88.52	55.39	139.67	134.91	76.10	124.12	90.23	86.42	111.55	67.22	78.07	54.00	55.23	57.19	90.75	67.68	83.69	131.00
8	26:51.181	140.99	109.14	88.20	55.05	139.43	134.59	75.74	123.80	90.01	86.13	111.26	67.00	77.75	53.62	54.90	56.82	90.41	67.37	83.31	130.72
9	26:51.640	140.63	108.83	87.87	54.67	139.12	134.27	75.43	123.47	89.61	85.78	110.92	66.67	77.44	53.26	54.59	56.45	90.11	67.06	82.94	130.35
10	26:52.037	140.30	108.63	87.57	54.44	138.80	133.98	75.11	123.15	89.29	85.49	110.46	66.34	77.14	52.93	54.39	56.25	89.78	66.78	82.60	129.97
11	26:52.444	139.98	108.29	87.25	54.09	138.52	133.61	74.79	122.85	89.01	85.17	110.11	66.01	76.82	52.58	54.09	55.93	89.33	66.46	82.21	129.69
12	26:52.827	139.65	107.98	86.95	53.77	138.23	133.31	74.51	122.53	88.71	84.89	109.74	65.67	76.49	52.29	53.78	55.62	88.98	66.17	81.85	129.41
13	26:53.228	139.31	107.67	86.62	53.49	137.91	133.00	74.19	122.21	88.41	84.56	109.52	65.37	76.18	51.94	53.43	55.34	88.63	65.83	81.66	129.21
14	26:53.656	139.01	107.35	86.35	53.21	137.53	132.69	73.77	121.89	88.13	84.28	109.19	65.07	75.90	51.59	53.13	55.05	88.26	65.54	81.35	128.90
15	26:54.044	138.66	107.06	86.06	52.84	137.28	132.42	73.53	121.54	87.88	83.93	108.72	64.73	75.54	51.26	52.78	54.73	87.85	65.05	80.89	128.57
16	26:54.316	138.31	106.71	85.74	52.53	136.97	132.13	73.20	121.18	87.57	83.60	108.44	64.41	75.05	51.04	52.49	54.41	87.50	64.67	80.66	128.16
17	26:54.857	138.02	106.40	85.43	52.28	136.63	131.88	72.90	120.90	87.16	83.28	108.17	64.09	74.73	50.63	52.21	54.14	87.28	64.32	80.36	127.85
18	26:55.129	137.72	106.10	85.09	51.96	136.35	131.58	72.57	120.70	86.95	82.95	107.82	63.77	74.49	50.42	51.87	53.85	86.96	64.11	80.06	127.57
19	26:55.643	137.43	105.81	84.78	51.66	136.06	131.28	72.27	120.39	86.57	82.69	107.51	63.50	74.19	49.96	51.57	53.53	86.65	63.59	79.78	127.28
20	26:55.968	137.09	105.49	84.47	51.30	135.70	130.93	71.97	120.06	86.33	82.35	107.20	63.16	73.91	49.71	51.27	53.08	86.30	63.25	79.42	127.01
21	26:56.341	136.79	105.08	84.14	51.05	135.41	130.63	71.66	119.75	86.02	82.08	106.84	62.86	73.57	49.38	51.27	52.87	85.98	62.85	79.14	126.71
22	26:56.757	136.46	104.77	83.82	50.75	135.14	130.29	71.35	119.42	85.62	81.77	106.62	62.55	73.25	49.07	51.15	52.55	85.69	62.51	78.65	126.48
23	26:57.148	136.14	104.55	83.51	50.43	134.85	129.95	71.01	119.15	85.43	81.48	106.32	62.26	72.91	48.81	50.93	52.26	85.35	62.31	78.45	126.20
24	26:57.387	135.94	104.24	83.28	50.22	134.64	129.75	70.81	118.97	85.24	81.27	106.10	62.05	72.70	48.60	50.73	52.05	85.15	61.93	78.23	125.98
25	26:57.809	135.62	104.03	82.99	49.88	134.32	129.43	70.32	118.59	84.92	80.94	105.81	61.73	72.36	48.25	50.64	51.72	84.81	61.72	77.92	125.68
26	26:58.238	135.23	103.68	82.63	49.58	133.99	129.08	69.92	118.25	84.60	80.63	105.41	61.40	72.04	47.88	50.23	51.40	84.44	61.38	77.51	125.39
27	26:58.632	134.94	103.36	82.32	49.29	133.68	128.80	69.71	117.96	84.33	80.33	105.10	61.12	71.73	47.58	49.90	51.10	84.13	61.07	77.22	125.08
28	26:58.852	134.72	103.16	82.11	49.09	133.47	128.60	69.35	117.76	84.11	80.12	104.89	60.92	71.53	47.37	49.81	50.89	83.93	60.87	77.00	124.87
29	26:59.421	134.45	102.73	81.81	48.61	133.15	128.32	69.14	117.51	83.83	79.82	104.57	60.65	71.25	47.01	49.50	50.56	83.64	60.56	76.73	124.46
30	26:59.789	134.15	102.51	81.49	48.24	132.80	128.01	68.67	117.21	83.59	79.50	104.25	60.32	70.95	46.73	49.42	50.20	83.35	60.24	76.39	124.21
31	27:00.238	133.84	102.19	81.18	47.84	132.48	127.70	68.44	116.91	83.28	79.22	103.97	59.99	70.64	46.38	49.00	49.90	83.02	59.91	76.07	123.88
32	27:00.672	133.52	101.88	80.90	47.49	132.16	127.42	68.11	116.61	82.95	78.91	103.64	59.64	70.35	46.05	48.90	49.57	82.68	59.58	75.76	123.56
33	27:01.068	133.20	101.56	80.55	47.09	131.85	127.14	67.83	116.29	82.65	78.55	103.35	59.38	70.00	45.74	48.68	49.21	82.32	59.28	75.39	123.24
34	27:01.315	132.86	101.23	80.23	46.89	131.55	126.82	67.52	116.02	82.36	78.28	103.07	59.11	69.72	45.50	48.43	48.87	82.04	58.93	75.04	122.95
35	27:01.759	132.61	101.00	79.97	46.55	131.27	126.55	67.28	115.76	82.11	78.08	102.81	58.90	69.49	45.14	48.19	48.68	81.77	58.71	74.82	122.68
36	27:02.101	132.35	100.71	79.68	46.17	130.97	126.30	66.97	115.45	81.81	77.83	102.51	58.61	69.19	44.85	48.06	48.36	81.47	58.44	74.52	122.40
37	27:02.344	132.06	100.42	79.40	45.98	130.67	126.03	66.67	115.18	81.53	77.52	102.22	58.32	68.91	44.62	47.84	48.08	81.22	58.16	74.26	122.11
38	27:02.739	131.82	100.21	79.17	45.63	130.45	125.80	66.45	114.95	81.30	77.29	101.99	58.12	68.70	44.33	47.68	47.86	81.01	57.92	74.03	121.93
39	27:02.980	131.51	99.94	78.90	45.45	130.19	125.51	66.16	114.68	80.97	77.01	101.68	57.83	68.42	44.14	47.54	47.58	80.68	57.63	73.74	121.62
40	27:03.300	131.26	99.70	78.69	45.17	129.96	125.25	65.90	114.45	80.68	76.74	101.43	57.54	68.42	43.88	47.31	47.58	80.39	57.39	73.48	121.37
41	27:03.624	130.98	99.43	78.43	45.17	129.72	125.00	65.65	114.20	80.42	76.46	101.18	57.31	68.31	43.62	47.14	47.50	80.13	57.10	73.23	121.13
42	27:03.938	130.71	99.05	78.16	45.08	129.43	124.72	65.39	113.91	80.18	76.21	100.77	57.06	68.17	43.35	46.99	47.38	79.85	57.10	72.97	120.86
43	27:04.356	130.28	98.85	77.85	44.98	129.13	124.44	65.10	113.60	79.83	75.91	100.53	56.77	68.01	43.01	46.81	47.19	79.38	56.99	72.63	120.55
44	27:04.761	129.99	98.53	77.57	44.78	128.78	124.12	64.78	113.28	79.50	75.60	100.23	56.43	67.79	42.71	46.59	46.96	78.96	56.77	72.32	120.20
45	27:05.172	129.67	98.22	77.23	44.57	128.48	123.83	64.43	113.00	79.22	75.32	99.90	56.09	67.59	42.38	46.40	46.76	78.60	56.55	72.00	119.92
46	27:05.555	129.35	97.91	76.95	44.33	128.19	123.49	64.11	112.66	78.92	75.01	99.61	55.82	67.41	42.10	46.16	46.58	78.24	56.34	71.70	119.60
47	27:05.934	129.08	97.63	76.64	44.13	127.86	123.19	63.81	112.36	78.60	74.73	99.30	55.50	67.16	41.80	45.99	46.32	77.88	56.12	71.43	119.33
48	27:06.332	128.73	97.32	76.31	43.96	127.58	122.92	63.50	112.05	78.32	74.41	98.98	55.23	66.95	41.47	45.80	46.12	77.49	55.90	71.11	119.05
49	27:06.759	128.43	96.99	75.97	43.74	127.24	122.59	63.20	111.71	77.99	74.08	98.63	54.92	66.76	41.13	45.58	45.91	77.10	55.73	70.77	118.70
50	27:07.173	128.23	96.67	75.62	43.51	126.89	122.28	62.90	111.37	77.73	73.77	98.28	54.60	66.49	40.82	45.35	45.68	76.87	55.48	70.48	118.33
52	27:07.273	127.93	96.42	75.37	43.30	126.63	122.01	62.61	111.14	77.49	73.54	98.04	54.34	66.24	40.82	45.15	45.47	76.64	55.25	70.21	118.07
53	27:07.520	127.70	96.20	75.17	43.12	126.40	121.80	62.41	110.97	77.29	73.30	97.82	54.14	66.08	40.70	44.94	45.32	76.40	55.11	70.00	117.88
54	27:07.774	127.47	96.03	74.94	42.98	126.18	121.59	62.18	110.76	77.08	73.06	97.62	53.89	65.99	40.57	44.82	45.24	76.19	55.00	69.77	117.65
55	27:08.027	127.24	95.81	74.69	42.86	125.98	121.32	61.95	110.53	76.88	72.85	97.41	53.66	65.88	40.45	44.70	45.12	75.98	54.87	69.52	117.41
56	27:08.316	127.00	95.58	74.48	42.76	125.78	121.08	61.73	110.30	76.66	72.64	97.21	53.45	65.77	40.34	44.58	44.99	75.73	54.77	69.30	117.20
57	27:08.591	126.75	95.38	74.29	42.62	125.58	120.85	61.51	110.00	76.44	72.43	96.99	53.26	65.63	40.20	44.46	44.85	75.34	54.65	69.07	117.00
58	27:08.833	126.45	95.12	73.96	42.50	125.26	120.53	61.17	109.71	76.15	72.15	96.69	52.95	65.52	40.09	44.36	44.73	74.97	54.53	68.75	116.69
59	27:09.248	126.13	94.79	73.68	42.29	124.94	120.21	60.89	109.39	75.88	71.82	96.35	52.66	65.30	39.87	44.17	44.52	74.53	54.29	68.39	116.35
60	27:09.646	125.80	94.46	73.35	42.08	124.58	119.90	60.58	109.17	75.59	71.47	96.00	52.36	65.13	39.70	43.92	44.28	74.33	54.03	68.02	116.05
61	27:10.092	125.50	94.21	73.07	41.82	124.32	119.61	60.37	108.92	75.34	71.24	95.75	52.12	64.90	39.49	43.67	44.05	74.09	53.78	68.02	115.84
62	27:10.414	125.24	93.94	72.83	41.66	124.03	119.38	60.11	108.66	75.09	71.00	95.46	52.12	64.71	39.36	43.51	43.93	73.83	53.59	67.91	115.59
63	27:10.772	125.04	93.74	72.60	41.48	123.80	119.14	59.88	108.42	74.87	70.78	95.21	52.04	64.54	39.19	43.36	43.77	73.60	53.42	67.74	115.40
64	27:11.031	124.84	93.55	72.38	41.32	123.59	118.95	59.66	108.23	74.64	70.59	95.00	51.93	64.38	39.08	43.22	43.63	73.38	53.29	67.62	115.21
65	27:11.272	124.64	93.31	72.16	41.22	123.35	118.72	59.46	108.02	74.40	70.36	94.77	51.82	64.26	38.96	43.10	43.54	73.16	53.18	67.53	114.97
66	27:11.544	124.42	93.08	71.97	41.07	123.13	118.52	59.24	107.85	74.19	70.14	94.57	51.71	64.16	38.85	42.97	43.42	72.96	53.05	67.40	114.77
67	27:11.790	124.19	92.88	71.75	40.94	122.92	118.33	59.02	107.63	73.96	69.92	94.33	51.61	64.05	38.74	42.87	43.29	72.76	52.93	67.28	114.56
68	27:12.070	123.98	92.65	71.52	40.81	122.71	118.14	58.77	107.41	73.74	69.73	94.12	51.50	63.94	38.63	42.76	43.18	72.53	52.81	67.17	114.35
69	27:12.332	123.74	92.44	71.28	40.70	122.51	117.94	58.52	107.17	73.54	69.52	93.89	51.36	63.83	38.51	42.65	43.07	72.31	52.70	67.04	114.14
70	27:12.579	123.52	92.24	71.08	40.60	122.29	117.71	58.30	106.98	73.32	69.32	93.69	51.24	63.74	38.42	42.51	42.94	72.11	52.57	66.94	113.95
71	27:12.868	123.33	92.04	70.87	40.46	122.06	117.48	58.11	106.77	73.10	69.09	93.47	51.11	63.61	38.27	42.43	42.83	71.87	52.46	66.81	113.74
72	27:13.108	123.06	91.77	70.59	40.35	121.81	117.24	58.11	106.49	72.82	68.85	93.17	51.00	63.49	38.14	42.32	42.73	71.58	52.34	66.68	113.44
73	27:13.446	122.84	91.56	70.41	40.17	121.57	117.05	57.99	106.26	72.62	68.66	92.96	50.85	63.32	37.96	42.11	42.54	71.37	52.18	66.48	113.19
74	27:13.704	122.61	91.37	70.18	40.06	121.35	116.81	57.89	106.02	72.40	68.44	92.74	50.76	63.21	37.85	42.00	42.43	71.17	52.07	66.38	112.97
75	27:13.952	122.40	91.16	69.96	39.93	121.12	116.59	57.78	105.83	72.18	68.25	92.50	50.64	63.08	37.71	41.91	42.33	70.95	51.93	66.24	112.76
76	27:14.208	122.18	90.96	69.74	39.82	120.92	116.36	57.67	105.63	71.98	68.04	92.28	50.54	62.97	37.57	41.79	42.22	70.74	51.83	66.14	112.56
77	27:14.473	121.97	90.75	69.53	39.69	120.72	116.18	57.54	105.44	71.78	67.83	92.09	50.43	62.86	37.46	41.67	42.09	70.54	51.71	66.03	112.36
78	27:14.719	121.77	90.54	69.32	39.59	120.49	115.97	57.44	105.23	71.55	67.61	91.86	50.31	62.76	37.35	41.54	41.99	70.32	51.59	65.93	112.17
79	27:14.974	121.55	90.32	69.10	39.49	120.27	115.76	57.31	105.03	71.35	67.38	91.65	50.21	62.66	37.22	41.42	41.87	70.07	51.49	65.82	111.91
80	27:15.265	121.35	90.09	68.86	39.37	120.06	115.54	57.19	104.81	71.15	67.15	91.46	50.04	62.51	37.10	41.29	41.77	69.85	51.35	65.71	111.70
81	27:15.510	121.17	89.87	68.65	39.25	119.86	115.34	57.07	104.61	70.96	66.96	91.26	49.93	62.38	36.98	41.19	41.66	69.67	51.24	65.60	111.52
82	27:15.748	120.94	89.68	68.43	39.13	119.64	115.10	56.95	104.40	70.74	66.76	91.03	49.84	62.27	36.86	41.08	41.55	69.46	51.13	65.53	111.33
83	27:16.001	120.70	89.48	68.21	39.02	119.42	114.86	56.85	104.17	70.51	66.54	90.82	49.70	62.16	36.76	40.95	41.43	69.26	51.02	65.38	111.14
84	27:16.288	120.50	89.26	67.99	38.92	119.19	114.65	56.71	103.96	70.31	66.35	90.64	49.57	62.06	36.67	40.85	41.33	69.05	50.90	65.26	110.94
85	27:16.516	120.29	89.07	67.76	38.84	119.00	114.44	56.62	103.73	70.07	66.14	90.45	49.44	61.95	36.57	40.75	41.20	68.86	50.79	65.17	110.75
86	27:16.772	120.07	88.85	67.55	38.72	118.79	114.21	56.49	103.54	69.85	65.91	90.22	49.32	61.83	36.45	40.64	41.07	68.63	50.71	65.06	110.54
87	27:17.044	119.84	88.65	67.32	38.60	118.56	113.97	56.35	103.31	69.61	65.71	90.00	49.19	61.75	36.34	40.51	40.93	68.43	50.58	64.93	110.33
88	27:17.315	119.60	88.45	67.10	38.48	118.36	113.78	56.25	103.11	69.41	65.49	89.79	49.09	61.62	36.22	40.40	40.82	68.23	50.45	64.80	110.11
89	27:17.541	119.37	88.21	66.84	38.39	118.14	113.56	56.15	102.87	69.19	65.23	89.50	48.97	61.50	36.14	40.31	40.69	68.00	50.34	64.70	109.88
90	27:17.852	119.17	87.99	66.65	38.23	117.93	113.32	56.01	102.65	68.98	65.02	89.32	48.82	61.35	35.97	40.17	40.53	67.79	50.23	64.57	109.67
91	27:18.104	118.97	87.77	66.45	38.10	117.73	113.11	55.93	102.46	68.74	64.80	89.11	48.71	61.26	35.88	40.06	40.42	67.58	50.13	64.47	109.48
92	27:18.356	118.70	87.54	66.19	37.98	117.48	112.85	55.83	102.19	68.52	64.53	88.86	48.60	61.12	35.76	39.93	40.33	67.32	50.05	64.38	109.25
93	27:18.662	118.45	87.30	65.95	37.82	117.24	112.63	55.65	101.97	68.29	64.31	88.66	48.46	60.99	35.60	39.82	40.17	67.08	49.88	64.18	109.05
94	27:18.948	118.23	87.10	65.74	37.68	117.04	112.40	55.53	101.76	68.09	64.13	88.42	48.34	60.90	35.46	39.73	40.06	66.87	49.79	64.04	108.85
95	27:19.192	118.03	86.90	65.52	37.59	116.81	112.18	55.42	101.56	67.88	63.92	88.20	48.25	60.78	35.35	39.59	39.95	66.65	49.68	63.93	108.63
96	27:19.456	117.83	86.69	65.30	37.46	116.56	111.93	55.33	101.33	67.68	63.66	87.98	48.13	60.66	35.21	39.49	39.85	66.43	49.57	63.82	108.41
97	27:19.736	117.60	86.46	65.06	37.30	116.34	111.72	55.21	101.11	67.43	63.44	87.78	48.01	60.53	35.07	39.35	39.72	66.20	49.46	63.70	108.15
98	27:20.044	117.23	86.27	64.85	37.17	116.12	111.52	55.08	100.82	67.23	63.27	87.57	47.90	60.42	34.94	39.22	39.57	65.97	49.33	63.54	107.92
99	27:20.272	116.89	85.95	64.58	37.05	115.86	111.24	54.99	100.52	66.96	63.27	87.29	47.80	60.32	34.84	39.12	39.45	65.69	49.21	63.44	107.63
100	27:20.664	116.51	85.64	64.27	36.83	115.55	110.93	54.76	100.19	66.68	63.14	86.96	47.57	60.12	34.61	38.91	39.26	65.38	49.01	63.25	107.31
101	27:21.040	116.09	85.28	63.91	36.63	115.22	110.60	54.58	99.88	66.36	62.95	86.66	47.40	59.92	34.39	38.71	39.06	65.02	48.83	63.05	106.98
102	27:21.504	115.89	84.97	63.61	36.44	114.89	110.27	54.32	99.65	66.07	62.70	86.34	47.20	59.67	34.15	38.45	38.84	64.71	48.63	62.79	106.69
103	27:21.900	115.66	84.77	63.39	36.25	114.68	110.07	54.10	99.42	65.84	62.47	86.14	46.99	59.46	33.92	38.23	38.58	64.48	48.41	62.57	106.49
104	27:22.141	115.45	84.59	63.19	36.14	114.48	109.88	53.99	99.22	65.66	62.37	85.94	46.88	59.35	33.80	38.11	38.47	64.28	48.30	62.46	106.28
105	27:22.396	115.20	84.35	62.90	36.05	114.20	109.88	53.89	98.94	65.37	62.26	85.66	46.78	59.25	33.71	38.02	38.39	64.01	48.21	62.36	106.02
106	27:22.753	114.97	84.07	62.63	35.90	113.94	109.76	53.72	98.94	65.12	62.08	85.38	46.61	59.06	33.50	37.81	38.24	63.71	48.01	62.16	105.76
107	27:23.116	114.74	83.87	62.42	35.75	113.73	109.57	53.53	98.81	64.91	61.92	85.19	46.45	58.93	33.32	37.67	38.06	63.47	47.83	61.98	105.53
108	27:23.396	114.53	83.67	62.22	35.64	113.55	109.45	53.41	98.72	64.73	61.76	84.98	46.33	58.79	33.20	37.53	37.91	63.27	47.71	61.86	105.32
109	27:23.636	114.24	83.41	61.96	35.54	113.55	109.33	53.32	98.63	64.45	61.65	84.70	46.22	58.68	33.09	37.42	37.81	63.04	47.59	61.76	105.09
110	27:23.968	114.00	83.17	61.77	35.36	113.45	109.20	53.18	98.47	64.22	61.53	84.46	46.03	58.54	32.94	37.26	37.63	62.80	47.45	61.61	104.84
111	27:24.252	113.79	82.93	61.54	35.24	113.31	109.07	53.07	98.35	64.02	61.37	84.21	45.89	58.38	32.82	37.11	37.50	62.58	47.31	61.48	104.66
112	27:24.507	113.47	82.61	61.54	35.10	113.18	108.93	52.96	98.19	63.73	61.23	83.93	45.79	58.24	32.69	37.00	37.36	62.32	47.17	61.35	104.37
113	27:24.851	113.26	82.42	61.44	34.93	113.01	108.76	52.78	98.01	63.51	61.07	83.71	45.61	58.03	32.52	36.85	37.20	62.07	47.02	61.16	104.16
114	27:25.145	113.03	82.18	61.33	34.82	112.88	108.66	52.66	97.90	63.31	60.94	83.49	45.52	57.94	32.37	36.75	37.11	61.87	46.90	61.05	103.96
115	27:25.372	112.75	81.92	61.21	34.69	112.76	108.56	52.59	97.81	63.07	60.82	83.22	45.38	57.83	32.28	36.61	36.99	61.61	46.78	60.92	103.96
116	27:25.700	112.75	81.63	61.04	34.52	112.61	108.40	52.44	97.64	62.81	60.64	82.95	45.22	57.68	32.13	36.45	36.84	61.31	46.60	60.77	103.86
117	27:26.064	112.66	81.43	60.84	34.37	112.39	108.19	52.25	97.49	62.59	60.45	82.74	45.03	57.52	31.93	36.24	36.67	61.09	46.44	60.55	103.69
118	27:26.322	112.53	81.20	60.75	34.24	112.28	108.09	52.13	97.39	62.38	60.32	82.52	44.90	57.40	31.83	36.13	36.55	60.87	46.29	60.43	103.55
119	27:26.564	112.43	80.98	60.64	34.11	112.16	107.97	52.03	97.27	62.17	60.22	82.28	44.78	57.28	31.73	36.01	36.44	60.65	46.17	60.31	103.44
120	27:26.836	112.29	80.76	60.52	33.96	112.03	107.83	51.88	97.14	61.95	60.08	82.02	44.68	57.17	31.65	35.91	36.35	60.40	46.04	60.18	103.28
121	27:27.101	112.17	80.57	60.39	33.84	111.92	107.71	51.74	97.01	61.76	59.95	81.83	44.56	57.03	31.52	35.77	36.23	60.20	45.93	60.05	103.16
122	27:27.346	112.08	80.36	60.30	33.72	111.81	107.60	51.60	96.89	61.53	59.84	81.63	44.48	56.90	31.40	35.69	36.15	59.99	45.81	59.95	103.04
123	27:27.610	111.96	80.07	60.19	33.63	111.68	107.46	51.47	96.78	61.53	59.72	81.36	44.39	56.80	31.28	35.59	36.05	59.74	45.72	59.82	102.93
124	27:27.926	111.78	79.82	60.04	33.49	111.49	107.31	51.31	96.61	61.43	59.57	81.14	44.23	56.63	31.12	35.43	35.89	59.52	45.60	59.67	102.77
125	27:28.186	111.65	79.63	59.94	33.37	111.35	107.20	51.16	96.49	61.33	59.45	80.92	44.12	56.55	31.04	35.32	35.75	59.31	45.48	59.55	102.65
126	27:28.428	111.54	79.40	59.86	33.29	111.26	107.10	51.08	96.37	61.23	59.35	80.72	44.02	56.44	30.92	35.23	35.65	59.10	45.38	59.44	102.54
127	27:28.704	111.45	79.19	59.73	33.19	111.14	106.98	50.95	96.26	61.11	59.22	80.52	43.94	56.30	30.80	35.10	35.54	58.92	45.29	59.32	102.42
128	27:28.928	111.35	78.94	59.62	33.06	111.02	106.88	50.84	96.15	61.01	59.11	80.30	43.86	56.18	30.69	35.01	35.43	58.73	45.19	59.23	102.29
129	27:29.200	111.24	78.71	59.51	32.93	110.88	106.78	50.72	96.03	60.87	58.98	80.10	43.74	56.07	30.57	34.87	35.32	58.52	45.06	59.13	102.19
130	27:29.467	111.15	78.45	59.39	32.80	110.75	106.65	50.60	95.88	60.77	58.88	79.82	43.61	55.96	30.43	34.76	35.19	58.52	44.98	59.00	102.09
131	27:29.800	110.95	78.23	59.24	32.62	110.58	106.48	50.44	95.69	60.64	58.71	79.61	43.42	55.80	30.25	34.58	35.04	58.42	44.80	58.81	101.89
132	27:30.061	110.84	78.02	59.14	32.50	110.46	106.36	50.35	95.59	60.55	58.60	79.40	43.32	55.69	30.14	34.46	34.93	58.32	44.71	58.71	101.78
133	27:30.293	110.73	77.75	59.03	32.41	110.36	106.26	50.24	95.48	60.44	58.49	79.40	43.22	55.59	30.06	34.35	34.82	58.20	44.60	58.58	101.68
134	27:30.639	110.58	77.75	58.87	32.25	110.17	106.12	50.08	95.34	60.27	58.33	79.28	43.05	55.43	29.90	34.19	34.63	58.06	44.44	58.40	101.51
135	27:30.952	110.42	77.63	58.69	32.07	110.00	105.93	49.90	95.17	60.11	58.19	79.16	42.86	55.29	29.74	34.04	34.52	57.91	44.28	58.27	101.37
136	27:31.232	110.31	77.49	58.56	31.95	109.90	105.81	49.77	95.04	59.98	58.06	79.06	42.74	55.17	29.62	33.91	34.40	57.78	44.15	58.15	101.24
137	27:31.520	110.13	77.36	58.44	31.81	109.75	105.68	49.63	94.90	59.86	57.94	78.91	42.58	55.04	29.48	33.77	34.28	57.64	44.02	58.04	101.14
138	27:31.800	109.99	77.21	58.34	31.66	109.62	105.53	49.52	94.77	59.71	57.78	78.79	42.46	54.90	29.36	33.62	34.18	57.50	43.94	57.91	101.01
139	27:32.060	109.90	77.11	58.23	31.56	109.52	105.43	49.38	94.68	59.57	57.66	78.66	42.36	54.77	29.25	33.52	34.07	57.40	43.82	57.80	100.91
140	27:32.331	109.76	76.99	58.13	31.43	109.38	105.31	49.25	94.57	59.44	57.53	78.53	42.24	54.66	29.13	33.39	33.94	57.27	43.71	57.68	100.79
141	27:32.594	109.64	76.88	58.00	31.33	109.26	105.22	49.17	94.45	59.32	57.44	78.42	42.15	54.56	29.03	33.30	33.83	57.17	43.60	57.59	100.69
142	27:32.855	109.53	76.79	57.88	31.19	109.11	105.08	49.05	94.35	59.20	57.32	78.29	42.01	54.45	28.91	33.19	33.73	57.05	43.46	57.48	100.57
143	27:33.167	109.41	76.68	57.76	31.02	108.96	104.92	48.96	94.23	59.05	57.21	78.15	41.87	54.34	28.77	33.04	33.59	56.93	43.32	57.33	100.46
144	27:33.432	109.29	76.57	57.65	30.91	108.83	104.80	48.87	94.10	58.93	57.12	78.03	41.74	54.24	28.65	32.91	33.48	56.81	43.20	57.19	100.37
145	27:33.707	109.15	76.45	57.51	30.80	108.70	104.67	48.72	93.93	58.82	56.97	77.90	41.65	54.11	28.52	32.77	33.34	56.63	43.07	57.10	100.19
146	27:33.969	109.01	76.34	57.43	30.70	108.60	104.57	48.60	93.78	58.70	56.84	77.76	41.52	53.99	28.41	32.64	33.22	56.54	42.96	56.95	100.10
147	27:34.248	108.90	76.24	57.32	30.57	108.46	104.46	48.47	93.65	58.58	56.73	77.64	41.43	53.87	28.30	32.52	33.07	56.44	42.85	56.83	99.98
148	27:34.487	108.80	76.13	57.19	30.48	108.37	104.37	48.37	93.55	58.47	56.64	77.52	41.35	53.78	28.20	32.41	32.95	56.33	42.74	56.73	99.88
149	27:34.716	108.70	76.03	57.08	30.39	108.25	104.28	48.26	93.45	58.37	56.54	77.40	41.26	53.67	28.09	32.31	32.86	56.24	42.65	56.61	99.76
150	27:34.994	108.57	75.88	56.96	30.24	108.11	104.15	48.10	93.30	58.26	56.41	77.28	41.12	53.56	27.95	32.19	32.71	56.12	42.49	56.47	99.64
151	27:35.238	108.48	75.78	56.86	30.16	108.03	104.04	47.99	93.20	58.16	56.31	77.17	41.03	53.44	27.85	32.07	32.59	56.05	42.40	56.37	99.52
152	27:35.462	108.36	75.67	56.75	30.06	107.94	103.91	47.89	93.08	58.05	56.20	77.08	40.92	53.35	27.75	31.95	32.48	55.93	42.28	56.27	99.42
153	27:35.736	108.23	75.52	56.63	29.94	107.83	103.78	47.78	92.98	57.93	56.08	76.96	40.82	53.26	27.62	31.83	32.36	55.80	42.18	56.19	99.31
154	27:36.004	108.14	75.40	56.50	29.82	107.70	103.64	47.66	92.86	57.80	55.94	76.84	40.74	53.14	27.50	31.68	32.26	55.70	42.07	56.08	99.16
155	27:36.306	108.04	75.29	56.37	29.70	107.58	103.50	47.52	92.73	57.70	55.85	76.72	40.59	53.02	27.38	31.54	32.13	55.58	41.93	55.98	99.02
156	27:36.605	107.87	75.12	56.20	29.56	107.43	103.38	47.36	92.58	57.55	55.74	76.58	40.44	52.87	27.22	31.39	31.99	55.47	41.78	55.80	98.85
157	27:36.864	107.74	75.02	56.08	29.48	107.33	103.27	47.25	92.48	57.44	55.63	76.46	40.35	52.76	27.10	31.27	31.89	55.36	41.66	55.70	98.73
158	27:37.132	107.61	74.94	55.96	29.35	107.22	103.18	47.16	92.39	57.34	55.54	76.35	40.22	52.63	26.96	31.17	31.78	55.27	41.57	55.60	98.61
159	27:37.380	107.49	74.83	55.86	29.20	107.12	103.07	47.05	92.30	57.21	55.44	76.23	40.12	52.53	26.88	31.07	31.69	55.14	41.44	55.47	98.50
160	27:37.709	107.34	74.70	55.72	29.05	106.97	102.93	46.93	92.19	57.07	55.28	76.10	39.97	52.39	26.75	30.98	31.57	54.99	41.28	55.30	98.38
161	27:37.970	107.18	74.58	55.59	28.90	106.85	102.77	46.81	92.07	56.95	55.17	75.98	39.82	52.26	26.66	30.86	31.45	54.87	41.17	55.19	98.28
162	27:38.265	107.05	74.44	55.48	28.78	106.72	102.64	46.68	91.95	56.83	55.04	75.85	39.71	52.15	26.53	30.74	31.35	54.74	41.04	55.03	98.15
163	27:38.559	106.91	74.30	55.34	28.64	106.60	102.49	46.54	91.83	56.73	54.92	75.70	39.58	52.03	26.39	30.59	31.23	54.62	40.89	54.88	98.04
164	27:38.844	106.78	74.20	55.24	28.50	106.46	102.36	46.41	91.70	56.59	54.80	75.57	39.43	51.93	26.26	30.47	31.09	54.46	40.78	54.77	97.89
165	27:39.143	106.62	74.06	55.14	28.35	106.38	102.22	46.32	91.56	56.44	54.65	75.39	39.31	51.82	26.14	30.31	30.98	54.37	40.66	54.67	97.77
166	27:39.404	106.50	73.96	55.04	28.24	106.26	102.13	46.23	91.44	56.33	54.54	75.28	39.19	51.70	26.02	30.21	30.84	54.24	40.54	54.54	97.63
167	27:39.639	106.42	73.84	54.92	28.14	106.18	102.03	46.13	91.34	56.22	54.43	75.16	39.08	51.59	25.91	30.12	30.73	54.16	40.46	54.46	97.52
168	27:39.898	106.30	73.74	54.81	28.01	106.06	101.94	46.03	91.24	56.11	54.34	75.06	38.98	51.50	25.78	30.01	30.61	54.06	40.35	54.36	97.41
169	27:40.126	106.17	73.62	54.68	27.89	105.96	101.81	45.92	91.14	56.01	54.23	74.96	38.85	51.37	25.67	29.90	30.50	53.93	40.24	54.25	97.31
	27:40.384	106.04	73.50	54.57	27.79	105.86	101.69	45.83	91.04	55.93	54.13		38.74		25.57	29.76	30.36	53.79	40.10	54.13	97.19
