1	26:48.654	1	1	1	1	1	1	1	1	1	1	1	1	1	1	1	1	1	1	1	1
2	26:48.908	2	2	2	2	2	2	2	2	2	2	2	2	2	2	2	2	2	2	2	2
3	26:49.189	3	3	3	3	3	3	3	3	3	3	3	3	3	3	3	3	3	3	3	3
4	26:49.459	3	4	4	4	4	4	4	4	4	4	4	4	4	4	4	4	4	4	4	4
5	26:49.895	3	5	5	5	4	5	5	5	5	5	5	5	5	5	5	5	5	5	5	5
6	26:50.300	4	6	6	6	5	6	6	6	6	6	6	6	6	6	5	6	6	6	6	6
7	26:50.652	5	6	7	7	5	7	7	7	6	7	7	7	7	7	5	7	7	7	7	7
8	26:51.181	6	6	8	8	6	8	8	8	7	8	8	8	8	7	5	8	8	8	8	8
9	26:51.640	7	6	9	9	7	9	9	9	7	9	9	9	9	7	5	9	9	9	9	9
10	26:52.037	8	7	10	10	8	10	10	10	7	10	10	10	10	7	6	10	10	10	10	9
11	26:52.444	9	8	11	11	9	10	11	11	7	11	11	11	11	7	7	11	11	11	11	9
12	26:52.827	10	9	12	12	10	10	12	12	7	12	12	12	12	7	8	12	12	12	12	9
13	26:53.228	11	10	13	13	11	10	13	13	7	13	13	13	13	8	9	13	13	13	13	10
14	26:53.656	12	11	14	14	11	10	14	14	7	14	14	14	14	9	10	14	14	14	14	11
15	26:54.044	13	12	15	15	12	10	15	15	8	15	14	15	15	9	11	15	15	15	15	12
16	26:54.316	14	13	16	16	13	10	16	15	9	16	14	16	16	10	12	16	16	16	16	12
17	26:54.857	15	14	17	17	14	11	17	15	9	17	14	17	17	11	13	17	17	17	17	12
18	26:55.129	16	15	18	18	15	12	18	16	10	18	15	18	18	12	14	18	18	18	18	12
19	26:55.643	17	16	19	19	16	13	19	17	10	19	15	19	19	13	15	19	19	19	19	12
20	26:55.968	18	17	20	19	17	14	20	18	11	20	15	20	20	14	16	20	20	20	20	12
21	26:56.341	19	17	21	20	18	15	21	19	12	21	16	21	21	15	16	21	21	21	21	12
22	26:56.757	20	17	22	21	19	16	22	20	12	22	17	22	22	16	16	22	22	22	22	13
23	26:57.148	21	18	23	22	20	17	23	21	13	23	18	23	23	17	16	23	23	23	23	14
24	26:57.387	22	18	24	23	21	18	24	22	14	24	19	24	24	18	16	24	24	24	24	15
25	26:57.809	23	19	25	24	22	19	25	23	15	25	20	25	25	19	16	25	25	25	25	16
26	26:58.238	24	20	26	25	23	20	26	24	16	26	21	26	26	20	16	26	26	26	26	17
27	26:58.632	25	21	27	26	24	21	27	25	17	27	22	27	27	21	16	27	27	27	27	18
28	26:58.852	26	22	28	27	25	22	28	26	18	28	23	28	28	22	16	28	28	28	28	19
29	26:59.421	27	23	29	28	26	23	29	27	19	29	24	29	29	22	16	29	29	29	29	19
30	26:59.789	28	24	30	29	27	24	30	28	20	30	25	30	30	22	16	30	30	30	30	20
31	27:00.238	29	25	31	30	28	25	31	29	21	31	26	31	31	22	16	31	31	31	31	21
32	27:00.672	30	26	32	31	29	26	32	30	22	32	27	32	32	22	16	32	32	32	32	22
33	27:01.068	31	27	33	32	30	27	33	31	23	33	28	33	33	22	16	33	33	33	33	23
34	27:01.315	32	28	34	33	31	28	34	32	24	34	29	34	34	23	16	34	34	34	34	24
35	27:01.759	33	29	35	34	32	29	35	33	25	35	30	35	35	23	16	35	35	35	35	25
36	27:02.101	34	30	36	35	33	30	36	34	26	36	31	36	36	23	16	36	36	36	36	26
37	27:02.344	35	31	37	36	34	31	37	35	27	37	32	37	37	24	16	37	37	37	37	27
38	27:02.739	36	32	38	37	35	32	38	36	28	38	33	38	38	24	16	38	38	38	38	28
39	27:02.980	37	33	39	38	36	33	39	37	29	39	34	39	39	25	16	39	39	39	39	29
40	27:03.300	38	34	40	39	37	34	40	38	30	40	35	40	39	26	16	39	40	40	40	30
41	27:03.624	39	35	41	39	38	35	41	39	31	41	36	41	39	27	16	39	41	41	41	31
42	27:03.938	40	35	42	39	39	36	42	40	32	42	37	42	39	28	16	39	42	41	42	32
43	27:04.356	40	36	43	39	40	37	43	41	33	43	38	43	39	29	16	39	43	41	43	33
44	27:04.761	40	37	44	39	41	38	44	42	34	44	39	44	39	30	16	39	44	41	44	34
45	27:05.172	40	38	45	39	42	39	45	43	35	45	40	45	39	31	16	39	45	41	45	35
46	27:05.555	40	39	46	39	43	40	46	44	36	46	41	46	39	32	16	39	46	41	46	36
47	27:05.934	40	40	47	39	44	41	47	45	37	47	42	47	39	33	16	39	47	41	47	37
48	27:06.332	40	41	48	39	45	42	48	46	38	48	43	48	39	34	16	39	48	41	48	38
49	27:06.759	40	42	49	39	46	43	49	47	39	49	44	49	39	35	16	39	49	41	49	39
50	27:07.173	41	43	50	39	47	44	50	48	40	50	45	50	39	36	16	39	50	41	50	40
52	27:07.273	42	44	51	39	48	45	51	49	41	51	46	51	39	36	16	39	51	41	51	41
53	27:07.520	43	45	52	39	49	46	52	50	42	52	47	52	39	36	16	39	52	41	52	42
54	27:07.774	44	46	53	39	50	47	53	51	43	53	48	53	39	36	16	39	53	41	53	43
55	27:08.027	45	47	54	39	51	48	54	52	44	54	49	54	39	36	16	39	54	41	54	44
56	27:08.316	46	48	55	39	52	49	55	53	45	55	50	55	39	36	16	39	55	41	55	45
57	27:08.591	47	49	56	39	53	50	56	53	46	56	51	56	39	36	16	39	56	41	56	46
58	27:08.833	48	50	57	39	54	51	57	53	47	57	52	57	39	36	16	39	57	41	57	47
59	27:09.248	49	51	58	39	55	52	58	53	48	58	53	58	39	36	16	39	58	41	58	48
60	27:09.646	50	52	59	39	56	53	59	54	49	59	54	59	39	36	16	39	59	41	59	49
61	27:10.092	51	53	60	39	57	54	60	55	50	60	55	60	39	36	16	39	60	41	59	50
62	27:10.414	52	54	61	39	58	55	61	56	51	61	56	60	39	36	16	39	61	41	59	51
63	27:10.772	53	55	62	39	59	56	62	57	52	62	57	60	39	36	16	39	62	41	59	52
64	27:11.031	54	56	63	39	60	57	63	58	53	63	58	60	39	36	16	39	63	41	59	53
65	27:11.272	55	57	64	39	61	58	64	59	54	64	59	60	39	36	16	39	64	41	59	54
66	27:11.544	56	58	65	39	62	59	65	60	55	65	60	60	39	36	16	39	65	41	59	55
67	27:11.790	57	59	66	39	63	60	66	61	56	66	61	60	39	36	16	39	66	41	59	56
68	27:12.070	58	60	67	39	64	61	67	62	57	67	62	60	39	36	16	39	67	41	59	57
69	27:12.332	59	61	68	39	65	62	68	63	58	68	63	60	39	36	16	39	68	41	59	58
70	27:12.579	60	62	69	39	66	63	69	64	59	69	64	60	39	36	16	39	69	41	59	59
71	27:12.868	61	63	70	39	67	64	70	65	60	70	65	60	39	36	16	39	70	41	59	60
72	27:13.108	62	64	71	39	68	65	70	66	61	71	66	60	39	36	16	39	71	41	59	61
73	27:13.446	63	65	72	39	69	66	70	67	62	72	67	60	39	36	16	39	72	41	59	62
74	27:13.704	64	66	73	39	70	67	70	68	63	73	68	60	39	36	16	39	73	41	59	63
75	27:13.952	65	67	74	39	71	68	70	69	64	74	69	60	39	36	16	39	74	41	59	64
76	27:14.208	66	68	75	39	72	69	70	70	65	75	70	60	39	36	16	39	75	41	59	65
77	27:14.473	67	69	76	39	73	70	70	71	66	76	71	60	39	36	16	39	76	41	59	66
78	27:14.719	68	70	77	39	74	71	70	72	67	77	72	60	39	36	16	39	77	41	59	67
79	27:14.974	69	71	78	39	75	72	70	73	68	78	73	60	39	36	16	39	78	41	59	68
80	27:15.265	70	72	79	39	76	73	70	74	69	79	74	60	39	36	16	39	79	41	59	69
81	27:15.510	71	73	80	39	77	74	70	75	70	80	75	60	39	36	16	39	80	41	59	70
82	27:15.748	72	74	81	39	78	75	70	76	71	81	76	60	39	36	16	39	81	41	59	71
83	27:16.001	73	75	82	39	79	76	70	77	72	82	77	60	39	36	16	39	82	41	59	72
84	27:16.288	74	76	83	39	80	77	70	78	73	83	78	60	39	36	16	39	83	41	59	73
85	27:16.516	75	77	84	39	81	78	70	79	74	84	79	60	39	36	16	39	84	41	59	74
86	27:16.772	76	78	85	39	82	79	70	80	75	85	80	60	39	36	16	39	85	41	59	75
87	27:17.044	77	79	86	39	83	80	70	81	76	86	81	60	39	36	16	39	86	41	59	76
88	27:17.315	78	80	87	39	84	81	70	82	77	87	82	60	39	36	16	39	87	41	59	77
89	27:17.541	79	81	88	39	85	82	70	83	78	88	83	60	39	36	16	39	88	41	59	78
90	27:17.852	80	82	89	39	86	83	70	84	79	89	84	60	39	36	16	39	89	41	59	79
91	27:18.104	81	83	90	39	87	84	70	85	80	90	85	60	39	36	16	39	90	41	59	80
92	27:18.356	82	84	91	39	88	85	70	86	81	91	86	60	39	36	16	39	91	41	59	81
93	27:18.662	83	85	92	39	89	86	70	87	82	92	87	60	39	36	16	39	92	41	59	82
94	27:18.948	84	86	93	39	90	87	70	88	83	93	88	60	39	36	16	39	93	41	59	83
95	27:19.192	85	87	94	39	91	88	70	89	84	94	89	60	39	36	16	39	94	41	59	84
96	27:19.456	86	88	95	39	92	89	70	90	85	95	90	60	39	36	16	39	95	41	59	85
97	27:19.736	87	89	96	39	93	90	70	91	86	96	91	60	39	36	16	39	96	41	59	86
98	27:20.044	88	90	97	39	94	91	70	91	87	97	92	60	39	36	16	39	97	41	59	87
99	27:20.272	89	91	98	39	95	92	70	91	88	97	93	60	39	36	16	39	98	41	59	88
100	27:20.664	90	92	99	39	96	93	70	91	89	97	94	60	39	36	16	39	99	41	59	89
101	27:21.040	91	93	100	39	97	94	70	91	90	97	95	60	39	36	16	39	100	41	59	90
102	27:21.504	92	94	101	39	98	95	70	92	91	97	96	60	39	36	16	39	101	41	59	91
103	27:21.900	93	95	102	39	99	96	70	93	92	97	97	60	39	36	16	39	102	41	59	92
104	27:22.141	94	96	103	39	100	97	70	94	93	97	98	60	39	36	16	39	103	41	59	93
105	27:22.396	95	97	104	39	101	97	70	95	94	97	99	60	39	36	16	39	104	41	59	94
106	27:22.753	96	98	105	39	102	97	70	95	95	97	100	60	39	36	16	39	105	41	59	95
107	27:23.116	97	99	106	39	103	97	70	95	96	97	101	60	39	36	16	39	106	41	59	96
108	27:23.396	98	100	107	39	104	97	70	95	97	97	102	60	39	36	16	39	107	41	59	97
109	27:23.636	99	101	108	39	104	97	70	95	98	97	103	60	39	36	16	39	108	41	59	98
110	27:23.968	100	102	109	39	104	97	70	95	99	97	104	60	39	36	16	39	109	41	59	99
111	27:24.252	101	103	110	39	104	97	70	95	100	97	105	60	39	36	16	39	110	41	59	100
112	27:24.507	102	104	110	39	104	97	70	95	101	97	106	60	39	36	16	39	111	41	59	101
113	27:24.851	103	105	110	39	104	97	70	95	102	97	107	60	39	36	16	39	112	41	59	102
114	27:25.145	104	106	110	39	104	97	70	95	103	97	108	60	39	36	16	39	113	41	59	103
115	27:25.372	105	107	110	39	104	97	70	95	104	97	109	60	39	36	16	39	114	41	59	103
116	27:25.700	105	108	110	39	104	97	70	95	105	97	110	60	39	36	16	39	115	41	59	103
117	27:26.064	105	109	110	39	104	97	70	95	106	97	111	60	39	36	16	39	116	41	59	103
118	27:26.322	105	110	110	39	104	97	70	95	107	97	112	60	39	36	16	39	117	41	59	103
119	27:26.564	105	111	110	39	104	97	70	95	108	97	113	60	39	36	16	39	118	41	59	103
120	27:26.836	105	112	110	39	104	97	70	95	109	97	114	60	39	36	16	39	119	41	59	103
121	27:27.101	105	113	110	39	104	97	70	95	110	97	115	60	39	36	16	39	120	41	59	103
122	27:27.346	105	114	110	39	104	97	70	95	111	97	116	60	39	36	16	39	121	41	59	103
123	27:27.610	105	115	110	39	104	97	70	95	111	97	117	60	39	36	16	39	122	41	59	103
124	27:27.926	105	116	110	39	104	97	70	95	111	97	118	60	39	36	16	39	123	41	59	103
125	27:28.186	105	117	110	39	104	97	70	95	111	97	119	60	39	36	16	39	124	41	59	103
126	27:28.428	105	118	110	39	104	97	70	95	111	97	120	60	39	36	16	39	125	41	59	103
127	27:28.704	105	119	110	39	104	97	70	95	111	97	121	60	39	36	16	39	126	41	59	103
128	27:28.928	105	120	110	39	104	97	70	95	111	97	122	60	39	36	16	39	127	41	59	103
129	27:29.200	105	121	110	39	104	97	70	95	111	97	123	60	39	36	16	39	128	41	59	103
130	27:29.467	105	122	110	39	104	97	70	95	111	97	124	60	39	36	16	39	128	41	59	103
131	27:29.800	105	123	110	39	104	97	70	95	111	97	125	60	39	36	16	39	128	41	59	103
132	27:30.061	105	124	110	39	104	97	70	95	111	97	126	60	39	36	16	39	128	41	59	103
133	27:30.293	105	125	110	39	104	97	70	95	111	97	126	60	39	36	16	39	128	41	59	103
134	27:30.639	105	125	110	39	104	97	70	95	111	97	126	60	39	36	16	39	128	41	59	103
135	27:30.952	105	125	110	39	104	97	70	95	111	97	126	60	39	36	16	39	128	41	59	103
136	27:31.232	105	125	110	39	104	97	70	95	111	97	126	60	39	36	16	39	128	41	59	103
137	27:31.520	105	125	110	39	104	97	70	95	111	97	126	60	39	36	16	39	128	41	59	103
138	27:31.800	105	125	110	39	104	97	70	95	111	97	126	60	39	36	16	39	128	41	59	103
139	27:32.060	105	125	110	39	104	97	70	95	111	97	126	60	39	36	16	39	128	41	59	103
140	27:32.331	105	125	110	39	104	97	70	95	111	97	126	60	39	36	16	39	128	41	59	103
141	27:32.594	105	125	110	39	104	97	70	95	111	97	126	60	39	36	16	39	128	41	59	103
142	27:32.855	105	125	110	39	104	97	70	95	111	97	126	60	39	36	16	39	128	41	59	103
143	27:33.167	105	125	110	39	104	97	70	95	111	97	126	60	39	36	16	39	128	41	59	103
144	27:33.432	105	125	110	39	104	97	70	95	111	97	126	60	39	36	16	39	128	41	59	103
145	27:33.707	105	125	110	39	104	97	70	95	111	97	126	60	39	36	16	39	128	41	59	103
146	27:33.969	105	125	110	39	104	97	70	95	111	97	126	60	39	36	16	39	128	41	59	103
147	27:34.248	105	125	110	39	104	97	70	95	111	97	126	60	39	36	16	39	128	41	59	103
148	27:34.487	105	125	110	39	104	97	70	95	111	97	126	60	39	36	16	39	128	41	59	103
149	27:34.716	105	125	110	39	104	97	70	95	111	97	126	60	39	36	16	39	128	41	59	103
150	27:34.994	105	125	110	39	104	97	70	95	111	97	126	60	39	36	16	39	128	41	59	103
151	27:35.238	105	125	110	39	104	97	70	95	111	97	126	60	39	36	16	39	128	41	59	103
152	27:35.462	105	125	110	39	104	97	70	95	111	97	126	60	39	36	16	39	128	41	59	103
153	27:35.736	105	125	110	39	104	97	70	95	111	97	126	60	39	36	16	39	128	41	59	103
154	27:36.004	105	125	110	39	104	97	70	95	111	97	126	60	39	36	16	39	128	41	59	103
155	27:36.306	105	125	110	39	104	97	70	95	111	97	126	60	39	36	16	39	128	41	59	103
156	27:36.605	105	125	110	39	104	97	70	95	111	97	126	60	39	36	16	39	128	41	59	103
157	27:36.864	105	125	110	39	104	97	70	95	111	97	126	60	39	36	16	39	128	41	59	103
158	27:37.132	105	125	110	39	104	97	70	95	111	97	126	60	39	36	16	39	128	41	59	103
159	27:37.380	105	125	110	39	104	97	70	95	111	97	126	60	39	36	16	39	128	41	59	103
160	27:37.709	105	125	110	39	104	97	70	95	111	97	126	60	39	36	16	39	128	41	59	103
161	27:37.970	105	125	110	39	104	97	70	95	111	97	126	60	39	36	16	39	128	41	59	103
162	27:38.265	105	125	110	39	104	97	70	95	111	97	126	60	39	36	16	39	128	41	59	103
163	27:38.559	105	125	110	39	104	97	70	95	111	97	126	60	39	36	16	39	128	41	59	103
164	27:38.844	105	125	110	39	104	97	70	95	111	97	126	60	39	36	16	39	128	41	59	103
165	27:39.143	105	125	110	39	104	97	70	95	111	97	126	60	39	36	16	39	128	41	59	103
166	27:39.404	105	125	110	39	104	97	70	95	111	97	126	60	39	36	16	39	128	41	59	103
167	27:39.639	105	125	110	39	104	97	70	95	111	97	126	60	39	36	16	39	128	41	59	103
168	27:39.898	105	125	110	39	104	97	70	95	111	97	126	60	39	36	16	39	128	41	59	103
169	27:40.126	105	125	110	39	104	97	70	95	111	97		60	39	36	16	39	128	41	59	103
	27:40.384																				
