82.92
82.74
82.54
82.36
82.14
81.91
81.70
81.40
81.13
80.84
80.64
80.31
80.00
79.68
79.33
79.00
78.80
78.59
78.32
78.11
77.90
77.68
77.45
77.19
76.98
76.75
76.55
76.33
76.11
75.91
75.68
75.46
75.26
75.03
74.75
74.55
74.34
74.14
73.87
73.67
73.45
73.23
73.03
72.84
72.63
72.41
72.18
71.98
71.78
71.57
71.32
71.32
71.21
71.11
70.99
70.88
70.77
70.67
70.58
70.47
70.33
70.22
70.12
70.03
69.92
69.76
69.65
69.52
69.40
69.27
69.17
69.06
68.94
68.85
68.75
68.65
68.55
68.47
68.39
68.28
68.18
68.06
67.96
67.86
67.77
67.66
67.55
67.43
67.32
67.22
67.12
66.99
66.90
66.81
66.69
66.57
66.42
66.31
66.17
66.07
65.99
65.89
65.81
65.68
65.54
65.43
65.34
65.15
65.03
64.93
64.84
64.73
64.63
64.49
64.39
64.28
64.17
63.98
63.89
63.78
63.69
63.58
63.48
63.36
63.25
63.16
63.05
62.92
62.81
62.71
62.60
62.51
62.38
62.24
62.11
62.03
61.92
61.80
61.70
