97.15
96.96
96.74
96.54
96.33
96.12
95.92
95.71
95.38
95.08
94.77
94.44
93.90
93.52
93.14
92.92
92.72
92.50
92.20
92.00
91.79
91.59
91.36
91.17
90.96
90.76
90.53
90.31
90.10
89.90
89.67
89.45
89.26
89.05
88.72
88.53
88.33
88.13
87.85
87.64
87.42
87.23
87.01
86.78
86.56
86.37
86.16
85.94
85.73
85.52
85.30
85.00
84.78
84.57
84.34
84.14
83.93
83.69
83.52
83.30
83.11
82.92
82.71
82.51
82.30
82.08
81.85
81.59
81.36
81.14
80.95
80.76
80.56
80.37
80.16
79.95
79.74
79.56
79.34
79.11
78.93
78.72
78.53
78.31
78.10
77.89
77.67
77.47
77.23
77.03
76.81
76.61
76.40
76.17
75.99
75.78
75.56
75.29
75.08
74.87
74.66
74.48
74.26
74.02
73.82
73.61
73.61
73.51
73.42
73.32
73.22
73.11
73.00
72.88
72.77
72.68
72.57
72.38
72.26
72.17
72.07
71.97
71.88
71.77
71.67
71.53
71.40
71.27
71.19
71.09
70.97
70.85
70.73
70.60
70.48
70.35
70.24
70.12
70.00
