76.19
75.97
75.78
75.59
75.40
75.21
75.02
74.82
74.47
74.17
73.86
73.54
73.54
73.11
72.80
72.42
72.32
72.21
72.10
71.93
71.82
71.70
71.60
71.47
71.39
71.28
71.17
71.04
70.91
70.80
70.70
70.55
70.44
70.33
70.24
70.06
69.94
69.85
69.75
69.57
69.46
69.36
69.26
69.15
69.04
68.91
68.79
68.70
68.58
68.48
68.36
68.22
68.07
67.95
67.84
67.72
67.64
67.54
67.44
67.34
67.23
67.11
66.99
66.90
66.79
66.65
66.54
66.43
66.33
66.23
66.10
66.02
65.92
65.78
65.67
65.57
65.47
65.38
65.27
65.16
65.03
64.95
64.85
64.75
64.63
64.52
64.42
64.30
64.20
64.04
63.92
63.80
63.69
63.60
63.46
63.34
63.22
63.11
62.95
62.82
62.72
62.63
62.52
62.41
62.30
62.20
62.08
61.92
61.82
61.72
61.61
61.53
61.43
61.31
61.22
61.11
61.01
60.82
60.71
60.61
60.51
60.39
60.26
60.17
60.08
60.00
59.88
59.75
59.64
59.52
59.39
59.29
59.20
59.11
58.96
58.85
58.75
58.64
58.54
