85.45
85.24
85.03
84.81
84.60
84.41
84.23
84.04
83.73
83.43
83.12
82.83
82.44
82.07
81.88
81.58
81.36
81.15
80.90
80.68
80.46
80.23
80.02
79.80
79.57
79.37
79.11
78.89
78.68
78.47
78.25
78.04
77.85
77.63
77.34
77.14
76.91
76.70
76.42
76.20
75.97
75.74
75.53
75.33
75.14
74.93
74.74
74.54
74.33
74.10
73.88
73.62
73.41
73.20
72.98
72.76
72.57
72.38
72.16
71.94
71.73
71.51
71.28
71.08
70.85
70.65
70.46
70.23
70.01
69.81
69.59
69.38
69.15
68.93
68.72
68.51
68.31
68.13
67.90
67.69
67.51
67.30
67.08
66.85
66.63
66.44
66.22
66.02
65.80
65.61
65.37
65.16
64.99
64.77
64.57
64.36
64.14
63.80
63.62
63.42
63.22
63.02
62.77
62.60
62.41
62.19
61.94
61.74
61.55
61.36
61.15
60.97
60.76
60.56
60.37
60.17
60.17
60.08
59.96
59.83
59.71
59.61
59.51
59.42
59.31
59.20
59.05
58.96
58.84
58.71
58.61
58.51
58.41
58.28
58.15
58.05
57.94
57.82
