83.24
83.04
82.80
82.58
82.36
82.17
81.96
81.73
81.41
81.09
80.77
80.45
80.12
79.81
79.51
79.18
78.98
78.76
78.49
78.27
78.07
77.86
77.66
77.47
77.25
77.04
76.80
76.60
76.39
76.21
75.99
75.79
75.60
75.39
75.12
74.88
74.68
74.46
74.18
73.99
73.80
73.57
73.34
73.16
72.97
72.78
72.58
72.35
72.15
71.95
71.74
71.44
71.22
71.01
70.80
70.59
70.40
70.21
70.01
69.79
69.59
69.40
69.19
69.00
68.80
68.60
68.37
68.19
68.00
67.80
67.60
67.39
67.18
66.96
66.74
66.53
66.31
66.12
65.92
65.69
65.47
65.25
65.04
64.80
64.60
64.39
64.14
63.94
63.68
63.45
63.28
63.06
62.85
62.64
62.42
62.21
61.97
61.97
61.86
61.75
61.64
61.55
61.47
61.33
61.19
61.10
61.01
60.82
60.69
60.59
60.48
60.37
60.26
60.16
60.06
59.96
59.85
59.66
59.56
59.45
59.35
59.23
59.12
59.01
58.91
58.83
58.71
58.58
58.48
58.37
58.27
58.14
58.01
57.89
57.78
57.66
57.57
57.46
57.34
