97.39
97.20
96.99
96.78
96.58
96.37
96.17
95.95
95.63
95.32
95.00
94.70
94.32
93.98
93.65
93.30
93.08
92.86
92.61
92.40
92.18
91.96
91.76
91.53
91.32
91.10
90.90
90.70
90.49
90.30
90.10
89.91
89.70
89.50
89.22
89.02
88.83
88.61
88.34
88.15
87.94
87.75
87.53
87.33
87.14
86.91
86.67
86.43
86.24
86.03
85.82
85.51
85.30
85.10
84.91
84.70
84.50
84.28
84.04
83.86
83.66
83.45
83.26
83.07
82.84
82.65
82.42
82.16
81.91
81.70
81.49
81.29
81.10
80.87
80.65
80.44
80.25
80.03
79.80
79.58
79.39
79.18
78.95
78.73
78.53
78.35
78.10
77.90
77.67
77.45
77.23
77.02
76.81
76.61
76.41
76.19
75.99
75.74
75.54
75.35
75.14
74.93
74.71
74.48
74.28
74.07
74.07
73.96
73.85
73.74
73.64
73.51
73.41
73.30
73.20
73.10
73.00
72.83
72.71
72.60
72.49
72.41
72.28
72.17
72.05
71.91
71.79
71.66
71.57
71.48
71.37
71.28
71.15
71.03
70.91
70.78
70.68
70.55
