82.35
82.13
81.93
81.71
81.50
81.28
81.08
80.87
80.44
80.05
79.69
79.31
78.94
78.59
78.22
77.99
77.76
77.57
77.28
77.06
76.84
76.63
76.40
76.17
75.95
75.71
75.51
75.29
75.08
74.87
74.65
74.42
74.22
74.02
73.76
73.54
73.33
73.12
73.12
73.03
72.92
72.82
72.67
72.58
72.48
72.36
72.24
72.14
72.01
71.90
71.77
71.64
71.48
71.35
71.23
71.12
70.99
70.88
70.77
70.68
70.56
70.47
70.36
70.26
70.15
70.03
69.95
69.82
69.71
69.61
69.50
69.39
69.27
69.17
69.05
68.92
68.83
68.74
68.62
68.50
68.37
68.26
68.17
68.01
67.91
67.79
67.67
67.55
67.45
67.30
67.21
67.08
66.97
66.90
66.76
66.64
66.50
66.40
66.23
66.10
66.00
65.91
65.81
65.71
65.59
65.50
65.40
65.21
65.10
65.00
64.89
64.79
64.68
64.57
64.48
64.39
64.30
64.07
64.00
63.87
63.77
63.66
63.56
63.43
63.33
63.20
63.07
62.93
62.81
62.70
62.59
62.49
62.38
62.25
62.14
62.03
61.95
61.84
61.75
